-1  15  15  15
 0.000000000  2  2  2  C
 0.047318232  2  3  2  C
 0.077068056  2  4  2  C
 0.106274311  2  5  2  C
 0.153792674  2  6  2  C
 0.194925211  2  7  2  C
 0.221558815  2  8  2  C
 0.244971984  2  9  2  C
 0.259762741  2  10  2  C
 0.291734656  2  11  2  C
 0.331281267  2  12  2  C
 0.348331765  2  13  2  C
 0.379081375  2  14  2  C
 0.398712384  2  0  2  C
 0.437894582  2  1  2  C
 0.451065684  2  2  2  C
 0.461642078  2  3  2  C
 0.504500530  2  4  2  C
 0.550220258  2  5  2  C
 0.576688478  2  6  2  C
 0.610031568  2  7  2  C
 0.654228404  2  8  2  C
 0.683347541  2  9  2  C
 0.000000000  9  9  9  J
 0.067535974  9  9  8  J
 0.094621628  9  9  7  J
 0.139280319  9  9  6  J
 0.180244141  9  9  5  J
 0.221524217  9  9  4  J
 0.246473758  9  9  3  J
 0.268678595  9  9  2  J
 0.287875862  9  9  1  J
 0.300543052  9  9  0  J
 0.341128465  9  9  14  J
 0.366004963  9  9  13  J
 0.414357088  9  9  12  J
 0.449218460  9  9  11  J
 0.463088668  9  9  10  J
 0.498099312  9  9  9  J
 0.545453736  9  9  8  J
 0.564473039  9  9  7  J
 0.588680249  9  9  6  J
 0.604731767  9  9  5  J
 0.646199645  9  9  4  J
 0.701455392  9  9  3  J
 0.701455392  9  9  3  j
 0.000000000  13  13  13  N
 0.041192985  13  13  14  N
 0.052691169  13  13  0  N
 0.066771953  13  13  1  N
 0.096697547  13  13  2  N
 0.118888510  13  13  3  N
 0.142656657  13  13  4  N
 0.177331389  13  13  5  N
 0.218991331  13  13  6  N
 0.251695545  13  13  7  N
 0.284567529  13  13  8  N
 0.327055246  13  13  9  N
 0.347450984  13  13  10  N
 0.377831512  13  13  11  N
 0.401256263  13  13  12  N
 0.426769353  13  13  13  N
 0.449068874  13  13  14  N
 0.461634218  13  13  0  N
 0.496198566  13  13  1  N
 0.527330325  13  13  2  N
 0.569130316  13  13  3  N
 0.614740645  13  13  4  N
 0.633699218  13  13  5  N
 0.669273138  13  13  6  N
 0.701835369  13  13  7  N
 0.751081853  13  13  8  N
 0.778231916  13  13  9  N
 0.818132617  13  13  10  N
 0.861787741  13  13  11  N
 0.872626661  13  13  12  N
 0.884456819  13  13  13  N
 0.907226111  13  13  14  N
 0.951344688  13  13  0  N
 0.964483196  13  13  1  N
 0.995643694  13  13  2  N
 0.000000000  3  3  3  D
 0.048036919  3  4  3  D
 0.095453955  3  5  3  D
 0.124636699  3  6  3  D
 0.154530415  3  7  3  D
 0.171200690  3  8  3  D
 0.191925361  3  9  3  D
 0.222553972  3  10  3  D
 0.251834912  3  11  3  D
 0.279396030  3  12  3  D
 0.307525014  3  13  3  D
 0.328559706  3  14  3  D
 0.349505021  3  0  3  D
 0.375698188  3  1  3  D
 0.421651244  3  2  3  D
 0.467644421  3  3  3  D
 0.498449689  3  4  3  D
 0.538001508  3  5  3  D
 0.580447730  3  6  3  D
 0.625771170  3  7  3  D
 0.663443722  3  8  3  D
 0.677984005  3  9  3  D
 0.701385374  3  10  3  D
 0.749681716  3  11  3  D
 0.770890162  3  12  3  D
 0.809900683  3  13  3  D
 0.829989513  3  14  3  D
 0.871708555  3  0  3  D
 0.916695778  3  1  3  D
 0.928645152  3  2  3  D
 0.954547607  3  3  3  D
 0.968626488  3  4  3  D
 0.984631874  3  5  3  D
 1.001092021  3  6  3  D
 1.025817175  3  7  3  D
 1.059090360  3  8  3  D
 1.059090360  3  8  3  d
 0.000000000  4  4  4  E
 0.018752741  4  4  5  E
 0.062183279  4  4  6  E
 0.111933069  4  4  7  E
 0.135145454  4  4  8  E
 0.162693833  4  4  9  E
 0.195990963  4  4  10  E
 0.206613897  4  4  11  E
 0.223977279  4  4  12  E
 0.264339877  4  4  13  E
 0.292679348  4  4  14  E
 0.327925133  4  4  0  E
 0.368329693  4  4  1  E
 0.414768496  4  4  2  E
 0.447614092  4  4  3  E
 0.472393008  4  4  4  E
 0.484013521  4  4  5  E
 0.512234636  4  4  6  E
 0.551636242  4  4  7  E
 0.567666141  4  4  8  E
 0.588707057  4  4  9  E
 0.633677049  4  4  10  E
 0.656114762  4  4  11  E
 0.698686247  4  4  12  E
 0.727515890  4  4  13  E
 0.773037177  4  4  14  E
 0.810446176  4  4  0  E
 0.845192362  4  4  1  E
 0.866921301  4  4  2  E
 0.915448823  4  4  3  E
 0.947433321  4  4  4  E
 0.988446101  4  4  5  E
 1.017270821  4  4  6  E
 1.045980227  4  4  7  E
 1.088256966  4  4  8  E
 1.127836051  4  4  9  E
 1.214015504  4  4  10  E
 1.228618386  4  4  11  E
 1.239686541  4  4  12  E
 1.286704574  4  4  13  E
 1.310602640  4  4  14  E
 0.000000000  6  6  6  G
 0.042744137  6  6  7  G
 0.076732245  6  6  8  G
 0.099605039  6  6  9  G
 0.133389197  6  6  10  G
 0.176863837  6  6  11  G
 0.195417218  6  6  12  G
 0.208694793  6  6  13  G
 0.251179728  6  6  14  G
 0.276706116  6  6  0  G
 0.308017036  6  6  1  G
 0.331615045  6  6  2  G
 0.363953756  6  6  3  G
 0.405097475  6  6  4  G
 0.441280086  6  6  5  G
 0.478974003  6  6  6  G
 0.493643940  6  6  7  G
 0.521151498  6  6  8  G
 0.542260816  6  6  9  G
 0.579434928  6  6  10  G
 0.618505406  6  6  11  G
 0.641163489  6  6  12  G
 0.667590416  6  6  13  G
 0.707816335  6  6  14  G
 0.723615204  6  6  0  G
 0.755695415  6  6  1  G
 0.772808993  6  6  2  G
 0.785429186  6  6  3  G
 0.810388245  6  6  4  G
 0.830916100  6  6  5  G
 0.877702532  6  6  6  G
 0.922623763  6  6  7  G
 0.958201449  6  6  8  G
 1.006629143  6  6  9  G
 1.017537016  6  6  10  G
 1.062400973  6  6  11  G
 1.076887543  6  6  12  G
 1.122838710  6  6  13  G
 1.162730784  6  6  14  G
 1.188371621  6  6  0  G
 1.221316467  6  6  1  G
 1.269270923  6  6  2  G
 1.307974540  6  6  3  G
 1.355268316  6  6  4  G
 1.370029602  6  6  5  G
 1.391931033  6  6  6  G
 1.435436538  6  6  7  G
 1.456797115  6  6  8  G
 1.480740882  6  6  9  G
 1.508340595  6  6  10  G
 1.552259478  6  6  11  G
 1.565953731  6  6  12  G
 0.000000000  12  12  12  M
 0.047208127  12  13  12  M
 0.068732957  12  14  12  M
 0.132296473  12  0  12  M
 0.154706570  12  1  12  M
 0.168287214  12  2  12  M
 0.194030330  12  3  12  M
 0.213245314  12  4  12  M
 0.223889662  12  5  12  M
 0.261719403  12  6  12  M
 0.289548135  12  7  12  M
 0.310568704  12  8  12  M
 0.322630185  12  9  12  M
 0.364672497  12  10  12  M
 0.377483611  12  11  12  M
 0.396663024  12  12  12  M
 0.427618608  12  13  12  M
 0.474312282  12  14  12  M
 0.507496316  12  0  12  M
 0.529270532  12  1  12  M
 0.576682461  12  2  12  M
 0.604808826  12  3  12  M
 0.654668923  12  4  12  M
 0.698649211  12  5  12  M
 0.726779838  12  6  12  M
 0.741875101  12  7  12  M
 0.767658612  12  8  12  M
 0.810372519  12  9  12  M
 0.837284952  12  10  12  M
 0.856796535  12  11  12  M
 0.879410225  12  12  12  M
 0.908620782  12  13  12  M
 0.952181812  12  14  12  M
 0.980844107  12  0  12  M
 1.030740285  12  1  12  M
 1.078882607  12  2  12  M
 1.107250309  12  3  12  M
 1.156137127  12  4  12  M
 1.189542359  12  5  12  M
 1.227653173  12  6  12  M
 1.255375072  12  7  12  M
 1.301107710  12  8  12  M
 1.316621004  12  9  12  M
 1.330501902  12  10  12  M
 1.348618617  12  11  12  M
 1.379051089  12  12  12  M
 1.420384123  12  13  12  M
 1.453024709  12  14  12  M
 1.472698435  12  0  12  M
 1.498243578  12  1  12  M
 1.525712302  12  2  12  M
 1.550160004  12  3  12  M
 1.570554489  12  4  12  M
 1.596459017  12  5  12  M
 1.596459017  12  5  12  m
 0.000000000  8  8  8  I
 0.027950327  8  9  8  I
 0.067436074  8  10  8  I
 0.114142618  8  11  8  I
 0.152775635  8  12  8  I
 0.202164207  8  13  8  I
 0.218756016  8  14  8  I
 0.252184971  8  0  8  I
 0.293892092  8  1  8  I
 0.343694720  8  2  8  I
 0.371638202  8  3  8  I
 0.386090921  8  4  8  I
 0.400778771  8  5  8  I
 0.424234248  8  6  8  I
 0.465717164  8  7  8  I
 0.496216625  8  8  8  I
 0.522272349  8  9  8  I
 0.535004436  8  10  8  I
 0.569782043  8  11  8  I
 0.611636006  8  12  8  I
 0.638099897  8  13  8  I
 0.668537405  8  14  8  I
 0.715566367  8  0  8  I
 0.732194058  8  1  8  I
 0.754496331  8  2  8  I
 0.781691502  8  3  8  I
 0.822341160  8  4  8  I
 0.859136039  8  5  8  I
 0.888444749  8  6  8  I
 0.930721346  8  7  8  I
 0.979382260  8  8  8  I
 1.010416324  8  9  8  I
 1.040215882  8  10  8  I
 1.076082886  8  11  8  I
 1.115770864  8  12  8  I
 1.138413830  8  13  8  I
 1.154714307  8  14  8  I
 1.169488931  8  0  8  I
 1.200346592  8  1  8  I
 1.238694262  8  2  8  I
 1.256744350  8  3  8  I
 1.293409868  8  4  8  I
 1.309549020  8  5  8  I
 1.358498231  8  6  8  I
 1.405761705  8  7  8  I
 1.430278263  8  8  8  I
 1.476712553  8  9  8  I
 1.518125090  8  10  8  I
 1.539387340  8  11  8  I
 1.577868737  8  12  8  I
 1.619533128  8  13  8  I
 1.639165775  8  14  8  I
 1.649973639  8  0  8  I
 1.660374945  8  1  8  I
 1.701269703  8  2  8  I
 1.737632986  8  3  8  I
 1.770011983  8  4  8  I
 0.000000000  5  5  5  F
 0.029105158  5  5  6  F
 0.066873449  5  5  7  F
 0.095451545  5  5  8  F
 0.137465661  5  5  9  F
 0.156616525  5  5  10  F
 0.194697981  5  5  11  F
 0.261762200  5  5  12  F
 0.285502150  5  5  13  F
 0.300002037  5  5  14  F
 0.328973450  5  5  0  F
 0.359036655  5  5  1  F
 0.407132379  5  5  2  F
 0.453138490  5  5  3  F
 0.476881282  5  5  4  F
 0.512101676  5  5  5  F
 0.558753684  5  5  6  F
 0.578977334  5  5  7  F
 0.602897486  5  5  8  F
 0.618019430  5  5  9  F
 0.645149132  5  5  10  F
 0.690271036  5  5  11  F
 0.726810456  5  5  12  F
 0.776382329  5  5  13  F
 0.789937561  5  5  14  F
 0.827814358  5  5  0  F
 0.874725136  5  5  1  F
 0.895426500  5  5  2  F
 0.922378179  5  5  3  F
 0.959354058  5  5  4  F
 0.996475890  5  5  5  F
 1.020381768  5  5  6  F
 1.049497911  5  5  7  F
 1.092738360  5  5  8  F
 1.132958445  5  5  9  F
 1.165320869  5  5  10  F
 1.213871504  5  5  11  F
 1.238714601  5  5  12  F
 1.283482508  5  5  13  F
 1.320686949  5  5  14  F
 1.363353836  5  5  0  F
 1.386880122  5  5  1  F
 1.412204870  5  5  2  F
 1.456189257  5  5  3  F
 1.475098933  5  5  4  F
 1.492673224  5  5  5  F
 1.506047289  5  5  6  F
 1.522503417  5  5  7  F
 1.564805185  5  5  8  F
 1.609856470  5  5  9  F
 1.657441197  5  5  10  F
 1.682181200  5  5  11  F
 1.682181200  5  5  11  f
 0.000000000  14  14  14  O
 0.045858079  14  14  13  O
 0.132395113  14  14  12  O
 0.155111471  14  14  11  O
 0.196946490  14  14  10  O
 0.216098309  14  14  9  O
 0.258523841  14  14  8  O
 0.307696249  14  14  7  O
 0.356838316  14  14  6  O
 0.405680301  14  14  5  O
 0.442219301  14  14  4  O
 0.468358910  14  14  3  O
 0.481463134  14  14  2  O
 0.498834041  14  14  1  O
 0.545213429  14  14  0  O
 0.559209542  14  14  14  O
 0.579050214  14  14  13  O
 0.621226877  14  14  12  O
 0.654742319  14  14  11  O
 0.700265593  14  14  10  O
 0.710610087  14  14  9  O
 0.729159756  14  14  8  O
 0.768276465  14  14  7  O
 0.794101405  14  14  6  O
 0.821763925  14  14  5  O
 0.832828141  14  14  4  O
 0.871805101  14  14  3  O
 0.885700099  14  14  2  O
 0.923508264  14  14  1  O
 0.936876017  14  14  0  O
 0.976144159  14  14  14  O
 1.023632003  14  14  13  O
 1.064400683  14  14  12  O
 1.103960196  14  14  11  O
 1.120232124  14  14  10  O
 1.147175988  14  14  9  O
 1.189194749  14  14  8  O
 1.225525906  14  14  7  O
 1.241820982  14  14  6  O
 1.269033305  14  14  5  O
 1.306855868  14  14  4  O
 1.345574601  14  14  3  O
 1.358577145  14  14  2  O
 1.388471018  14  14  1  O
 1.436308929  14  14  0  O
 1.483818295  14  14  14  O
 1.515486692  14  14  13  O
 1.540475805  14  14  12  O
 1.570268949  14  14  11  O
 1.602503878  14  14  10  O
 1.620402891  14  14  9  O
 1.660441557  14  14  8  O
 1.699253101  14  14  7  O
 1.745652881  14  14  6  O
 1.771665701  14  14  5  O
 1.790391148  14  14  4  O
 1.807294582  14  14  3  O
 1.844241387  14  14  2  O
 1.891947450  14  14  1  O
 1.936573781  14  14  0  O
 1.975234562  14  14  14  O
 1.998787392  14  14  13  O
 2.016896304  14  14  12  O
 2.044860127  14  14  11  O
 2.087085703  14  14  10  O
 0.000000000  0  0  0  A
 0.037295565  0  0  14  A
 0.057710628  0  0  13  A
 0.084291889  0  0  12  A
 0.132226800  0  0  11  A
 0.190650902  0  0  10  A
 0.215728426  0  0  9  A
 0.293933708  0  0  8  A
 0.342696511  0  0  7  A
 0.388144084  0  0  6  A
 0.420316309  0  0  5  A
 0.467708166  0  0  4  A
 0.478843897  0  0  3  A
 0.525741699  0  0  2  A
 0.549972504  0  0  1  A
 0.570848570  0  0  0  A
 0.588710290  0  0  14  A
 0.602175354  0  0  13  A
 0.627740185  0  0  12  A
 0.649330682  0  0  11  A
 0.694741862  0  0  10  A
 0.737669757  0  0  9  A
 0.783275768  0  0  8  A
 0.828837665  0  0  7  A
 0.859552092  0  0  6  A
 0.890511512  0  0  5  A
 0.903248146  0  0  4  A
 0.928114212  0  0  3  A
 0.976874004  0  0  2  A
 0.993769278  0  0  1  A
 1.007699912  0  0  0  A
 1.039004481  0  0  14  A
 1.081398306  0  0  13  A
 1.119597216  0  0  12  A
 1.147264750  0  0  11  A
 1.196715579  0  0  10  A
 1.237030650  0  0  9  A
 1.257948971  0  0  8  A
 1.296904927  0  0  7  A
 1.341203000  0  0  6  A
 1.382550323  0  0  5  A
 1.402145466  0  0  4  A
 1.438417769  0  0  3  A
 1.484024520  0  0  2  A
 1.524070611  0  0  1  A
 1.548822344  0  0  0  A
 1.587356824  0  0  14  A
 1.631001953  0  0  13  A
 1.660600264  0  0  12  A
 1.702367144  0  0  11  A
 1.743290871  0  0  10  A
 1.770697342  0  0  9  A
 1.818475285  0  0  8  A
 1.842715826  0  0  7  A
 1.864656607  0  0  6  A
 1.894551511  0  0  5  A
 1.917887892  0  0  4  A
 1.965984291  0  0  3  A
 1.992502826  0  0  2  A
 2.003383187  0  0  1  A
 2.041356498  0  0  0  A
 2.052843047  0  0  14  A
 2.095743049  0  0  13  A
 2.122635784  0  0  12  A
 2.146633301  0  0  11  A
 2.190788741  0  0  10  A
 0.000000000  7  7  7  H
 0.037362903  7  7  8  H
 0.074328778  7  7  9  H
 0.115517768  7  7  10  H
 0.154632317  7  7  11  H
 0.186663273  7  7  12  H
 0.221010069  7  7  13  H
 0.269090908  7  7  14  H
 0.312691258  7  7  0  H
 0.353694796  7  7  1  H
 0.371628703  7  7  2  H
 0.398770120  7  7  3  H
 0.438754485  7  7  4  H
 0.458645428  7  7  5  H
 0.496102032  7  7  6  H
 0.520874000  7  7  7  H
 0.533650997  7  7  8  H
 0.571166500  7  7  9  H
 0.597429932  7  7  10  H
 0.645165693  7  7  11  H
 0.686752461  7  7  12  H
 0.701771033  7  7  13  H
 0.719651934  7  7  14  H
 0.739702542  7  7  0  H
 0.771684390  7  7  1  H
 0.795567173  7  7  2  H
 0.832175236  7  7  3  H
 0.865605093  7  7  4  H
 0.887998258  7  7  5  H
 0.924193981  7  7  6  H
 0.966038111  7  7  7  H
 1.003495137  7  7  8  H
 1.044402743  7  7  9  H
 1.085097232  7  7  10  H
 1.132189971  7  7  11  H
 1.154296975  7  7  12  H
 1.164715177  7  7  13  H
 1.190714783  7  7  14  H
 1.221656663  7  7  0  H
 1.267558522  7  7  1  H
 1.297416766  7  7  2  H
 1.317296353  7  7  3  H
 1.347814594  7  7  4  H
 1.377699756  7  7  5  H
 1.392934877  7  7  6  H
 1.414251345  7  7  7  H
 1.445201637  7  7  8  H
 1.482533121  7  7  9  H
 1.521109042  7  7  10  H
 1.531641775  7  7  11  H
 1.547719014  7  7  12  H
 1.572802699  7  7  13  H
 1.603308913  7  7  14  H
 1.614543527  7  7  0  H
 1.664007278  7  7  1  H
 1.702799260  7  7  2  H
 1.749243713  7  7  3  H
 1.775721630  7  7  4  H
 1.813100120  7  7  5  H
 1.852350059  7  7  6  H
 1.900988554  7  7  7  H
 1.927086775  7  7  8  H
 1.947235869  7  7  9  H
 1.981061254  7  7  10  H
 2.008714774  7  7  11  H
 2.030310997  7  7  12  H
 2.071426686  7  7  13  H
 2.090303922  7  7  14  H
 2.126082684  7  7  0  H
 2.160288987  7  7  1  H
 2.199161248  7  7  2  H
 2.212512871  7  7  3  H
 2.226283802  7  7  4  H
 2.237747490  7  7  5  H
 2.269306597  7  7  6  H
 0.000000000  10  10  10  K
 0.024087821  10  11  10  K
 0.044358726  10  12  10  K
 0.091048097  10  13  10  K
 0.119884581  10  14  10  K
 0.146011892  10  0  10  K
 0.190553495  10  1  10  K
 0.207135859  10  2  10  K
 0.240655090  10  3  10  K
 0.261936667  10  4  10  K
 0.295951784  10  5  10  K
 0.327552356  10  6  10  K
 0.362141585  10  7  10  K
 0.394349049  10  8  10  K
 0.418898321  10  9  10  K
 0.444695905  10  10  10  K
 0.467979620  10  11  10  K
 0.502438928  10  12  10  K
 0.546196974  10  13  10  K
 0.577162010  10  14  10  K
 0.613568374  10  0  10  K
 0.626748554  10  1  10  K
 0.637769414  10  2  10  K
 0.660547932  10  3  10  K
 0.675118167  10  4  10  K
 0.719906940  10  5  10  K
 0.741031433  10  6  10  K
 0.787698744  10  7  10  K
 0.834658473  10  8  10  K
 0.859183771  10  9  10  K
 0.893187509  10  10  10  K
 0.908779952  10  11  10  K
 0.937816565  10  12  10  K
 0.986839314  10  13  10  K
 1.015881944  10  14  10  K
 1.040422723  10  0  10  K
 1.085570086  10  1  10  K
 1.109372484  10  2  10  K
 1.144841574  10  3  10  K
 1.164976428  10  4  10  K
 1.213974445  10  5  10  K
 1.257517583  10  6  10  K
 1.302794564  10  7  10  K
 1.347571405  10  8  10  K
 1.363991680  10  9  10  K
 1.381129493  10  10  10  K
 1.412963276  10  11  10  K
 1.453215011  10  12  10  K
 1.501987248  10  13  10  K
 1.526883697  10  14  10  K
 1.544107448  10  0  10  K
 1.555904123  10  1  10  K
 1.566655455  10  2  10  K
 1.584197889  10  3  10  K
 1.595353092  10  4  10  K
 1.639983787  10  5  10  K
 1.657389720  10  6  10  K
 1.681519588  10  7  10  K
 1.716424235  10  8  10  K
 1.731704044  10  9  10  K
 1.768664831  10  10  10  K
 1.784355450  10  11  10  K
 1.822428177  10  12  10  K
 1.867555003  10  13  10  K
 1.898679644  10  14  10  K
 1.921665983  10  0  10  K
 1.963542304  10  1  10  K
 2.008707884  10  2  10  K
 2.034974459  10  3  10  K
 2.072980505  10  4  10  K
 2.086266029  10  5  10  K
 2.112268112  10  6  10  K
 2.156772035  10  7  10  K
 2.185361788  10  8  10  K
 2.202637827  10  9  10  K
 2.238112631  10  10  10  K
 2.275962112  10  11  10  K
 0.000000000  11  11  11  L
 0.044456111  11  11  10  L
 0.062682315  11  11  9  L
 0.089430883  11  11  8  L
 0.114045662  11  11  7  L
 0.143970125  11  11  6  L
 0.178983220  11  11  5  L
 0.226790491  11  11  4  L
 0.279491061  11  11  3  L
 0.331318433  11  11  2  L
 0.353630205  11  11  1  L
 0.396221580  11  11  0  L
 0.421136847  11  11  14  L
 0.463525192  11  11  13  L
 0.513277372  11  11  12  L
 0.530100255  11  11  11  L
 0.552113481  11  11  10  L
 0.599745147  11  11  9  L
 0.614479181  11  11  8  L
 0.653886599  11  11  7  L
 0.693518966  11  11  6  L
 0.709685450  11  11  5  L
 0.755285712  11  11  4  L
 0.777707663  11  11  3  L
 0.825720256  11  11  2  L
 0.851435722  11  11  1  L
 0.889227898  11  11  0  L
 0.920804268  11  11  14  L
 0.961392697  11  11  13  L
 1.003022784  11  11  12  L
 1.046222798  11  11  11  L
 1.077970850  11  11  10  L
 1.096850479  11  11  9  L
 1.138143289  11  11  8  L
 1.183335722  11  11  7  L
 1.220061130  11  11  6  L
 1.249840578  11  11  5  L
 1.289839262  11  11  4  L
 1.324564556  11  11  3  L
 1.340250190  11  11  2  L
 1.351936307  11  11  1  L
 1.363044347  11  11  0  L
 1.389622250  11  11  14  L
 1.408386175  11  11  13  L
 1.446412396  11  11  12  L
 1.474806916  11  11  11  L
 1.485776986  11  11  10  L
 1.522116550  11  11  9  L
 1.577958217  11  11  8  L
 1.620366183  11  11  7  L
 1.632693219  11  11  6  L
 1.678758134  11  11  5  L
 1.703828254  11  11  4  L
 1.745553575  11  11  3  L
 1.766323589  11  11  2  L
 1.804282650  11  11  1  L
 1.853347991  11  11  0  L
 1.874267285  11  11  14  L
 1.914363458  11  11  13  L
 1.929985248  11  11  12  L
 1.978171804  11  11  11  L
 2.025724487  11  11  10  L
 2.065705930  11  11  9  L
 2.090698348  11  11  8  L
 2.105993543  11  11  7  L
 2.155247320  11  11  6  L
 2.194891488  11  11  5  L
 2.222810423  11  11  4  L
 2.266702055  11  11  3  L
 2.293315142  11  11  2  L
 2.316536656  11  11  1  L
 2.329691465  11  11  0  L
 2.357485013  11  11  14  L
 2.407511792  11  11  13  L
 2.423138646  11  11  12  L
 2.453613261  11  11  11  L
 2.453613261  11  11  11  l
 0.000000000  1  1  1  B
 0.031287815  1  2  1  B
 0.043001240  1  3  1  B
 0.057226280  1  4  1  B
 0.075218230  1  5  1  B
 0.104744048  1  6  1  B
 0.145035571  1  7  1  B
 0.166558128  1  8  1  B
 0.183965274  1  9  1  B
 0.220000073  1  10  1  B
 0.264637863  1  11  1  B
 0.275950256  1  12  1  B
 0.296014735  1  13  1  B
 0.341708047  1  14  1  B
 0.357693451  1  0  1  B
 0.401601431  1  1  1  B
 0.433161741  1  2  1  B
 0.482980453  1  3  1  B
 0.498169622  1  4  1  B
 0.513769442  1  5  1  B
 0.554505573  1  6  1  B
 0.578163277  1  7  1  B
 0.611010600  1  8  1  B
 0.660601172  1  9  1  B
 0.705354982  1  10  1  B
 0.733640531  1  11  1  B
 0.765515401  1  12  1  B
 0.796449444  1  13  1  B
 0.812677752  1  14  1  B
 0.852800517  1  0  1  B
 0.888510995  1  1  1  B
 0.938556877  1  2  1  B
 0.979804249  1  3  1  B
 1.003562236  1  4  1  B
 1.016247261  1  5  1  B
 1.061886236  1  6  1  B
 1.075224886  1  7  1  B
 1.112828225  1  8  1  B
 1.155173296  1  9  1  B
 1.200782603  1  10  1  B
 1.223823074  1  11  1  B
 1.269354200  1  12  1  B
 1.305771997  1  13  1  B
 1.344237175  1  14  1  B
 1.388381082  1  0  1  B
 1.412948126  1  1  1  B
 1.440687535  1  2  1  B
 1.490545251  1  3  1  B
 1.537842679  1  4  1  B
 1.548083238  1  5  1  B
 1.578572701  1  6  1  B
 1.616395833  1  7  1  B
 1.663914802  1  8  1  B
 1.703703876  1  9  1  B
 1.725664595  1  10  1  B
 1.740946916  1  11  1  B
 1.751933447  1  12  1  B
 1.767191416  1  13  1  B
 1.785397868  1  14  1  B
 1.802702281  1  0  1  B
 1.815923849  1  1  1  B
 1.857712127  1  2  1  B
 1.903344764  1  3  1  B
 1.936440531  1  4  1  B
 1.958101041  1  5  1  B
 1.979182464  1  6  1  B
 1.993577070  1  7  1  B
 2.020400551  1  8  1  B
 2.052843042  1  9  1  B
 2.095747842  1  10  1  B
 2.112815311  1  11  1  B
 2.140964242  1  12  1  B
 2.179548566  1  13  1  B
 2.204640541  1  14  1  B
 2.224071270  1  0  1  B
 2.263323785  1  1  1  B
 2.284857670  1  2  1  B
 2.312933507  1  3  1  B
 2.325699229  1  4  1  B
 2.354517443  1  5  1  B
 2.374404187  1  6  1  B
 2.390436734  1  7  1  B
 2.422574967  1  8  1  B
 2.454235961  1  9  1  B
 2.486541263  1  10  1  B
 2.501927514  1  11  1  B
 2.533851495  1  12  1  B
 2.580951889  1  13  1  B
 2.613076667  1  14  1  B
 2.629759863  1  0  1  B
 2.645875449  1  1  1  B
