-1  15  15  15
 0.000000000  1  1  1  B
 0.039209325  1  1  0  B
 0.079134599  1  1  14  B
 0.106491465  1  1  13  B
 0.120004608  1  1  12  B
 0.157612307  1  1  11  B
 0.176173018  1  1  10  B
 0.220285096  1  1  9  B
 0.259229031  1  1  8  B
 0.297041683  1  1  7  B
 0.327842833  1  1  6  B
 0.344949242  1  1  5  B
 0.389825460  1  1  4  B
 0.428985919  1  1  3  B
 0.456664388  1  1  2  B
 0.504946408  1  1  1  B
 0.551114444  1  1  0  B
 0.589958907  1  1  14  B
 0.638931818  1  1  13  B
 0.000000000  8  8  8  I
 0.025174295  8  8  7  I
 0.099040613  8  8  6  I
 0.113070352  8  8  5  I
 0.154422284  8  8  4  I
 0.200679198  8  8  3  I
 0.213092461  8  8  2  I
 0.263226000  8  8  1  I
 0.275447066  8  8  0  I
 0.318006552  8  8  14  I
 0.366920559  8  8  13  I
 0.386277999  8  8  12  I
 0.415489039  8  8  11  I
 0.443895110  8  8  10  I
 0.474507294  8  8  9  I
 0.516299580  8  8  8  I
 0.542986274  8  8  7  I
 0.595101200  8  8  6  I
 0.616845234  8  8  5  I
 0.651463158  8  8  4  I
 0.662989627  8  8  3  I
 0.000000000  4  4  4  E
 0.035412183  4  4  5  E
 0.067184295  4  4  6  E
 0.088746703  4  4  7  E
 0.122046477  4  4  8  E
 0.159571790  4  4  9  E
 0.198705642  4  4  10  E
 0.243861438  4  4  11  E
 0.267957113  4  4  12  E
 0.305236015  4  4  13  E
 0.332594347  4  4  14  E
 0.368163502  4  4  0  E
 0.409090228  4  4  1  E
 0.436342701  4  4  2  E
 0.467795641  4  4  3  E
 0.488184409  4  4  4  E
 0.528216020  4  4  5  E
 0.567656117  4  4  6  E
 0.591671820  4  4  7  E
 0.601909187  4  4  8  E
 0.639543829  4  4  9  E
 0.666928755  4  4  10  E
 0.702857054  4  4  11  E
 0.000000000  3  3  3  D
 0.017551308  3  2  3  D
 0.042452449  3  1  3  D
 0.092607709  3  0  3  D
 0.118240463  3  14  3  D
 0.155575432  3  13  3  D
 0.182807506  3  12  3  D
 0.221023356  3  11  3  D
 0.253608370  3  10  3  D
 0.265784280  3  9  3  D
 0.293762932  3  8  3  D
 0.324503294  3  7  3  D
 0.341556416  3  6  3  D
 0.383515295  3  5  3  D
 0.408594664  3  4  3  D
 0.423610961  3  3  3  D
 0.450915044  3  2  3  D
 0.466220638  3  1  3  D
 0.490832545  3  0  3  D
 0.511657440  3  14  3  D
 0.539403004  3  13  3  D
 0.586917726  3  12  3  D
 0.615122003  3  11  3  D
 0.631782304  3  10  3  D
 0.662611411  3  9  3  D
 0.662611411  3  9  3  d
 0.000000000  9  9  9  J
 0.018584699  9  9  8  J
 0.045209389  9  9  7  J
 0.071382035  9  9  6  J
 0.097957088  9  9  5  J
 0.130975929  9  9  4  J
 0.158765685  9  9  3  J
 0.170507137  9  9  2  J
 0.195628066  9  9  1  J
 0.244353940  9  9  0  J
 0.264756080  9  9  14  J
 0.286928301  9  9  13  J
 0.326336714  9  9  12  J
 0.348357045  9  9  11  J
 0.368394261  9  9  10  J
 0.393474432  9  9  9  J
 0.440623943  9  9  8  J
 0.460408645  9  9  7  J
 0.474323357  9  9  6  J
 0.509002507  9  9  5  J
 0.548516618  9  9  4  J
 0.595531923  9  9  3  J
 0.610526905  9  9  2  J
 0.626188930  9  9  1  J
 0.639545660  9  9  0  J
 0.652263632  9  9  14  J
 0.681623442  9  9  13  J
 0.696490630  9  9  12  J
 0.708949038  9  9  11  J
 0.729404056  9  9  10  J
 0.749056674  9  9  9  J
 0.789043781  9  9  8  J
 0.802829706  9  9  7  J
 0.831339463  9  9  6  J
 0.847099996  9  9  5  J
 0.857904942  9  9  4  J
 0.857904942  9  9  4  j
 0.000000000  5  5  5  F
 0.067238399  5  4  5  F
 0.108883315  5  3  5  F
 0.173392362  5  2  5  F
 0.218150589  5  1  5  F
 0.233371059  5  0  5  F
 0.276883231  5  14  5  F
 0.305713114  5  13  5  F
 0.324883072  5  12  5  F
 0.360336805  5  11  5  F
 0.397404537  5  10  5  F
 0.435485970  5  9  5  F
 0.479864881  5  8  5  F
 0.544839344  5  7  5  F
 0.590024741  5  6  5  F
 0.606926050  5  5  5  F
 0.638410062  5  4  5  F
 0.649684154  5  3  5  F
 0.672247437  5  2  5  F
 0.690605315  5  1  5  F
 0.712843342  5  0  5  F
 0.736564978  5  14  5  F
 0.777379423  5  13  5  F
 0.793156517  5  12  5  F
 0.810187786  5  11  5  F
 0.842696910  5  10  5  F
 0.889118170  5  9  5  F
 0.920839927  5  8  5  F
 0.975830689  5  7  5  F
 1.007476987  5  6  5  F
 1.055410493  5  5  5  F
 1.075450196  5  4  5  F
 1.113804424  5  3  5  F
 1.125431699  5  2  5  F
 1.172138472  5  1  5  F
 1.191240574  5  0  5  F
 1.237502395  5  14  5  F
 1.278597013  5  13  5  F
 1.316685805  5  12  5  F
 1.331142061  5  11  5  F
 1.379829012  5  10  5  F
 1.393661509  5  9  5  F
 1.419942387  5  8  5  F
 1.464491183  5  7  5  F
 1.488937035  5  6  5  F
 1.517773831  5  5  5  F
 1.561666578  5  4  5  F
 1.606918538  5  3  5  F
 1.632820967  5  2  5  F
 1.661148647  5  1  5  F
 1.694474263  5  0  5  F
 1.733924142  5  14  5  F
 1.756843517  5  13  5  F
 1.773474643  5  12  5  F
 0.000000000  2  2  2  C
 0.042538848  2  2  3  C
 0.086518065  2  2  4  C
 0.133826215  2  2  5  C
 0.173301228  2  2  6  C
 0.185487056  2  2  7  C
 0.231918332  2  2  8  C
 0.267841733  2  2  9  C
 0.294606283  2  2  10  C
 0.318394984  2  2  11  C
 0.356853880  2  2  12  C
 0.379994246  2  2  13  C
 0.399670633  2  2  14  C
 0.436171053  2  2  0  C
 0.463151614  2  2  1  C
 0.497694456  2  2  2  C
 0.544948505  2  2  3  C
 0.582020036  2  2  4  C
 0.625756259  2  2  5  C
 0.642276248  2  2  6  C
 0.685149157  2  2  7  C
 0.704877276  2  2  8  C
 0.740218925  2  2  9  C
 0.782271635  2  2  10  C
 0.828829620  2  2  11  C
 0.864282272  2  2  12  C
 0.883826818  2  2  13  C
 0.919254814  2  2  14  C
 0.933094204  2  2  0  C
 0.950798331  2  2  1  C
 0.961339403  2  2  2  C
 0.996177605  2  2  3  C
 1.030821111  2  2  4  C
 1.054201599  2  2  5  C
 1.086397709  2  2  6  C
 1.096650364  2  2  7  C
 1.142887696  2  2  8  C
 1.184119350  2  2  9  C
 1.214499529  2  2  10  C
 1.235568266  2  2  11  C
 1.255338440  2  2  12  C
 1.303013205  2  2  13  C
 1.334858199  2  2  14  C
 1.375991218  2  2  0  C
 1.391551177  2  2  1  C
 1.436747497  2  2  2  C
 1.467972497  2  2  3  C
 1.503334335  2  2  4  C
 1.529597604  2  2  5  C
 1.567870172  2  2  6  C
 1.594607471  2  2  7  C
 1.637561521  2  2  8  C
 1.683171288  2  2  9  C
 1.707547994  2  2  10  C
 1.719769598  2  2  11  C
 1.731005211  2  2  12  C
 1.757651309  2  2  13  C
 1.782591513  2  2  14  C
 0.000000000  12  12  12  M
 0.018284054  12  12  13  M
 0.043377956  12  12  14  M
 0.089832684  12  12  0  M
 0.126387327  12  12  1  M
 0.156425983  12  12  2  M
 0.169541893  12  12  3  M
 0.182664195  12  12  4  M
 0.223479688  12  12  5  M
 0.270159889  12  12  6  M
 0.295708544  12  12  7  M
 0.322822267  12  12  8  M
 0.344174911  12  12  9  M
 0.375583401  12  12  10  M
 0.414173482  12  12  11  M
 0.434953984  12  12  12  M
 0.463073707  12  12  13  M
 0.501318288  12  12  14  M
 0.521844459  12  12  0  M
 0.534364453  12  12  1  M
 0.580236244  12  12  2  M
 0.615169695  12  12  3  M
 0.650982700  12  12  4  M
 0.684514610  12  12  5  M
 0.731841284  12  12  6  M
 0.745230819  12  12  7  M
 0.783188221  12  12  8  M
 0.827579158  12  12  9  M
 0.858832539  12  12  10  M
 0.902624160  12  12  11  M
 0.918821664  12  12  12  M
 0.933914805  12  12  13  M
 0.979230732  12  12  14  M
 1.026377515  12  12  0  M
 1.073505503  12  12  1  M
 1.086423716  12  12  2  M
 1.108793037  12  12  3  M
 1.120774603  12  12  4  M
 1.165067212  12  12  5  M
 1.213952712  12  12  6  M
 1.262180471  12  12  7  M
 1.302184690  12  12  8  M
 1.336579087  12  12  9  M
 1.383660865  12  12  10  M
 1.404356828  12  12  11  M
 1.426959045  12  12  12  M
 1.464080426  12  12  13  M
 1.485480483  12  12  14  M
 1.534299372  12  12  0  M
 1.573247533  12  12  1  M
 1.594049503  12  12  2  M
 1.614701158  12  12  3  M
 1.645692315  12  12  4  M
 1.657448303  12  12  5  M
 1.707460009  12  12  6  M
 1.742117031  12  12  7  M
 1.756600487  12  12  8  M
 1.771924323  12  12  9  M
 1.786298464  12  12  10  M
 1.832647756  12  12  11  M
 0.000000000  0  0  0  A
 0.063956784  0  14  0  A
 0.103757613  0  13  0  A
 0.150940740  0  12  0  A
 0.200551393  0  11  0  A
 0.234372403  0  10  0  A
 0.283426494  0  9  0  A
 0.326651019  0  8  0  A
 0.344889958  0  7  0  A
 0.362773223  0  6  0  A
 0.395567094  0  5  0  A
 0.409209182  0  4  0  A
 0.432329469  0  3  0  A
 0.463240453  0  2  0  A
 0.487850234  0  1  0  A
 0.535780915  0  0  0  A
 0.581018203  0  14  0  A
 0.599850763  0  13  0  A
 0.640469286  0  12  0  A
 0.659644985  0  11  0  A
 0.685382143  0  10  0  A
 0.728484266  0  9  0  A
 0.750924372  0  8  0  A
 0.777320248  0  7  0  A
 0.807936105  0  6  0  A
 0.854996070  0  5  0  A
 0.901894306  0  4  0  A
 0.946658748  0  3  0  A
 0.958025855  0  2  0  A
 0.995268159  0  1  0  A
 1.022294613  0  0  0  A
 1.056236640  0  14  0  A
 1.088807129  0  13  0  A
 1.119747347  0  12  0  A
 1.151365742  0  11  0  A
 1.179672102  0  10  0  A
 1.202098753  0  9  0  A
 1.216102569  0  8  0  A
 1.234156931  0  7  0  A
 1.278835167  0  6  0  A
 1.317303385  0  5  0  A
 1.362549515  0  4  0  A
 1.395827476  0  3  0  A
 1.419361681  0  2  0  A
 1.468767824  0  1  0  A
 1.515811679  0  0  0  A
 1.560660786  0  14  0  A
 1.593543108  0  13  0  A
 1.620596384  0  12  0  A
 1.660588605  0  11  0  A
 1.676245759  0  10  0  A
 1.716639380  0  9  0  A
 1.763096578  0  8  0  A
 1.777418492  0  7  0  A
 1.798047770  0  6  0  A
 1.846318886  0  5  0  A
 1.865312686  0  4  0  A
 1.908859183  0  3  0  A
 1.948398554  0  2  0  A
 1.984083489  0  1  0  A
 2.008420025  0  0  0  A
 2.020763719  0  14  0  A
 2.051529650  0  13  0  A
 2.063637197  0  12  0  A
 2.080826090  0  11  0  A
 2.111347728  0  10  0  A
 2.127949800  0  9  0  A
 2.144291226  0  8  0  A
 0.000000000  6  6  6  G
 0.023498086  6  7  6  G
 0.071453122  6  8  6  G
 0.098953412  6  9  6  G
 0.143408187  6  10  6  G
 0.191324983  6  11  6  G
 0.216100821  6  12  6  G
 0.261227966  6  13  6  G
 0.308824211  6  14  6  G
 0.322439565  6  0  6  G
 0.345043982  6  1  6  G
 0.388290239  6  2  6  G
 0.416225139  6  3  6  G
 0.439805145  6  4  6  G
 0.450513223  6  5  6  G
 0.494481954  6  6  6  G
 0.538437516  6  7  6  G
 0.577492318  6  8  6  G
 0.595029552  6  9  6  G
 0.617367436  6  10  6  G
 0.643860043  6  11  6  G
 0.675821906  6  12  6  G
 0.723079091  6  13  6  G
 0.771933811  6  14  6  G
 0.792334551  6  0  6  G
 0.827176341  6  1  6  G
 0.847020430  6  2  6  G
 0.880340893  6  3  6  G
 0.922531525  6  4  6  G
 0.971244487  6  5  6  G
 1.004163266  6  6  6  G
 1.020946657  6  7  6  G
 1.056966117  6  8  6  G
 1.067681705  6  9  6  G
 1.086794824  6  10  6  G
 1.110249872  6  11  6  G
 1.128471400  6  12  6  G
 1.146357738  6  13  6  G
 1.188220847  6  14  6  G
 1.215177470  6  0  6  G
 1.246381515  6  1  6  G
 1.292262487  6  2  6  G
 1.312604957  6  3  6  G
 1.351453659  6  4  6  G
 1.370742735  6  5  6  G
 1.391418015  6  6  6  G
 1.438977534  6  7  6  G
 1.482405080  6  8  6  G
 1.506626034  6  9  6  G
 1.545129378  6  10  6  G
 1.581168028  6  11  6  G
 1.613143634  6  12  6  G
 1.654249511  6  13  6  G
 1.681804449  6  14  6  G
 1.710258119  6  0  6  G
 1.732777419  6  1  6  G
 1.753317499  6  2  6  G
 1.792784302  6  3  6  G
 1.840393629  6  4  6  G
 1.890136662  6  5  6  G
 1.919607974  6  6  6  G
 1.935836518  6  7  6  G
 1.947768886  6  8  6  G
 1.977911611  6  9  6  G
 1.999760903  6  10  6  G
 2.021349882  6  11  6  G
 2.067184762  6  12  6  G
 2.084471384  6  13  6  G
 2.102853737  6  14  6  G
 2.147115547  6  0  6  G
 2.196022073  6  1  6  G
 2.229145360  6  2  6  G
 2.243046423  6  3  6  G
 2.276428039  6  4  6  G
 2.316742984  6  5  6  G
 0.000000000  10  10  10  K
 0.044899026  10  10  9  K
 0.074441614  10  10  8  K
 0.110495754  10  10  7  K
 0.131161710  10  10  6  K
 0.143299312  10  10  5  K
 0.175883428  10  10  4  K
 0.199805232  10  10  3  K
 0.233701164  10  10  2  K
 0.277833340  10  10  1  K
 0.288780479  10  10  0  K
 0.321547567  10  10  14  K
 0.348490219  10  10  13  K
 0.361840118  10  10  12  K
 0.373536505  10  10  11  K
 0.385389669  10  10  10  K
 0.433963775  10  10  9  K
 0.465828298  10  10  8  K
 0.477553938  10  10  7  K
 0.511885636  10  10  6  K
 0.526885257  10  10  5  K
 0.572388345  10  10  4  K
 0.584669285  10  10  3  K
 0.599424605  10  10  2  K
 0.649403837  10  10  1  K
 0.728576553  10  10  0  K
 0.766969740  10  10  14  K
 0.780526384  10  10  13  K
 0.817658176  10  10  12  K
 0.841937093  10  10  11  K
 0.884143203  10  10  10  K
 0.895428826  10  10  9  K
 0.939281864  10  10  8  K
 0.962902188  10  10  7  K
 0.982606915  10  10  6  K
 0.998762983  10  10  5  K
 1.038822108  10  10  4  K
 1.063840684  10  10  3  K
 1.111605872  10  10  2  K
 1.127865885  10  10  1  K
 1.155604943  10  10  0  K
 1.179582619  10  10  14  K
 1.209771512  10  10  13  K
 1.221912585  10  10  12  K
 1.252019278  10  10  11  K
 1.279798734  10  10  10  K
 1.309868340  10  10  9  K
 1.332800710  10  10  8  K
 1.355279898  10  10  7  K
 1.378161908  10  10  6  K
 1.399283637  10  10  5  K
 1.425606933  10  10  4  K
 1.473983231  10  10  3  K
 1.501156885  10  10  2  K
 1.535801513  10  10  1  K
 1.577651391  10  10  0  K
 1.626230994  10  10  14  K
 1.658274494  10  10  13  K
 1.697063661  10  10  12  K
 1.745915734  10  10  11  K
 1.762209102  10  10  10  K
 1.782492616  10  10  9  K
 1.797899219  10  10  8  K
 1.813415777  10  10  7  K
 1.842833629  10  10  6  K
 1.876995980  10  10  5  K
 1.923805366  10  10  4  K
 1.947841036  10  10  3  K
 1.970841354  10  10  2  K
 1.991153275  10  10  1  K
 2.024448154  10  10  0  K
 2.073385654  10  10  14  K
 2.095159785  10  10  13  K
 2.124975174  10  10  12  K
 2.160272714  10  10  11  K
 2.186256593  10  10  10  K
 2.228536230  10  10  9  K
 2.261020444  10  10  8  K
 2.285996178  10  10  7  K
 2.323072743  10  10  6  K
 0.000000000  13  13  13  N
 0.044531877  13  13  14  N
 0.064309936  13  13  0  N
 0.080104871  13  13  1  N
 0.101041737  13  13  2  N
 0.131101955  13  13  3  N
 0.142950593  13  13  4  N
 0.163616488  13  13  5  N
 0.195947506  13  13  6  N
 0.238577999  13  13  7  N
 0.278191133  13  13  8  N
 0.306001301  13  13  9  N
 0.353681060  13  13  10  N
 0.395779456  13  13  11  N
 0.427476415  13  13  12  N
 0.468087568  13  13  13  N
 0.507683882  13  13  14  N
 0.533023184  13  13  0  N
 0.553764462  13  13  1  N
 0.573775385  13  13  2  N
 0.616415407  13  13  3  N
 0.642699757  13  13  4  N
 0.688565427  13  13  5  N
 0.699365044  13  13  6  N
 0.720230322  13  13  7  N
 0.763357080  13  13  8  N
 0.775966560  13  13  9  N
 0.822641114  13  13  10  N
 0.850832406  13  13  11  N
 0.873834634  13  13  12  N
 0.903009303  13  13  13  N
 0.920845762  13  13  14  N
 0.942914414  13  13  0  N
 0.953831780  13  13  1  N
 0.998186186  13  13  2  N
 1.021575818  13  13  3  N
 1.044618015  13  13  4  N
 1.077761204  13  13  5  N
 1.108578998  13  13  6  N
 1.138989961  13  13  7  N
 1.174749371  13  13  8  N
 1.195203817  13  13  9  N
 1.233680667  13  13  10  N
 1.264032043  13  13  11  N
 1.303456049  13  13  12  N
 1.328059194  13  13  13  N
 1.351553509  13  13  14  N
 1.388470415  13  13  0  N
 1.430801371  13  13  1  N
 1.453707363  13  13  2  N
 1.503479746  13  13  3  N
 1.544195266  13  13  4  N
 1.561215472  13  13  5  N
 1.597565207  13  13  6  N
 1.627320757  13  13  7  N
 1.666508723  13  13  8  N
 1.686711943  13  13  9  N
 1.727306148  13  13  10  N
 1.758090394  13  13  11  N
 1.783003093  13  13  12  N
 1.798889344  13  13  13  N
 1.812837208  13  13  14  N
 1.825692986  13  13  0  N
 1.865998520  13  13  1  N
 1.909787359  13  13  2  N
 1.938971696  13  13  3  N
 1.957606984  13  13  4  N
 1.981989868  13  13  5  N
 2.012061712  13  13  6  N
 2.041787464  13  13  7  N
 2.089585719  13  13  8  N
 2.139403850  13  13  9  N
 2.156103038  13  13  10  N
 2.168784185  13  13  11  N
 2.198942837  13  13  12  N
 2.244890087  13  13  13  N
 2.257625901  13  13  14  N
 2.284501079  13  13  0  N
 2.300824897  13  13  1  N
 2.313141434  13  13  2  N
 2.334566560  13  13  3  N
 2.356901060  13  13  4  N
 2.398507634  13  13  5  N
 2.416883871  13  13  6  N
 2.437480167  13  13  7  N
 2.471870172  13  13  8  N
 2.500680563  13  13  9  N
 0.000000000  7  7  7  H
 0.071563502  7  7  6  H
 0.089481029  7  7  5  H
 0.110048918  7  7  4  H
 0.143312127  7  7  3  H
 0.172650776  7  7  2  H
 0.207444623  7  7  1  H
 0.251870231  7  7  0  H
 0.301316800  7  7  14  H
 0.316084600  7  7  13  H
 0.328919513  7  7  12  H
 0.360826006  7  7  11  H
 0.373392246  7  7  10  H
 0.410680124  7  7  9  H
 0.440910270  7  7  8  H
 0.475333846  7  7  7  H
 0.489922646  7  7  6  H
 0.511133030  7  7  5  H
 0.544784331  7  7  4  H
 0.581245948  7  7  3  H
 0.610455832  7  7  2  H
 0.620646487  7  7  1  H
 0.644521209  7  7  0  H
 0.665162243  7  7  14  H
 0.699478507  7  7  13  H
 0.733515726  7  7  12  H
 0.752504120  7  7  11  H
 0.786145287  7  7  10  H
 0.798689428  7  7  9  H
 0.847578656  7  7  8  H
 0.890814697  7  7  7  H
 0.913860192  7  7  6  H
 0.941403506  7  7  5  H
 0.975789906  7  7  4  H
 1.004238814  7  7  3  H
 1.035468781  7  7  2  H
 1.046451148  7  7  1  H
 1.058413259  7  7  0  H
 1.107960150  7  7  14  H
 1.144836760  7  7  13  H
 1.179768233  7  7  12  H
 1.211240409  7  7  11  H
 1.225034801  7  7  10  H
 1.272309080  7  7  9  H
 1.287258852  7  7  8  H
 1.327195318  7  7  7  H
 1.365765239  7  7  6  H
 1.404569141  7  7  5  H
 1.448373713  7  7  4  H
 1.459764901  7  7  3  H
 1.490812269  7  7  2  H
 1.502407806  7  7  1  H
 1.532779578  7  7  0  H
 1.545827968  7  7  14  H
 1.586369865  7  7  13  H
 1.610895063  7  7  12  H
 1.650053785  7  7  11  H
 1.680041592  7  7  10  H
 1.702313350  7  7  9  H
 1.735965387  7  7  8  H
 1.777942917  7  7  7  H
 1.802507592  7  7  6  H
 1.834694278  7  7  5  H
 1.883815214  7  7  4  H
 1.905992695  7  7  3  H
 1.932685636  7  7  2  H
 1.944292861  7  7  1  H
 1.955953551  7  7  0  H
 1.995323722  7  7  14  H
 2.013439868  7  7  13  H
 2.051954074  7  7  12  H
 2.077360303  7  7  11  H
 2.120772846  7  7  10  H
 2.167697322  7  7  9  H
 2.211237106  7  7  8  H
 2.256892920  7  7  7  H
 2.279194907  7  7  6  H
 2.315140163  7  7  5  H
 2.350702091  7  7  4  H
 2.387306782  7  7  3  H
 2.409659402  7  7  2  H
 2.437372797  7  7  1  H
 2.458777353  7  7  0  H
 2.504931760  7  7  14  H
 2.540278711  7  7  13  H
 2.564326951  7  7  12  H
 2.589949093  7  7  11  H
 2.632115105  7  7  10  H
 0.000000000  11  11  11  L
 0.034642334  11  11  12  L
 0.073490016  11  11  13  L
 0.098781522  11  11  14  L
 0.141802257  11  11  0  L
 0.185270938  11  11  1  L
 0.221917645  11  11  2  L
 0.253696352  11  11  3  L
 0.289140359  11  11  4  L
 0.305713107  11  11  5  L
 0.327949625  11  11  6  L
 0.355438637  11  11  7  L
 0.389605449  11  11  8  L
 0.400164233  11  11  9  L
 0.415430644  11  11  10  L
 0.427476408  11  11  11  L
 0.446386838  11  11  12  L
 0.471433388  11  11  13  L
 0.486761200  11  11  14  L
 0.524759704  11  11  0  L
 0.567539751  11  11  1  L
 0.617418540  11  11  2  L
 0.644943368  11  11  3  L
 0.669050975  11  11  4  L
 0.703310449  11  11  5  L
 0.744819246  11  11  6  L
 0.759467077  11  11  7  L
 0.794461776  11  11  8  L
 0.815916263  11  11  9  L
 0.841136135  11  11  10  L
 0.871567081  11  11  11  L
 0.911457126  11  11  12  L
 0.958845475  11  11  13  L
 0.985977113  11  11  14  L
 1.035544337  11  11  0  L
 1.054776368  11  11  1  L
 1.079826876  11  11  2  L
 1.123075573  11  11  3  L
 1.172161075  11  11  4  L
 1.192790952  11  11  5  L
 1.236818145  11  11  6  L
 1.273504134  11  11  7  L
 1.322194839  11  11  8  L
 1.341671216  11  11  9  L
 1.370903721  11  11  10  L
 1.398458115  11  11  11  L
 1.439567956  11  11  12  L
 1.468104012  11  11  13  L
 1.506481461  11  11  14  L
 1.520827033  11  11  0  L
 1.542555066  11  11  1  L
 1.567641964  11  11  2  L
 1.602528418  11  11  3  L
 1.626165445  11  11  4  L
 1.644805000  11  11  5  L
 1.673770406  11  11  6  L
 1.701461821  11  11  7  L
 1.732171926  11  11  8  L
 1.773116753  11  11  9  L
 1.797526222  11  11  10  L
 1.817975472  11  11  11  L
 1.830886650  11  11  12  L
 1.850379030  11  11  13  L
 1.866453549  11  11  14  L
 1.913833264  11  11  0  L
 1.926534323  11  11  1  L
 1.966103322  11  11  2  L
 2.013069540  11  11  3  L
 2.029137343  11  11  4  L
 2.049391732  11  11  5  L
 2.085244113  11  11  6  L
 2.124559420  11  11  7  L
 2.154856306  11  11  8  L
 2.190397979  11  11  9  L
 2.221898107  11  11  10  L
 2.240513497  11  11  11  L
 2.269521896  11  11  12  L
 2.312125785  11  11  13  L
 2.332994335  11  11  14  L
 2.366115894  11  11  0  L
 2.381092225  11  11  1  L
 2.414680905  11  11  2  L
 2.426098650  11  11  3  L
 2.464873700  11  11  4  L
 2.500994887  11  11  5  L
 2.536510685  11  11  6  L
 2.577140211  11  11  7  L
 2.600277170  11  11  8  L
 2.638081747  11  11  9  L
 2.677689786  11  11  10  L
 2.712659387  11  11  11  L
 2.748748409  11  11  12  L
 2.763238644  11  11  13  L
 0.000000000  14  14  14  O
 0.028412230  14  14  0  O
 0.063850140  14  14  1  O
 0.107553623  14  14  2  O
 0.155665477  14  14  3  O
 0.172785758  14  14  4  O
 0.217711030  14  14  5  O
 0.257497581  14  14  6  O
 0.267842887  14  14  7  O
 0.292827756  14  14  8  O
 0.331498185  14  14  9  O
 0.378086937  14  14  10  O
 0.406838143  14  14  11  O
 0.453097523  14  14  12  O
 0.488545783  14  14  13  O
 0.512749510  14  14  14  O
 0.553504683  14  14  0  O
 0.580971513  14  14  1  O
 0.600407713  14  14  2  O
 0.644986551  14  14  3  O
 0.688673638  14  14  4  O
 0.710779706  14  14  5  O
 0.736478593  14  14  6  O
 0.771843193  14  14  7  O
 0.810785354  14  14  8  O
 0.836830092  14  14  9  O
 0.854991811  14  14  10  O
 0.886066888  14  14  11  O
 0.900966125  14  14  12  O
 0.942781012  14  14  13  O
 0.969656933  14  14  14  O
 1.015528822  14  14  0  O
 1.054039632  14  14  1  O
 1.102561756  14  14  2  O
 1.131766397  14  14  3  O
 1.163506806  14  14  4  O
 1.209771522  14  14  5  O
 1.237414144  14  14  6  O
 1.258986452  14  14  7  O
 1.279849099  14  14  8  O
 1.326838193  14  14  9  O
 1.357468740  14  14  10  O
 1.368852643  14  14  11  O
 1.387385896  14  14  12  O
 1.400925225  14  14  13  O
 1.450603966  14  14  14  O
 1.494762642  14  14  0  O
 1.517516038  14  14  1  O
 1.528436796  14  14  2  O
 1.549627869  14  14  3  O
 1.572151328  14  14  4  O
 1.582619351  14  14  5  O
 1.602604886  14  14  6  O
 1.652741061  14  14  7  O
 1.681167135  14  14  8  O
 1.704471097  14  14  9  O
 1.740222103  14  14  10  O
 1.763492078  14  14  11  O
 1.805410869  14  14  12  O
 1.833224244  14  14  13  O
 1.857362029  14  14  14  O
 1.903621765  14  14  0  O
 1.953405046  14  14  1  O
 1.965382607  14  14  2  O
 1.976297423  14  14  3  O
 2.023827247  14  14  4  O
 2.071550123  14  14  5  O
 2.083050162  14  14  6  O
 2.094949928  14  14  7  O
 2.126337648  14  14  8  O
 2.160950090  14  14  9  O
 2.195762232  14  14  10  O
 2.242633957  14  14  11  O
 2.254470197  14  14  12  O
 2.284972920  14  14  13  O
 2.312386640  14  14  14  O
 2.326843115  14  14  0  O
 2.343878738  14  14  1  O
 2.354583399  14  14  2  O
 2.403555995  14  14  3  O
 2.446971901  14  14  4  O
 2.473130934  14  14  5  O
 2.507063165  14  14  6  O
 2.551969390  14  14  7  O
 2.590302156  14  14  8  O
 2.616861315  14  14  9  O
 2.655177418  14  14  10  O
 2.700740742  14  14  11  O
 2.737136340  14  14  12  O
 2.772163906  14  14  13  O
