-1  15  15  15
 0.000000000  8  8  8  I
 0.031751294  8  8  9  I
 0.058705569  8  8  10  I
 0.089218931  8  8  11  I
 0.105799902  8  8  12  I
 0.126754998  8  8  13  I
 0.173186895  8  8  14  I
 0.259280361  8  8  0  I
 0.277840806  8  8  1  I
 0.315403839  8  8  2  I
 0.351609450  8  8  3  I
 0.381525583  8  8  4  I
 0.417627549  8  8  5  I
 0.451881273  8  8  6  I
 0.485509082  8  8  7  I
 0.519980775  8  8  8  I
 0.550810386  8  8  9  I
 0.572875407  8  8  10  I
 0.604995624  8  8  11  I
 0.604995624  8  8  11  i
 0.000000000  14  14  14  O
 0.033180492  14  14  0  O
 0.078263568  14  14  1  O
 0.116530700  14  14  2  O
 0.156631742  14  14  3  O
 0.175098726  14  14  4  O
 0.197810396  14  14  5  O
 0.216198057  14  14  6  O
 0.242659492  14  14  7  O
 0.288474471  14  14  8  O
 0.336303999  14  14  9  O
 0.370672347  14  14  10  O
 0.381646002  14  14  11  O
 0.397814530  14  14  12  O
 0.435356478  14  14  13  O
 0.476266023  14  14  14  O
 0.496986462  14  14  0  O
 0.510612214  14  14  1  O
 0.555259544  14  14  2  O
 0.595283422  14  14  3  O
 0.607002872  14  14  4  O
 0.680907790  14  14  5  O
 0.727351293  14  14  6  O
 0.000000000  6  6  6  G
 0.044675135  6  6  7  G
 0.061971640  6  6  8  G
 0.094474729  6  6  9  G
 0.125406052  6  6  10  G
 0.140907112  6  6  11  G
 0.184560235  6  6  12  G
 0.227515242  6  6  13  G
 0.246942536  6  6  14  G
 0.261099171  6  6  0  G
 0.290592677  6  6  1  G
 0.326863630  6  6  2  G
 0.365414458  6  6  3  G
 0.399212179  6  6  4  G
 0.432148620  6  6  5  G
 0.444827032  6  6  6  G
 0.456571945  6  6  7  G
 0.505999323  6  6  8  G
 0.525314842  6  6  9  G
 0.558438844  6  6  10  G
 0.575778460  6  6  11  G
 0.590559159  6  6  12  G
 0.636873270  6  6  13  G
 0.668599520  6  6  14  G
 0.680890475  6  6  0  G
 0.723341616  6  6  1  G
 0.751907585  6  6  2  G
 0.785804064  6  6  3  G
 0.827251783  6  6  4  G
 0.866388559  6  6  5  G
 0.898036977  6  6  6  G
 0.000000000  1  1  1  B
 0.049637498  1  0  1  B
 0.116571499  1  14  1  B
 0.158677247  1  13  1  B
 0.171855985  1  12  1  B
 0.197901569  1  11  1  B
 0.227228170  1  10  1  B
 0.266363099  1  9  1  B
 0.315513026  1  8  1  B
 0.382208156  1  7  1  B
 0.399246311  1  6  1  B
 0.420160028  1  5  1  B
 0.444339526  1  4  1  B
 0.473934979  1  3  1  B
 0.513096812  1  2  1  B
 0.562313464  1  1  1  B
 0.585063586  1  0  1  B
 0.605031905  1  14  1  B
 0.651521474  1  13  1  B
 0.695892251  1  12  1  B
 0.732530554  1  11  1  B
 0.760801486  1  10  1  B
 0.792919336  1  9  1  B
 0.809350050  1  8  1  B
 0.841061478  1  7  1  B
 0.855455944  1  6  1  B
 0.874943221  1  5  1  B
 0.915612530  1  4  1  B
 0.000000000  11  11  11  L
 0.046380043  11  12  11  L
 0.076087858  11  13  11  L
 0.108038875  11  14  11  L
 0.155812068  11  0  11  L
 0.174194219  11  1  11  L
 0.211364296  11  2  11  L
 0.242341817  11  3  11  L
 0.257663242  11  4  11  L
 0.285740310  11  5  11  L
 0.307691562  11  6  11  L
 0.342873102  11  7  11  L
 0.372618144  11  8  11  L
 0.416271001  11  9  11  L
 0.440648719  11  10  11  L
 0.469527379  11  11  11  L
 0.517321177  11  12  11  L
 0.567190064  11  13  11  L
 0.601871690  11  14  11  L
 0.646889864  11  0  11  L
 0.666255162  11  1  11  L
 0.703767078  11  2  11  L
 0.729468884  11  3  11  L
 0.743343651  11  4  11  L
 0.761461454  11  5  11  L
 0.800130082  11  6  11  L
 0.849225698  11  7  11  L
 0.849225698  11  7  11  l
 0.000000000  2  2  2  C
 0.053674832  2  2  1  C
 0.069723822  2  2  0  C
 0.090118976  2  2  14  C
 0.105110233  2  2  13  C
 0.127608478  2  2  12  C
 0.164458878  2  2  11  C
 0.211269824  2  2  10  C
 0.233932546  2  2  9  C
 0.250144887  2  2  8  C
 0.280634840  2  2  7  C
 0.293245603  2  2  6  C
 0.307743066  2  2  5  C
 0.352607396  2  2  4  C
 0.387345498  2  2  3  C
 0.427485158  2  2  2  C
 0.471067611  2  2  1  C
 0.513006008  2  2  0  C
 0.550884004  2  2  14  C
 0.574512742  2  2  13  C
 0.603205135  2  2  12  C
 0.632437944  2  2  11  C
 0.695532705  2  2  10  C
 0.719731637  2  2  9  C
 0.762070949  2  2  8  C
 0.810949910  2  2  7  C
 0.828581987  2  2  6  C
 0.875355794  2  2  5  C
 0.890346878  2  2  4  C
 0.915389322  2  2  3  C
 0.928056137  2  2  2  C
 0.950395310  2  2  1  C
 0.000000000  7  7  7  H
 0.032185819  7  7  8  H
 0.063756632  7  7  9  H
 0.104314313  7  7  10  H
 0.152518024  7  7  11  H
 0.227680553  7  7  12  H
 0.276730743  7  7  13  H
 0.289189184  7  7  14  H
 0.322224898  7  7  0  H
 0.346423735  7  7  1  H
 0.382122667  7  7  2  H
 0.410161347  7  7  3  H
 0.431739203  7  7  4  H
 0.452076422  7  7  5  H
 0.492432010  7  7  6  H
 0.524989292  7  7  7  H
 0.555432559  7  7  8  H
 0.593990147  7  7  9  H
 0.607536595  7  7  10  H
 0.642704287  7  7  11  H
 0.659794809  7  7  12  H
 0.710280442  7  7  13  H
 0.724122410  7  7  14  H
 0.737897732  7  7  0  H
 0.786627613  7  7  1  H
 0.812883408  7  7  2  H
 0.849944325  7  7  3  H
 0.890297096  7  7  4  H
 0.928950750  7  7  5  H
 0.945665927  7  7  6  H
 0.971611135  7  7  7  H
 1.016259504  7  7  8  H
 1.061954156  7  7  9  H
 1.079384965  7  7  10  H
 1.079384965  7  7  10  h
 0.000000000  10  10  10  K
 0.054634268  10  11  10  K
 0.088021869  10  12  10  K
 0.125700291  10  13  10  K
 0.142524564  10  14  10  K
 0.172891223  10  0  10  K
 0.219459370  10  1  10  K
 0.242978794  10  2  10  K
 0.283255346  10  3  10  K
 0.298874607  10  4  10  K
 0.312114741  10  5  10  K
 0.329720356  10  6  10  K
 0.353769638  10  7  10  K
 0.403643643  10  8  10  K
 0.427336169  10  9  10  K
 0.440233095  10  10  10  K
 0.482076153  10  11  10  K
 0.517321189  10  12  10  K
 0.553943627  10  13  10  K
 0.567599051  10  14  10  K
 0.583821472  10  0  10  K
 0.608898914  10  1  10  K
 0.657517914  10  2  10  K
 0.695539722  10  3  10  K
 0.714560258  10  4  10  K
 0.732231865  10  5  10  K
 0.746126995  10  6  10  K
 0.779119195  10  7  10  K
 0.800428334  10  8  10  K
 0.821605535  10  9  10  K
 0.858908750  10  10  10  K
 0.891151202  10  11  10  K
 0.925690761  10  12  10  K
 0.970668876  10  13  10  K
 0.997006181  10  14  10  K
 1.046620891  10  0  10  K
 1.076605050  10  1  10  K
 1.089678747  10  2  10  K
 1.131096570  10  3  10  K
 1.150638001  10  4  10  K
 1.194773362  10  5  10  K
 1.235168584  10  6  10  K
 1.235168584  10  6  10  k
 0.000000000  4  4  4  E
 0.085189715  4  3  4  E
 0.126233560  4  2  4  E
 0.167209528  4  1  4  E
 0.182781332  4  0  4  E
 0.198621730  4  14  4  E
 0.241431221  4  13  4  E
 0.288774811  4  12  4  E
 0.327470836  4  11  4  E
 0.365632522  4  10  4  E
 0.408941162  4  9  4  E
 0.421289323  4  8  4  E
 0.452162690  4  7  4  E
 0.494549269  4  6  4  E
 0.506178743  4  5  4  E
 0.521093218  4  4  4  E
 0.565426224  4  3  4  E
 0.579521183  4  2  4  E
 0.597012718  4  1  4  E
 0.643054462  4  0  4  E
 0.689082176  4  14  4  E
 0.736297008  4  13  4  E
 0.749208856  4  12  4  E
 0.785079501  4  11  4  E
 0.818546496  4  10  4  E
 0.854262577  4  9  4  E
 0.886802320  4  8  4  E
 0.929044701  4  7  4  E
 0.978821044  4  6  4  E
 0.999162214  4  5  4  E
 1.028053495  4  4  4  E
 1.059606211  4  3  4  E
 1.076638624  4  2  4  E
 1.115855636  4  1  4  E
 1.126458268  4  0  4  E
 1.150643940  4  14  4  E
 1.161406110  4  13  4  E
 1.199243896  4  12  4  E
 1.228708292  4  11  4  E
 1.271842089  4  10  4  E
 1.290767721  4  9  4  E
 1.321930607  4  8  4  E
 1.371334794  4  7  4  E
 1.382766617  4  6  4  E
 1.424819846  4  5  4  E
 1.440165116  4  4  4  E
 1.499358179  4  3  4  E
 1.547659074  4  2  4  E
 1.575925891  4  1  4  E
 1.614400798  4  0  4  E
 1.631870478  4  14  4  E
 1.650086305  4  13  4  E
 1.695441017  4  12  4  E
 1.707692531  4  11  4  E
 1.752420497  4  10  4  E
 1.800182506  4  9  4  E
 1.828653500  4  8  4  E
 1.863613968  4  7  4  E
 1.886485919  4  6  4  E
 1.916440056  4  5  4  E
 0.000000000  9  9  9  J
 0.038855147  9  10  9  J
 0.075326312  9  11  9  J
 0.103577978  9  12  9  J
 0.129605387  9  13  9  J
 0.157680035  9  14  9  J
 0.201895826  9  0  9  J
 0.216529197  9  1  9  J
 0.250236626  9  2  9  J
 0.285866001  9  3  9  J
 0.301298002  9  4  9  J
 0.321999576  9  5  9  J
 0.348404030  9  6  9  J
 0.381454977  9  7  9  J
 0.402571094  9  8  9  J
 0.420174266  9  9  9  J
 0.441470702  9  10  9  J
 0.451713639  9  11  9  J
 0.485414770  9  12  9  J
 0.504973642  9  13  9  J
 0.551256817  9  14  9  J
 0.582582549  9  0  9  J
 0.609897837  9  1  9  J
 0.633715097  9  2  9  J
 0.663525702  9  3  9  J
 0.689069114  9  4  9  J
 0.703533435  9  5  9  J
 0.744413702  9  6  9  J
 0.756618313  9  7  9  J
 0.772470080  9  8  9  J
 0.782923198  9  9  9  J
 0.823401695  9  10  9  J
 0.841185783  9  11  9  J
 0.853201725  9  12  9  J
 0.902621877  9  13  9  J
 0.950312204  9  14  9  J
 0.968439768  9  0  9  J
 1.008141210  9  1  9  J
 1.046539772  9  2  9  J
 1.077865801  9  3  9  J
 1.114040677  9  4  9  J
 1.140626813  9  5  9  J
 1.190714066  9  6  9  J
 1.205686702  9  7  9  J
 1.251689513  9  8  9  J
 1.284001789  9  9  9  J
 1.329042181  9  10  9  J
 1.347349307  9  11  9  J
 1.371450127  9  12  9  J
 1.403609283  9  13  9  J
 1.441076801  9  14  9  J
 1.476929226  9  0  9  J
 1.488094407  9  1  9  J
 1.506112954  9  2  9  J
 1.534207612  9  3  9  J
 1.573072348  9  4  9  J
 1.605608168  9  5  9  J
 1.617322369  9  6  9  J
 1.649960471  9  7  9  J
 1.685086619  9  8  9  J
 1.727964894  9  9  9  J
 1.741847789  9  10  9  J
 1.754783522  9  11  9  J
 1.800869688  9  12  9  J
 1.828381818  9  13  9  J
 1.840259495  9  14  9  J
 1.875037357  9  0  9  J
 1.908167575  9  1  9  J
 1.954766989  9  2  9  J
 0.000000000  12  12  12  M
 0.035216871  12  11  12  M
 0.083519366  12  10  12  M
 0.123716665  12  9  12  M
 0.160718487  12  8  12  M
 0.194687554  12  7  12  M
 0.227588956  12  6  12  M
 0.248301576  12  5  12  M
 0.264964446  12  4  12  M
 0.326254715  12  3  12  M
 0.357705084  12  2  12  M
 0.402395673  12  1  12  M
 0.448559734  12  0  12  M
 0.476968561  12  14  12  M
 0.499013089  12  13  12  M
 0.521941272  12  12  12  M
 0.568610031  12  11  12  M
 0.597632534  12  10  12  M
 0.626377323  12  9  12  M
 0.643041806  12  8  12  M
 0.710323796  12  7  12  M
 0.748653152  12  6  12  M
 0.772160485  12  5  12  M
 0.788603509  12  4  12  M
 0.808951968  12  3  12  M
 0.835737041  12  2  12  M
 0.846612130  12  1  12  M
 0.871413980  12  0  12  M
 0.890926021  12  14  12  M
 0.901893413  12  13  12  M
 0.920378000  12  12  12  M
 0.957701275  12  11  12  M
 0.986538681  12  10  12  M
 1.002634318  12  9  12  M
 1.043566176  12  8  12  M
 1.090970519  12  7  12  M
 1.112761252  12  6  12  M
 1.133625482  12  5  12  M
 1.173974869  12  4  12  M
 1.212303248  12  3  12  M
 1.255327771  12  2  12  M
 1.269576542  12  1  12  M
 1.319220885  12  0  12  M
 1.367109316  12  14  12  M
 1.382321621  12  13  12  M
 1.428627390  12  12  12  M
 1.439617505  12  11  12  M
 1.460626335  12  10  12  M
 1.488445434  12  9  12  M
 1.514225181  12  8  12  M
 1.562619276  12  7  12  M
 1.593974269  12  6  12  M
 1.609382927  12  5  12  M
 1.621289687  12  4  12  M
 1.631721046  12  3  12  M
 1.664623813  12  2  12  M
 1.675169706  12  1  12  M
 1.700012061  12  0  12  M
 1.749975691  12  14  12  M
 1.778400975  12  13  12  M
 1.825662892  12  12  12  M
 1.852299072  12  11  12  M
 1.892096681  12  10  12  M
 1.923216808  12  9  12  M
 1.933480190  12  8  12  M
 1.963619158  12  7  12  M
 0.000000000  5  5  5  F
 0.036139332  5  6  5  F
 0.057538223  5  7  5  F
 0.072423897  5  8  5  F
 0.102799769  5  9  5  F
 0.137528068  5  10  5  F
 0.168719540  5  11  5  F
 0.188388692  5  12  5  F
 0.214251747  5  13  5  F
 0.229605774  5  14  5  F
 0.241831371  5  0  5  F
 0.259965176  5  1  5  F
 0.276856849  5  2  5  F
 0.305178450  5  3  5  F
 0.345605750  5  4  5  F
 0.380371880  5  5  5  F
 0.400955969  5  6  5  F
 0.432084558  5  7  5  F
 0.451979707  5  8  5  F
 0.488333505  5  9  5  F
 0.524456278  5  10  5  F
 0.565320294  5  11  5  F
 0.595499991  5  12  5  F
 0.638038624  5  13  5  F
 0.652012165  5  14  5  F
 0.680894095  5  0  5  F
 0.712726560  5  1  5  F
 0.742581479  5  2  5  F
 0.758143810  5  3  5  F
 0.789055270  5  4  5  F
 0.807560726  5  5  5  F
 0.845010627  5  6  5  F
 0.855710719  5  7  5  F
 0.870222188  5  8  5  F
 0.881299030  5  9  5  F
 0.905288473  5  10  5  F
 0.928591367  5  11  5  F
 0.941019058  5  12  5  F
 0.960360219  5  13  5  F
 0.996161653  5  14  5  F
 1.043539096  5  0  5  F
 1.078991447  5  1  5  F
 1.119631622  5  2  5  F
 1.150031062  5  3  5  F
 1.185902541  5  4  5  F
 1.200248376  5  5  5  F
 1.235988668  5  6  5  F
 1.251592044  5  7  5  F
 1.279859452  5  8  5  F
 1.296972423  5  9  5  F
 1.343163703  5  10  5  F
 1.365444841  5  11  5  F
 1.375905992  5  12  5  F
 1.398103584  5  13  5  F
 1.447623119  5  14  5  F
 1.460626343  5  0  5  F
 1.492942314  5  1  5  F
 1.508969392  5  2  5  F
 1.551619131  5  3  5  F
 1.565195541  5  4  5  F
 1.582635429  5  5  5  F
 1.631938060  5  6  5  F
 1.652283424  5  7  5  F
 1.680612266  5  8  5  F
 1.725109202  5  9  5  F
 1.754003984  5  10  5  F
 1.771241880  5  11  5  F
 1.817358003  5  12  5  F
 1.862619891  5  13  5  F
 1.893767416  5  14  5  F
 1.932730818  5  0  5  F
 1.974250037  5  1  5  F
 1.988296400  5  2  5  F
 2.004204817  5  3  5  F
 2.028046532  5  4  5  F
 0.000000000  3  3  3  D
 0.050397098  3  3  4  D
 0.085133048  3  3  5  D
 0.105891646  3  3  6  D
 0.154701582  3  3  7  D
 0.171483759  3  3  8  D
 0.195109689  3  3  9  D
 0.227677917  3  3  10  D
 0.265631611  3  3  11  D
 0.291878621  3  3  12  D
 0.326166026  3  3  13  D
 0.343749553  3  3  14  D
 0.373305951  3  3  0  D
 0.397650633  3  3  1  D
 0.416435882  3  3  2  D
 0.463297326  3  3  3  D
 0.481904095  3  3  4  D
 0.494036166  3  3  5  D
 0.521208562  3  3  6  D
 0.553543290  3  3  7  D
 0.584903267  3  3  8  D
 0.625116040  3  3  9  D
 0.653523607  3  3  10  D
 0.695470319  3  3  11  D
 0.728770971  3  3  12  D
 0.758961946  3  3  13  D
 0.800782374  3  3  14  D
 0.844472314  3  3  0  D
 0.862275660  3  3  1  D
 0.893920939  3  3  2  D
 0.938352084  3  3  3  D
 0.975117677  3  3  4  D
 1.004120124  3  3  5  D
 1.025254636  3  3  6  D
 1.071130503  3  3  7  D
 1.110833731  3  3  8  D
 1.151021573  3  3  9  D
 1.188785565  3  3  10  D
 1.225920182  3  3  11  D
 1.262876857  3  3  12  D
 1.284201970  3  3  13  D
 1.321020023  3  3  14  D
 1.352543539  3  3  0  D
 1.394911331  3  3  1  D
 1.421462875  3  3  2  D
 1.446995226  3  3  3  D
 1.476356147  3  3  4  D
 1.499266339  3  3  5  D
 1.535241340  3  3  6  D
 1.573155352  3  3  7  D
 1.619230226  3  3  8  D
 1.665595656  3  3  9  D
 1.688086454  3  3  10  D
 1.722769731  3  3  11  D
 1.764220257  3  3  12  D
 1.809423991  3  3  13  D
 1.827133999  3  3  14  D
 1.849919724  3  3  0  D
 1.873730212  3  3  1  D
 1.912918518  3  3  2  D
 1.932088037  3  3  3  D
 1.975946403  3  3  4  D
 2.028153686  3  3  5  D
 2.070866116  3  3  6  D
 2.109899361  3  3  7  D
 2.151389198  3  3  8  D
 2.185309988  3  3  9  D
 2.231235468  3  3  10  D
 2.254477492  3  3  11  D
 2.288442882  3  3  12  D
 2.356696493  3  3  13  D
 2.404571515  3  3  14  D
 2.416083584  3  3  0  D
 2.427230592  3  3  1  D
 2.469850700  3  3  2  D
 0.000000000  13  13  13  N
 0.027719334  13  12  13  N
 0.071382656  13  11  13  N
 0.101065279  13  10  13  N
 0.143620271  13  9  13  N
 0.173276940  13  8  13  N
 0.197420725  13  7  13  N
 0.247031344  13  6  13  N
 0.293940376  13  5  13  N
 0.305278340  13  4  13  N
 0.352856645  13  3  13  N
 0.392307216  13  2  13  N
 0.426467224  13  1  13  N
 0.467198537  13  0  13  N
 0.491211624  13  14  13  N
 0.513868213  13  13  13  N
 0.536903821  13  12  13  N
 0.579287680  13  11  13  N
 0.594535979  13  10  13  N
 0.634931190  13  9  13  N
 0.666155352  13  8  13  N
 0.678078642  13  7  13  N
 0.710237353  13  6  13  N
 0.750035725  13  5  13  N
 0.761861534  13  4  13  N
 0.810323646  13  3  13  N
 0.853091749  13  2  13  N
 0.876837208  13  1  13  N
 0.902410289  13  0  13  N
 0.946241010  13  14  13  N
 0.973550979  13  13  13  N
 1.003231988  13  12  13  N
 1.015839182  13  11  13  N
 1.064453040  13  10  13  N
 1.095377459  13  9  13  N
 1.130893252  13  8  13  N
 1.176805356  13  7  13  N
 1.194349230  13  6  13  N
 1.243985132  13  5  13  N
 1.261850337  13  4  13  N
 1.321116569  13  3  13  N
 1.350567879  13  2  13  N
 1.390637052  13  1  13  N
 1.415344765  13  0  13  N
 1.460754273  13  14  13  N
 1.491557853  13  13  13  N
 1.503696418  13  12  13  N
 1.550899309  13  11  13  N
 1.569768245  13  10  13  N
 1.604226481  13  9  13  N
 1.653538659  13  8  13  N
 1.700670480  13  7  13  N
 1.735675902  13  6  13  N
 1.751989546  13  5  13  N
 1.790769386  13  4  13  N
 1.830238651  13  3  13  N
 1.841922660  13  2  13  N
 1.854903476  13  1  13  N
 1.903434278  13  0  13  N
 1.949447523  13  14  13  N
 1.990136340  13  13  13  N
 2.029041378  13  12  13  N
 2.070200083  13  11  13  N
 2.095870251  13  10  13  N
 2.116083905  13  9  13  N
 2.158014695  13  8  13  N
 2.190370280  13  7  13  N
 2.238960863  13  6  13  N
 2.261613175  13  5  13  N
 2.288061038  13  4  13  N
 2.317469973  13  3  13  N
 2.356604783  13  2  13  N
 2.366982260  13  1  13  N
 2.411735287  13  0  13  N
 2.459126383  13  14  13  N
 2.493332453  13  13  13  N
 2.523957160  13  12  13  N
 2.550095985  13  11  13  N
 2.597760134  13  10  13  N
 2.618628254  13  9  13  N
 2.637587647  13  8  13  N
 2.675232391  13  7  13  N
 2.709608498  13  6  13  N
 2.730867310  13  5  13  N
 0.000000000  0  0  0  A
 0.020358057  0  14  0  A
 0.031356334  0  13  0  A
 0.080652452  0  12  0  A
 0.113807233  0  11  0  A
 0.158848183  0  10  0  A
 0.192695930  0  9  0  A
 0.212353930  0  8  0  A
 0.259193065  0  7  0  A
 0.290617239  0  6  0  A
 0.307008093  0  5  0  A
 0.338353231  0  4  0  A
 0.397706836  0  3  0  A
 0.446326146  0  2  0  A
 0.476580018  0  1  0  A
 0.524358798  0  0  0  A
 0.540573597  0  14  0  A
 0.574078083  0  13  0  A
 0.606885780  0  12  0  A
 0.641833314  0  11  0  A
 0.653738295  0  10  0  A
 0.684030053  0  9  0  A
 0.725243007  0  8  0  A
 0.786713931  0  7  0  A
 0.817657009  0  6  0  A
 0.866341962  0  5  0  A
 0.897977193  0  4  0  A
 0.919552770  0  3  0  A
 0.955247114  0  2  0  A
 0.972775239  0  1  0  A
 0.986144301  0  0  0  A
 1.005999270  0  14  0  A
 1.018339669  0  13  0  A
 1.054432467  0  12  0  A
 1.068210500  0  11  0  A
 1.087796642  0  10  0  A
 1.109564392  0  9  0  A
 1.151529844  0  8  0  A
 1.193775843  0  7  0  A
 1.236896403  0  6  0  A
 1.252480283  0  5  0  A
 1.276157126  0  4  0  A
 1.298603345  0  3  0  A
 1.324013309  0  2  0  A
 1.373544439  0  1  0  A
 1.389915747  0  0  0  A
 1.417265465  0  14  0  A
 1.441600548  0  13  0  A
 1.473743520  0  12  0  A
 1.484227158  0  11  0  A
 1.533243227  0  10  0  A
 1.574569217  0  9  0  A
 1.594551260  0  8  0  A
 1.615736051  0  7  0  A
 1.646666960  0  6  0  A
 1.671919416  0  5  0  A
 1.685635356  0  4  0  A
 1.708611232  0  3  0  A
 1.739291458  0  2  0  A
 1.768446452  0  1  0  A
 1.814696982  0  0  0  A
 1.842978210  0  14  0  A
 1.888866492  0  13  0  A
 1.903162342  0  12  0  A
 1.937911998  0  11  0  A
 1.961634713  0  10  0  A
 1.993017161  0  9  0  A
 2.015527344  0  8  0  A
 2.043686844  0  7  0  A
 2.092987190  0  6  0  A
 2.134946637  0  5  0  A
 2.166859904  0  4  0  A
 2.181900969  0  3  0  A
 2.223722814  0  2  0  A
 2.239455204  0  1  0  A
 2.261816046  0  0  0  A
 2.300204170  0  14  0  A
 2.342774065  0  13  0  A
 2.389577997  0  12  0  A
 2.407177095  0  11  0  A
 2.449704046  0  10  0  A
 2.469064353  0  9  0  A
 2.505376149  0  8  0  A
 2.535175526  0  7  0  A
 2.582208047  0  6  0  A
 2.600372002  0  5  0  A
 2.634578268  0  4  0  A
 2.655336606  0  3  0  A
 2.691606474  0  2  0  A
 2.713551113  0  1  0  A
 2.745347492  0  0  0  A
 2.771459838  0  14  0  A
 2.818258445  0  13  0  A
 2.831751875  0  12  0  A
 2.858409366  0  11  0  A
 2.908365333  0  10  0  A
 2.933536371  0  9  0  A
 2.965761683  0  8  0  A
 2.991260141  0  7  0  A
