-1  15  15  15
 0.000000000  14  3  1  O
 0.000006030  14  4  1  O
 0.000011404  14  3  1  O
 0.000008646  14  3  2  O
 0.000008664  14  2  2  O
 0.000008618  14  1  2  O
 0.000008666  14  1  3  O
 0.000005169  14  0  3  O
 0.000008364  14  0  2  O
 0.000007511  14  0  3  O
 0.000007917  14  0  4  O
 0.000008349  14  0  5  O
 0.000008829  14  14  5  O
 0.000010833  14  0  5  O
 0.000000000  1  4  8  B
 0.000009564  1  4  7  B
 0.000008839  1  4  6  B
 0.000008463  1  4  7  B
 0.000008861  1  4  8  B
 0.000008202  1  5  8  B
 0.011484411  1  5  7  B
 0.034881687  1  5  6  B
 0.000008545  1  6  6  B
 0.000010951  1  7  6  B
 0.000008602  1  7  5  B
 0.000029859  1  6  5  B
 0.000007908  1  7  5  B
 0.000009529  1  8  5  B
 0.000009498  1  7  5  B
 0.000008701  1  6  5  B
 0.008877123  31  0  5  1
 0.226092038  31  2  5  1
 0.326722227  31  3  5  1
 0.559198550  31  4  5  1
 0.605895939  31  4  6  1
 0.693616367  31  5  6  1
 0.714306690  31  5  7  1
 0.854905643  31  6  7  1
 0.904409003  31  7  7  1
 0.904431269  31  15  15  1
 0.000000000  3  4  12  D
 0.000010527  3  4  13  D
 0.000008633  3  4  12  D
 0.000008883  3  4  11  D
 0.000009150  3  3  11  D
 0.000008754  3  3  10  D
 0.000009021  3  4  10  D
 0.000008801  3  5  10  D
 0.000008593  3  5  9  D
 0.000009010  3  6  9  D
 0.000010640  3  5  9  D
 0.000008793  3  4  9  D
 0.000008929  3  3  9  D
 0.044800624  3  4  9  D
 0.000008674  3  4  8  D
 0.000008567  3  4  9  D
 0.000009529  3  4  8  D
 0.000008277  3  5  8  D
 0.000009011  3  5  7  D
 0.000004261  3  5  8  D
 0.000008862  3  4  8  D
 0.000008419  3  5  8  D
 0.000008514  3  5  9  D
 0.000008049  3  5  8  D
 0.000008793  3  4  8  D
 0.000009901  3  5  8  D
 0.000107653  3  5  7  D
 0.000155198  3  6  7  D
 0.000012822  3  6  6  D
 0.000008798  3  6  7  D
 0.000008316  3  6  6  D
 0.000000000  8  13  3  I
 0.000009050  8  13  2  I
 0.000009192  8  12  2  I
 0.000008695  8  11  2  I
 0.000009159  8  11  1  I
 0.000010885  8  11  0  I
 0.000008824  8  11  1  I
 0.000010996  8  10  1  I
 0.000008647  8  11  1  I
 0.000011567  8  10  1  I
 0.000010507  8  10  0  I
 0.000009920  8  11  0  I
 0.000008883  8  12  0  I
 0.000008892  8  13  0  I
 0.000008645  8  13  14  I
 0.000008304  8  13  13  I
 0.049439579  8  13  12  I
 0.000005484  8  13  13  I
 0.000008391  8  13  14  I
 0.000011583  8  13  0  I
 0.042361542  8  13  14  I
 0.000008520  8  14  14  I
 0.000008499  8  14  0  I
 0.000008527  8  14  1  I
 0.000006436  8  0  1  I
 0.014734984  8  0  0  I
 0.000008763  8  1  0  I
 0.000011205  8  2  0  I
 0.000005340  8  2  1  I
 0.000009168  8  2  0  I
 0.000010338  8  1  0  I
 0.000009836  8  0  0  I
 0.000000000  13  1  3  N
 0.000011490  13  2  3  N
 0.000008397  13  2  2  N
 0.000008889  13  1  2  N
 0.000009003  13  0  2  N
 0.000008562  13  0  3  N
 0.000009055  13  14  3  N
 0.000008921  13  14  4  N
 0.000009139  13  0  4  N
 0.000012249  13  0  5  N
 0.000008449  13  0  4  N
 0.031858996  13  0  5  N
 0.000008380  13  1  5  N
 0.043329861  13  1  6  N
 0.000008737  13  1  5  N
 0.000009040  13  2  5  N
 0.000008940  13  2  4  N
 0.000008714  13  2  5  N
 0.000218752  13  3  5  N
 0.000204031  13  4  5  N
 0.000008905  13  4  4  N
 0.000011802  13  4  5  N
 0.000249066  13  4  6  N
 0.000201619  13  5  6  N
 0.000013236  13  5  5  N
 0.000008684  13  5  4  N
 0.000008700  13  4  4  N
 0.000008871  13  5  4  N
 0.000009694  13  5  3  N
 0.000008850  13  6  3  N
 0.000008712  13  5  3  N
 0.000010251  13  6  3  N
 0.000008233  13  6  4  N
 0.000008522  13  6  3  N
 0.000009039  13  6  2  N
 0.000010599  13  5  2  N
 0.000012521  13  5  1  N
 0.000011073  13  5  0  N
 0.000013933  13  5  14  N
 0.031965806  13  5  13  N
 0.000009744  13  6  13  N
 0.000008591  13  6  12  N
 0.000008796  13  7  12  N
 0.012128268  37  6  11  1
 1.035997313  37  5  11  1
 1.056832010  37  4  11  1
 1.333850002  37  4  12  1
 1.399822522  37  5  12  1
 1.440213010  37  6  12  1
 1.574220097  37  6  13  1
 1.574239867  37  15  15  1
 0.000000000  6  2  5  G
 0.000008927  6  2  6  G
 0.000008709  6  1  6  G
 0.000008645  6  1  5  G
 0.000012605  6  1  6  G
 0.000010743  6  1  7  G
 0.000008008  6  1  6  G
 0.000123733  6  1  5  G
 0.000008294  6  1  6  G
 0.000008681  6  2  6  G
 0.000114856  6  2  5  G
 0.024281823  6  2  6  G
 0.000007961  6  3  6  G
 0.000008286  6  2  6  G
 0.000007795  6  2  7  G
 0.000008816  6  2  8  G
 0.000008197  6  1  8  G
 0.000011247  6  0  8  G
 0.000008750  6  0  9  G
 0.000009247  6  14  9  G
 0.000009337  6  14  8  G
 0.000008622  6  14  9  G
 0.000009201  6  13  9  G
 0.000008995  6  14  9  G
 0.000008896  6  13  9  G
 0.000008415  6  13  10  G
 0.000008053  6  13  11  G
 0.000009125  6  12  11  G
 0.000008277  6  13  11  G
 0.000008695  6  13  10  G
 0.000008860  6  14  10  G
 0.000009536  6  14  11  G
 0.000011232  6  0  11  G
 0.000010583  6  14  11  G
 0.000009630  6  13  11  G
 0.000008425  6  13  10  G
 0.000008447  6  13  11  G
 0.000008297  6  13  10  G
 0.000010226  6  13  11  G
 0.000009456  6  14  11  G
 0.000008975  6  0  11  G
 0.000008703  6  0  10  G
 0.000008837  6  0  9  G
 0.000006803  6  14  9  G
 0.000009540  6  14  8  G
 0.000008963  6  13  8  G
 0.000009174  6  13  7  G
 0.000008806  6  13  6  G
 0.000009365  6  14  6  G
 0.000009087  6  13  6  G
 0.000009195  6  12  6  G
 0.000008665  6  13  6  G
 0.000000000  2  14  11  C
 0.010936098  2  13  11  C
 0.000009059  2  14  11  C
 0.045263536  2  14  12  C
 0.000008556  2  0  12  C
 0.000006188  2  0  13  C
 0.000008517  2  14  13  C
 0.000008578  2  0  13  C
 0.000009079  2  1  13  C
 0.000008797  2  2  13  C
 0.000008428  2  2  14  C
 0.000008900  2  3  14  C
 0.000010457  2  4  14  C
 0.000008468  2  3  14  C
 0.000009737  2  4  14  C
 0.000008820  2  4  0  C
 0.000011285  2  5  0  C
 0.000009128  2  5  14  C
 0.000008484  2  6  14  C
 0.000009243  2  6  0  C
 0.000008634  2  6  14  C
 0.000008932  2  5  14  C
 0.000011627  2  4  14  C
 0.000008399  2  4  0  C
 0.000008559  2  4  14  C
 0.000008559  2  5  14  C
 0.000008861  2  6  14  C
 0.000008522  2  6  13  C
 0.000008901  2  7  13  C
 0.000010935  2  6  13  C
 0.000012052  2  5  13  C
 0.000035530  2  4  13  C
 0.000008848  2  5  13  C
 0.000010861  2  4  13  C
 0.000013496  2  4  14  C
 0.000008723  2  4  13  C
 0.000008593  2  3  13  C
 0.000008645  2  2  13  C
 0.016562672  2  3  13  C
 0.000008618  2  3  12  C
 0.000200647  2  4  12  C
 0.000207721  2  5  12  C
 0.000008536  2  5  13  C
 0.000008370  2  5  14  C
 0.000008399  2  5  13  C
 0.000008473  2  5  12  C
 0.000223930  2  6  12  C
 0.000008640  2  6  11  C
 0.000008722  2  6  12  C
 0.000008629  2  6  13  C
 0.000008334  2  6  14  C
 0.000010965  2  5  14  C
 0.000008716  2  5  13  C
 0.000016613  2  5  14  C
 0.000011009  2  6  14  C
 0.000008878  2  7  14  C
 0.010004833  33  14  13  1
 1.178778997  33  13  13  1
 1.895748089  33  12  13  1
 2.030342570  33  13  13  1
 2.030371755  33  15  15  1
 0.000000000  12  9  0  M
 0.000011081  12  9  14  M
 0.000011591  12  9  13  M
 0.000008296  12  10  13  M
 0.046973959  12  10  14  M
 0.016998939  12  10  0  M
 0.019843990  12  9  0  M
 0.078591165  12  10  0  M
 0.000004218  12  9  0  M
 0.000008623  12  9  14  M
 0.000009246  12  8  14  M
 0.000008410  12  8  13  M
 0.000008847  12  9  13  M
 0.000008632  12  8  13  M
 0.000008709  12  8  14  M
 0.000008598  12  8  13  M
 0.000008927  12  8  12  M
 0.000009238  12  9  12  M
 0.000008582  12  8  12  M
 0.000008484  12  8  11  M
 0.066729136  12  8  10  M
 0.000008502  12  8  11  M
 0.000008441  12  8  12  M
 0.000010922  12  9  12  M
 0.000013949  12  10  12  M
 0.000008498  12  10  11  M
 0.000008936  12  10  10  M
 0.000008821  12  11  10  M
 0.000014425  12  12  10  M
 0.000009631  12  13  10  M
 0.000011042  12  14  10  M
 0.000010242  12  14  9  M
 0.000009251  12  0  9  M
 0.000009032  12  0  8  M
 0.000009360  12  0  7  M
 0.000008788  12  14  7  M
 0.000008665  12  13  7  M
 0.000010767  12  14  7  M
 0.000008535  12  14  8  M
 0.000008515  12  14  9  M
 0.000008908  12  13  9  M
 0.000008780  12  13  10  M
 0.000009029  12  12  10  M
 0.000008437  12  12  11  M
 0.000008945  12  13  11  M
 0.000011909  12  14  11  M
 0.000008489  12  14  10  M
 0.000008766  12  14  9  M
 0.000008979  12  0  9  M
 0.000008517  12  0  10  M
 0.000008549  12  1  10  M
 0.000008610  12  0  10  M
 0.000008627  12  14  10  M
 0.000008924  12  13  10  M
 0.000029296  12  13  11  M
 0.000008778  12  13  12  M
 0.000008875  12  14  12  M
 0.000008671  12  14  13  M
 0.000128129  12  13  13  M
 0.000009525  12  13  14  M
 0.000010228  12  13  13  M
 0.000009145  12  13  14  M
 0.000008086  12  12  14  M
 0.000169171  12  12  13  M
 0.000008467  12  13  13  M
 0.000009731  12  13  12  M
 0.000010657  12  13  11  M
 0.000009142  12  12  11  M
 0.000008712  12  11  11  M
 0.000010943  12  12  11  M
 0.000004575  12  11  11  M
 0.000214288  12  11  12  M
 0.000008481  12  10  12  M
 0.000008763  12  9  12  M
 0.000008917  12  10  12  M
 0.000010421  12  11  12  M
 0.000008731  12  11  13  M
 0.000000000  9  11  13  J
 0.000008815  9  10  13  J
 0.000009320  9  10  12  J
 0.000017748  9  9  12  J
 0.000051764  9  9  11  J
 0.000008751  9  10  11  J
 0.000008522  9  11  11  J
 0.000008410  9  10  11  J
 0.000009244  9  10  10  J
 0.000008300  9  10  11  J
 0.000007979  9  10  12  J
 0.000010367  9  9  12  J
 0.000008467  9  9  13  J
 0.042813037  9  9  12  J
 0.000008685  9  9  11  J
 0.000008366  9  10  11  J
 0.000010310  9  11  11  J
 0.000008806  9  11  10  J
 0.000008057  9  11  9  J
 0.000009278  9  10  9  J
 0.000008436  9  10  10  J
 0.000011140  9  10  9  J
 0.000009376  9  10  10  J
 0.000008848  9  9  10  J
 0.000008432  9  9  9  J
 0.000008521  9  9  10  J
 0.000011191  9  8  10  J
 0.037882321  9  7  10  J
 0.000008132  9  7  9  J
 0.000010582  9  7  8  J
 0.000008686  9  8  8  J
 0.000008475  9  8  9  J
 0.000008341  9  8  10  J
 0.000010707  9  9  10  J
 0.000008669  9  9  11  J
 0.048689195  9  8  11  J
 0.000009439  9  7  11  J
 0.000209956  9  6  11  J
 0.000235538  9  5  11  J
 0.000010435  9  5  12  J
 0.000009102  9  6  12  J
 0.000008310  9  7  12  J
 0.000008817  9  7  11  J
 0.000009009  9  7  10  J
 0.000011122  9  7  11  J
 0.000008612  9  6  11  J
 0.000009032  9  5  11  J
 0.000008534  9  5  12  J
 0.000008638  9  5  11  J
 0.000011211  9  6  11  J
 0.000243840  9  6  10  J
 0.000010841  9  6  9  J
 0.000009331  9  7  9  J
 0.000008760  9  6  9  J
 0.000008107  9  5  9  J
 0.000008577  9  5  10  J
 0.000008587  9  5  11  J
 0.000008658  9  4  11  J
 0.029459366  9  3  11  J
 0.000008963  9  2  11  J
 0.000007861  9  2  12  J
 0.000011465  9  1  12  J
 0.000008696  9  1  11  J
 0.050772693  9  0  11  J
 0.000008438  9  1  11  J
 0.000008726  9  0  11  J
 0.000008132  9  1  11  J
 0.000008559  9  1  12  J
 0.000010242  9  1  11  J
 0.000008676  9  1  10  J
 0.026257618  9  1  11  J
 0.000008812  9  0  11  J
 0.000008542  9  0  12  J
 0.000011448  9  0  11  J
 0.000004226  9  1  11  J
 0.000004107  9  1  10  J
 0.000008596  9  1  9  J
 0.000008627  9  2  9  J
 0.000010174  9  2  8  J
 0.000009951  9  2  9  J
 0.000008649  9  2  8  J
 0.000008453  9  2  9  J
 0.000008656  9  2  10  J
 0.000000000  10  14  9  K
 0.000008200  10  14  10  K
 0.000008675  10  0  10  K
 0.000012594  10  0  11  K
 0.000008846  10  0  10  K
 0.000008687  10  14  10  K
 0.000008657  10  0  10  K
 0.000008673  10  1  10  K
 0.000008400  10  1  11  K
 0.000011059  10  1  10  K
 0.000008401  10  1  11  K
 0.000008487  10  0  11  K
 0.000012589  10  0  10  K
 0.000008088  10  1  10  K
 0.000008624  10  2  10  K
 0.000008793  10  3  10  K
 0.000010222  10  4  10  K
 0.042946987  10  4  11  K
 0.000008530  10  4  12  K
 0.000009026  10  4  11  K
 0.000008867  10  4  12  K
 0.000009304  10  5  12  K
 0.000008931  10  4  12  K
 0.000008626  10  3  12  K
 0.000008643  10  4  12  K
 0.000011346  10  3  12  K
 0.000004927  10  3  13  K
 0.016683451  10  3  14  K
 0.000009255  10  3  0  K
 0.000008533  10  3  14  K
 0.039211555  10  2  14  K
 0.000009618  10  3  14  K
 0.000008560  10  3  13  K
 0.000010605  10  2  13  K
 0.000010394  10  2  12  K
 0.000011208  10  1  12  K
 0.000008449  10  1  13  K
 0.000008923  10  1  12  K
 0.000011250  10  2  12  K
 0.000008882  10  3  12  K
 0.000010093  10  3  13  K
 0.000009296  10  3  12  K
 0.000008844  10  4  12  K
 0.000010902  10  3  12  K
 0.000008936  10  3  11  K
 0.000174415  10  4  11  K
 0.000008862  10  4  10  K
 0.000008856  10  3  10  K
 0.000011526  10  2  10  K
 0.000009118  10  3  10  K
 0.000008959  10  4  10  K
 0.000009089  10  4  9  K
 0.000009121  10  3  9  K
 0.000010454  10  4  9  K
 0.037692275  10  4  10  K
 0.018759609  10  3  10  K
 0.000009595  10  2  10  K
 0.000009260  10  2  9  K
 0.000008929  10  1  9  K
 0.000012114  10  1  8  K
 0.000009028  10  1  9  K
 0.000009010  10  2  9  K
 0.000008012  10  2  10  K
 0.000014613  10  2  11  K
 0.000010034  10  3  11  K
 0.000008662  10  3  12  K
 0.000015438  10  3  11  K
 0.000008984  10  3  12  K
 0.000011156  10  2  12  K
 0.000010930  10  2  11  K
 0.040915290  10  2  12  K
 0.000010201  10  2  11  K
 0.000009144  10  3  11  K
 0.000008395  10  2  11  K
 0.000004466  10  2  12  K
 0.000009030  10  2  13  K
 0.000008659  10  2  12  K
 0.000008369  10  2  13  K
 0.000008464  10  2  14  K
 0.000009136  10  1  14  K
 0.000008814  10  2  14  K
 0.000008580  10  1  14  K
 0.000009135  10  1  13  K
 0.000008959  10  0  13  K
 0.000006000  10  0  12  K
 0.000010250  10  0  13  K
 0.000008265  10  14  13  K
 0.000010532  10  14  14  K
 0.000008904  10  14  13  K
 0.000010740  10  0  13  K
 0.028062756  10  0  12  K
 0.000008369  10  0  13  K
 0.000008607  10  1  13  K
 0.000008181  10  0  13  K
 0.000008599  10  14  13  K
 0.000000000  7  8  1  H
 0.000009125  7  7  1  H
 0.000009070  7  8  1  H
 0.000009112  7  9  1  H
 0.000009057  7  9  0  H
 0.000008175  7  9  14  H
 0.000006990  7  9  13  H
 0.000008325  7  9  14  H
 0.000008526  7  10  14  H
 0.000008573  7  10  13  H
 0.000008913  7  11  13  H
 0.000008608  7  11  14  H
 0.000010384  7  12  14  H
 0.000009225  7  13  14  H
 0.027484912  7  13  13  H
 0.000008811  7  14  13  H
 0.000009348  7  14  14  H
 0.026297492  7  13  14  H
 0.000008415  7  14  14  H
 0.011172068  7  14  13  H
 0.000008561  7  14  14  H
 0.000006209  7  14  0  H
 0.000008436  7  14  1  H
 0.000008961  7  14  2  H
 0.000008842  7  0  2  H
 0.000008667  7  1  2  H
 0.000008572  7  0  2  H
 0.000009854  7  14  2  H
 0.000013029  7  0  2  H
 0.000009227  7  0  1  H
 0.017480316  7  0  2  H
 0.000008561  7  0  3  H
 0.000009099  7  0  2  H
 0.000008711  7  0  1  H
 0.000007918  7  1  1  H
 0.000009005  7  1  0  H
 0.000008538  7  1  1  H
 0.000008532  7  1  2  H
 0.000008103  7  0  2  H
 0.000009889  7  1  2  H
 0.000004156  7  2  2  H
 0.000008689  7  2  1  H
 0.000008487  7  1  1  H
 0.000008678  7  2  1  H
 0.000008459  7  2  2  H
 0.000008695  7  1  2  H
 0.000010851  7  1  3  H
 0.000008594  7  0  3  H
 0.000010324  7  1  3  H
 0.000008934  7  2  3  H
 0.000008404  7  1  3  H
 0.000008486  7  0  3  H
 0.000011396  7  14  3  H
 0.000010502  7  0  3  H
 0.000008265  7  14  3  H
 0.000008520  7  14  4  H
 0.000008315  7  14  3  H
 0.000008239  7  13  3  H
 0.000008250  7  13  4  H
 0.000009124  7  14  4  H
 0.000009154  7  13  4  H
 0.000008649  7  12  4  H
 0.000008807  7  12  5  H
 0.000008555  7  11  5  H
 0.000008565  7  12  5  H
 0.000004339  7  11  5  H
 0.000004002  7  12  5  H
 0.000008476  7  12  4  H
 0.000008511  7  12  5  H
 0.000010307  7  12  4  H
 0.000008640  7  12  3  H
 0.000008891  7  12  2  H
 0.000008180  7  12  3  H
 0.000008610  7  12  2  H
 0.000008964  7  11  2  H
 0.000008801  7  10  2  H
 0.000008588  7  10  1  H
 0.000010521  7  11  1  H
 0.000009424  7  12  1  H
 0.000008321  7  12  2  H
 0.000011107  7  11  2  H
 0.000008497  7  11  3  H
 0.000008286  7  11  4  H
 0.000008396  7  11  5  H
 0.000008568  7  12  5  H
 0.000008243  7  11  5  H
 0.000008721  7  10  5  H
 0.000009117  7  9  5  H
 0.000008652  7  9  4  H
 0.000009032  7  10  4  H
 0.000008553  7  11  4  H
 0.000010376  7  12  4  H
 0.000000000  5  0  10  F
 0.000008778  5  0  11  F
 0.000009431  5  0  12  F
 0.000010209  5  0  13  F
 0.000013829  5  14  13  F
 0.000013833  5  13  13  F
 0.000008661  5  13  14  F
 0.000008781  5  12  14  F
 0.000008870  5  13  14  F
 0.000008124  5  14  14  F
 0.000008372  5  14  13  F
 0.000008611  5  0  13  F
 0.000008913  5  14  13  F
 0.000008234  5  14  14  F
 0.000008853  5  14  13  F
 0.000008927  5  14  14  F
 0.000012698  5  14  0  F
 0.000007470  5  0  0  F
 0.000009123  5  0  14  F
 0.053093625  5  1  14  F
 0.000008771  5  1  13  F
 0.000009084  5  1  14  F
 0.000008395  5  1  13  F
 0.000009119  5  2  13  F
 0.000010594  5  2  12  F
 0.000005197  5  2  13  F
 0.000008821  5  1  13  F
 0.000008591  5  2  13  F
 0.000009406  5  3  13  F
 0.032083956  5  2  13  F
 0.000011634  5  1  13  F
 0.000010995  5  2  13  F
 0.000011037  5  2  14  F
 0.000009180  5  3  14  F
 0.000008696  5  2  14  F
 0.012290881  5  2  13  F
 0.000009481  5  1  13  F
 0.000009057  5  1  12  F
 0.000008316  5  0  12  F
 0.000008699  5  0  13  F
 0.000009033  5  0  14  F
 0.000010769  5  0  13  F
 0.000009208  5  14  13  F
 0.000011070  5  14  14  F
 0.000009218  5  14  13  F
 0.000009192  5  0  13  F
 0.000008719  5  14  13  F
 0.000008612  5  0  13  F
 0.000009004  5  0  14  F
 0.000008678  5  14  14  F
 0.000008866  5  14  0  F
 0.000009090  5  14  1  F
 0.000009510  5  14  0  F
 0.000008951  5  14  14  F
 0.000008110  5  13  14  F
 0.000009283  5  14  14  F
 0.000008980  5  0  14  F
 0.000008391  5  0  13  F
 0.000009059  5  0  12  F
 0.000009515  5  1  12  F
 0.000008466  5  0  12  F
 0.000009090  5  1  12  F
 0.000008655  5  2  12  F
 0.000010406  5  1  12  F
 0.000009186  5  2  12  F
 0.000008672  5  2  11  F
 0.000009826  5  2  10  F
 0.000008634  5  2  9  F
 0.000008036  5  2  10  F
 0.000009110  5  3  10  F
 0.000009588  5  2  10  F
 0.000008334  5  2  9  F
 0.000009032  5  3  9  F
 0.000011407  5  3  10  F
 0.000004749  5  4  10  F
 0.000009166  5  5  10  F
 0.000008775  5  5  9  F
 0.000008742  5  6  9  F
 0.000009191  5  7  9  F
 0.000189607  5  7  10  F
 0.000009161  5  6  10  F
 0.000009232  5  7  10  F
 0.000010576  5  7  9  F
 0.000009159  5  6  9  F
 0.000008966  5  6  10  F
 0.000008775  5  6  11  F
 0.000009296  5  6  12  F
 0.000009132  5  5  12  F
 0.000008323  5  6  12  F
 0.000011000  5  6  13  F
 0.000011326  5  7  13  F
 0.072964087  5  6  13  F
 0.000008022  5  6  14  F
 0.000010205  5  6  0  F
 0.000009191  5  7  0  F
 0.037979939  5  6  0  F
 0.000011526  5  5  0  F
 0.000000000  4  11  1  E
 0.000008771  4  10  1  E
 0.000008278  4  10  0  E
 0.000011521  4  10  14  E
 0.000009325  4  10  0  E
 0.000008335  4  9  0  E
 0.000011014  4  9  14  E
 0.000008486  4  8  14  E
 0.000008638  4  8  13  E
 0.000008951  4  8  14  E
 0.037084973  4  8  13  E
 0.000011575  4  8  12  E
 0.000031244  4  7  12  E
 0.000008998  4  8  12  E
 0.000012642  4  9  12  E
 0.000008338  4  9  13  E
 0.000012420  4  10  13  E
 0.000008698  4  10  14  E
 0.000008772  4  10  13  E
 0.000008364  4  10  14  E
 0.000009017  4  10  0  E
 0.000010177  4  9  0  E
 0.000008473  4  9  1  E
 0.000008817  4  9  0  E
 0.000008698  4  9  14  E
 0.000010789  4  8  14  E
 0.000008622  4  9  14  E
 0.000015499  4  9  0  E
 0.000013514  4  9  14  E
 0.000012203  4  9  13  E
 0.000008201  4  10  13  E
 0.000010685  4  11  13  E
 0.000126147  4  12  13  E
 0.000009010  4  12  12  E
 0.000008990  4  12  11  E
 0.000008678  4  11  11  E
 0.000010805  4  11  10  E
 0.000008701  4  11  9  E
 0.000008178  4  11  10  E
 0.000008794  4  10  10  E
 0.000013099  4  10  9  E
 0.000008829  4  9  9  E
 0.000008951  4  10  9  E
 0.000008783  4  9  9  E
 0.000009024  4  8  9  E
 0.000008476  4  8  8  E
 0.000007890  4  8  7  E
 0.000008605  4  9  7  E
 0.000013275  4  9  6  E
 0.000008588  4  9  5  E
 0.000011481  4  8  5  E
 0.000015303  4  8  6  E
 0.000008379  4  8  5  E
 0.000008238  4  8  4  E
 0.000010922  4  8  3  E
 0.000009000  4  9  3  E
 0.000009410  4  9  4  E
 0.000008903  4  10  4  E
 0.000008524  4  11  4  E
 0.000008430  4  10  4  E
 0.000008659  4  10  3  E
 0.000010261  4  10  4  E
 0.000008544  4  9  4  E
 0.000008964  4  9  5  E
 0.000008339  4  9  4  E
 0.000009803  4  8  4  E
 0.000009705  4  9  4  E
 0.000009178  4  9  3  E
 0.000009187  4  9  2  E
 0.000009157  4  9  1  E
 0.000013012  4  10  1  E
 0.000005801  4  10  0  E
 0.000008418  4  10  14  E
 0.000008254  4  11  14  E
 0.000008356  4  11  0  E
 0.000011295  4  12  0  E
 0.000010080  4  13  0  E
 0.000009890  4  13  1  E
 0.000008120  4  12  1  E
 0.032142028  4  13  1  E
 0.000008511  4  12  1  E
 0.000008774  4  12  2  E
 0.000008271  4  12  3  E
 0.000008460  4  13  3  E
 0.000008844  4  12  3  E
 0.000009126  4  13  3  E
 0.000008729  4  14  3  E
 0.000008035  4  14  2  E
 0.000008761  4  0  2  E
 0.000008522  4  14  2  E
 0.000010846  4  14  3  E
 0.000008774  4  14  4  E
 0.000010523  4  14  5  E
 0.000007940  4  14  6  E
 0.013734558  4  0  6  E
 0.000008898  4  1  6  E
 0.000009958  4  1  5  E
 0.000000000  11  9  4  L
 0.000009023  11  10  4  L
 0.000009102  11  9  4  L
 0.000008756  11  8  4  L
 0.000008732  11  7  4  L
 0.000008812  11  6  4  L
 0.000008641  11  5  4  L
 0.000010453  11  5  5  L
 0.000008505  11  5  6  L
 0.000008374  11  5  5  L
 0.000008776  11  5  4  L
 0.000009010  11  4  4  L
 0.000012375  11  4  5  L
 0.000048580  11  4  4  L
 0.000008805  11  4  3  L
 0.000010536  11  4  2  L
 0.000008853  11  4  3  L
 0.000008917  11  5  3  L
 0.000012590  11  5  2  L
 0.000012377  11  5  1  L
 0.000009021  11  4  1  L
 0.000010349  11  4  2  L
 0.000008569  11  4  1  L
 0.000008870  11  5  1  L
 0.000008634  11  4  1  L
 0.000010764  11  4  0  L
 0.000008345  11  4  1  L
 0.000008613  11  5  1  L
 0.000008164  11  4  1  L
 0.000008121  11  5  1  L
 0.000008561  11  4  1  L
 0.000009089  11  3  1  L
 0.000009809  11  2  1  L
 0.000009958  11  2  2  L
 0.000010960  11  3  2  L
 0.000008957  11  3  1  L
 0.000009159  11  3  0  L
 0.000008896  11  2  0  L
 0.000021250  11  2  1  L
 0.000013901  11  3  1  L
 0.000008489  11  2  1  L
 0.012391938  11  2  0  L
 0.000008795  11  2  14  L
 0.000008736  11  1  14  L
 0.000008642  11  0  14  L
 0.025805160  11  1  14  L
 0.000008659  11  1  0  L
 0.000008842  11  1  14  L
 0.000010300  11  1  13  L
 0.013021014  11  1  12  L
 0.000008846  11  0  12  L
 0.000009526  11  1  12  L
 0.000008707  11  1  13  L
 0.000008660  11  1  14  L
 0.000010908  11  1  13  L
 0.000009858  11  1  14  L
 0.000010436  11  1  0  L
 0.000010356  11  1  1  L
 0.000009083  11  0  1  L
 0.000008879  11  1  1  L
 0.000008347  11  1  2  L
 0.000008349  11  1  3  L
 0.000011052  11  2  3  L
 0.000010801  11  2  4  L
 0.000012009  11  2  5  L
 0.000010521  11  2  6  L
 0.000013774  11  1  6  L
 0.000008824  11  1  5  L
 0.022665277  11  1  6  L
 0.000009260  11  2  6  L
 0.000008755  11  1  6  L
 0.000005215  11  1  5  L
 0.107089330  11  1  6  L
 0.000008343  11  1  5  L
 0.000011016  11  1  4  L
 0.000010923  11  1  3  L
 0.000007997  11  1  2  L
 0.000010193  11  0  2  L
 0.000010666  11  0  3  L
 0.000008445  11  0  4  L
 0.000008715  11  0  3  L
 0.000008697  11  1  3  L
 0.000008938  11  2  3  L
 0.000008610  11  1  3  L
 0.000010714  11  0  3  L
 0.000008208  11  0  2  L
 0.000009910  11  0  1  L
 0.000008219  11  0  2  L
 0.000008410  11  0  3  L
 0.000008657  11  1  3  L
 0.000008389  11  1  4  L
 0.000008452  11  1  3  L
 0.000008360  11  0  3  L
 0.000007882  11  14  3  L
 0.000008633  11  13  3  L
 0.000008519  11  14  3  L
 0.000008244  11  14  4  L
 0.000008780  11  14  5  L
 0.000008312  11  14  6  L
 0.000009530  11  0  6  L
 0.008358859  30  2  5  1
 3.074678383  30  15  15  1
 0.000000000  0  7  3  A
 0.000005333  0  7  2  A
 0.041561178  0  7  3  A
 0.000008709  0  8  3  A
 0.000009167  0  9  3  A
 0.000008648  0  8  3  A
 0.000008756  0  8  2  A
 0.000010656  0  8  1  A
 0.000008588  0  8  0  A
 0.000008743  0  7  0  A
 0.000010761  0  8  0  A
 0.000010341  0  8  1  A
 0.000008547  0  7  1  A
 0.000012614  0  6  1  A
 0.000008926  0  5  1  A
 0.000008645  0  6  1  A
 0.000008300  0  7  1  A
 0.000008918  0  7  0  A
 0.000015926  0  6  0  A
 0.000008294  0  6  1  A
 0.000008946  0  7  1  A
 0.000008390  0  6  1  A
 0.000017000  0  6  2  A
 0.000010664  0  6  3  A
 0.000008589  0  6  4  A
 0.000013000  0  7  4  A
 0.000008653  0  8  4  A
 0.000011001  0  7  4  A
 0.000010434  0  7  5  A
 0.000008495  0  7  4  A
 0.000008745  0  7  5  A
 0.000014114  0  7  6  A
 0.045701062  0  7  5  A
 0.000009268  0  8  5  A
 0.000013438  0  8  6  A
 0.000008804  0  7  6  A
 0.031999610  0  7  5  A
 0.000009256  0  7  4  A
 0.000008185  0  7  5  A
 0.000036592  0  8  5  A
 0.000008953  0  7  5  A
 0.000009029  0  7  6  A
 0.000009289  0  8  6  A
 0.000008726  0  8  5  A
 0.000008472  0  9  5  A
 0.000013042  0  10  5  A
 0.000008632  0  10  6  A
 0.000010166  0  10  5  A
 0.000008662  0  11  5  A
 0.000010133  0  11  6  A
 0.000008834  0  11  7  A
 0.000009072  0  12  7  A
 0.000008544  0  11  7  A
 0.000009174  0  10  7  A
 0.000008712  0  10  6  A
 0.000011878  0  11  6  A
 0.000008624  0  11  7  A
 0.000011150  0  12  7  A
 0.000240217  0  12  8  A
 0.000008902  0  12  9  A
 0.000009116  0  11  9  A
 0.000008497  0  11  10  A
 0.000008936  0  11  11  A
 0.000012061  0  10  11  A
 0.000008253  0  10  12  A
 0.000012799  0  10  13  A
 0.000009010  0  11  13  A
 0.000008544  0  11  14  A
 0.000008934  0  12  14  A
 0.028605650  0  11  14  A
 0.000008863  0  12  14  A
 0.000008806  0  11  14  A
 0.000008173  0  12  14  A
 0.000008390  0  12  0  A
 0.000008724  0  13  0  A
 0.000008188  0  12  0  A
 0.000008480  0  12  14  A
 0.000008637  0  12  13  A
 0.062712408  0  13  13  A
 0.000008627  0  14  13  A
 0.022864936  0  14  12  A
 0.000010449  0  14  13  A
 0.000010043  0  14  12  A
 0.000008576  0  0  12  A
 0.000008834  0  0  11  A
 0.000009054  0  0  10  A
 0.000008909  0  1  10  A
 0.000011025  0  1  11  A
 0.000008938  0  2  11  A
 0.048720123  0  3  11  A
 0.000009745  0  2  11  A
 0.000017279  0  3  11  A
 0.000008912  0  3  10  A
 0.000008566  0  4  10  A
 0.012524411  38  7  10  1
 1.422362320  38  7  10  1
 2.424441931  38  8  10  1
 3.898026773  38  15  15  1
