-1  15  15  15
 0.000000000  4  10  10  E
 0.000009279  4  9  10  E
 0.000009466  4  10  10  E
 0.000009101  4  10  11  E
 0.000018091  4  9  11  E
 0.000008919  4  9  12  E
 0.000008180  4  10  12  E
 0.000008587  4  10  13  E
 0.000008256  4  10  12  E
 0.000008789  4  10  11  E
 0.000008443  4  10  12  E
 0.000008674  4  10  13  E
 0.000008864  4  11  13  E
 0.000008317  4  11  14  E
 0.000008583  4  11  0  E
 0.000008166  4  12  0  E
 0.000005814  4  12  14  E
 0.000000000  11  13  6  L
 0.000008733  11  14  6  L
 0.000008110  11  13  6  L
 0.000009000  11  12  6  L
 0.031490619  11  12  5  L
 0.000007984  11  12  6  L
 0.000008469  11  11  6  L
 0.000008610  11  11  5  L
 0.000008691  11  10  5  L
 0.000010898  11  10  4  L
 0.000010241  11  10  5  L
 0.000007940  11  10  4  L
 0.000013218  11  10  5  L
 0.000008576  11  10  6  L
 0.024410791  11  10  5  L
 0.000008445  11  11  5  L
 0.000008472  11  10  5  L
 0.000005518  11  10  6  L
 0.000008666  11  10  5  L
 0.000008462  11  10  4  L
 0.000002717  11  9  4  L
 0.000000000  5  9  0  F
 0.000010855  5  8  0  F
 0.000009077  5  7  0  F
 0.000009630  5  7  14  F
 0.000005526  5  7  13  F
 0.000008848  5  7  14  F
 0.000008687  5  8  14  F
 0.000008333  5  8  0  F
 0.000008820  5  8  1  F
 0.000008683  5  7  1  F
 0.000008519  5  7  2  F
 0.000008835  5  8  2  F
 0.000006458  5  7  2  F
 0.000008683  5  6  2  F
 0.000009284  5  5  2  F
 0.000008743  5  5  1  F
 0.000012501  5  6  1  F
 0.000008816  5  5  1  F
 0.000010761  5  5  2  F
 0.000008728  5  5  1  F
 0.000008560  5  5  2  F
 0.000008107  5  4  2  F
 0.000013612  5  4  1  F
 0.000008031  5  3  1  F
 0.000006687  5  3  0  F
 0.000003115  5  3  1  F
 0.000004222  5  4  1  F
 0.000013617  5  4  2  F
 0.000000000  8  2  13  I
 0.000012136  8  1  13  I
 0.000008660  8  1  12  I
 0.000010712  8  2  12  I
 0.000014022  8  3  12  I
 0.000010958  8  2  12  I
 0.000008767  8  3  12  I
 0.000009035  8  2  12  I
 0.000011534  8  1  12  I
 0.000008003  8  1  11  I
 0.026985369  8  1  12  I
 0.000008851  8  2  12  I
 0.000008750  8  2  11  I
 0.000008356  8  2  12  I
 0.000008017  8  1  12  I
 0.000008607  8  1  13  I
 0.000008936  8  0  13  I
 0.000008867  8  0  12  I
 0.000009215  8  1  12  I
 0.000012580  8  1  13  I
 0.000012129  8  0  13  I
 0.000009030  8  0  12  I
 0.000007347  8  0  11  I
 0.000003140  8  0  12  I
 0.000006223  8  14  12  I
 0.022797951  8  14  13  I
 0.000008267  8  14  12  I
 0.012957738  8  14  13  I
 0.000009061  8  13  13  I
 0.000007905  8  14  13  I
 0.000000000  9  14  5  J
 0.018246651  9  13  5  J
 0.000009887  9  13  6  J
 0.000008611  9  13  5  J
 0.000008267  9  13  4  J
 0.000008765  9  13  3  J
 0.000008687  9  13  4  J
 0.000008600  9  14  4  J
 0.000008588  9  14  3  J
 0.000008820  9  13  3  J
 0.000008483  9  13  4  J
 0.000008696  9  12  4  J
 0.000011542  9  12  5  J
 0.000008723  9  11  5  J
 0.000009458  9  11  4  J
 0.000008906  9  10  4  J
 0.000008485  9  9  4  J
 0.000011150  9  10  4  J
 0.000015480  9  10  3  J
 0.000005913  9  10  2  J
 0.000004450  9  10  1  J
 0.000003057  9  9  1  J
 0.000010701  9  9  2  J
 0.000010395  9  8  2  J
 0.000010468  9  8  3  J
 0.000005930  9  8  4  J
 0.000011034  9  8  3  J
 0.000008571  9  8  2  J
 0.000011487  9  8  1  J
 0.000000000  2  0  11  C
 0.000008853  2  1  11  C
 0.000008843  2  1  10  C
 0.000008801  2  1  9  C
 0.000008590  2  1  10  C
 0.000008639  2  2  10  C
 0.000008569  2  2  11  C
 0.000007825  2  1  11  C
 0.000010771  2  0  11  C
 0.000008579  2  14  11  C
 0.000008705  2  0  11  C
 0.000008375  2  1  11  C
 0.000008599  2  1  10  C
 0.000008637  2  2  10  C
 0.000008462  2  2  11  C
 0.000007915  2  2  12  C
 0.000008382  2  1  12  C
 0.000009836  2  1  11  C
 0.000008925  2  1  10  C
 0.000014619  2  2  10  C
 0.000006734  2  2  11  C
 0.000007398  2  3  11  C
 0.000006032  2  2  11  C
 0.000008347  2  1  11  C
 0.000002405  2  0  11  C
 0.000002403  2  0  12  C
 0.021301894  2  1  12  C
 0.000010504  2  2  12  C
 0.000004783  2  1  12  C
 0.000005668  2  0  12  C
 0.000005583  2  0  11  C
 0.000008897  2  1  11  C
 0.000046836  2  2  11  C
 0.000009049  2  3  11  C
 0.000000000  3  8  7  D
 0.000013044  3  7  7  D
 0.000005603  3  6  7  D
 0.000009007  3  5  7  D
 0.000007918  3  5  8  D
 0.000008605  3  4  8  D
 0.000009046  3  4  7  D
 0.000008785  3  3  7  D
 0.000008696  3  3  6  D
 0.000008367  3  3  5  D
 0.000008688  3  3  4  D
 0.000008066  3  3  3  D
 0.000008295  3  3  4  D
 0.000008495  3  2  4  D
 0.000008338  3  2  5  D
 0.000008646  3  1  5  D
 0.000013424  3  2  5  D
 0.000008504  3  2  4  D
 0.012872437  3  1  4  D
 0.000008660  3  0  4  D
 0.000008906  3  0  5  D
 0.000006515  3  1  5  D
 0.000002175  3  1  6  D
 0.000002469  3  1  7  D
 0.000013066  3  1  8  D
 0.000009222  3  1  7  D
 0.000008418  3  2  7  D
 0.000008812  3  2  6  D
 0.000005547  3  2  7  D
 0.000009013  3  1  7  D
 0.000008918  3  1  6  D
 0.000006858  3  1  5  D
 0.000008677  3  2  5  D
 0.000011062  3  3  5  D
 0.000008644  3  3  4  D
 0.000008775  3  3  3  D
 0.000009857  3  2  3  D
 0.000008719  3  2  2  D
 0.000008607  3  1  2  D
 0.000008191  3  1  3  D
 0.000009674  3  0  3  D
 0.000006715  3  14  3  D
 0.000012244  3  14  2  D
 0.000007629  3  14  1  D
 0.000010712  3  14  2  D
 0.000015190  3  13  2  D
 0.000013777  3  13  3  D
 0.000008579  3  13  2  D
 0.000011299  3  13  1  D
 0.026418287  3  13  2  D
 0.000000000  1  7  10  B
 0.000008640  1  7  9  B
 0.000008681  1  8  9  B
 0.000008915  1  9  9  B
 0.000008934  1  8  9  B
 0.000008573  1  7  9  B
 0.000008721  1  7  8  B
 0.000007878  1  7  7  B
 0.000008648  1  7  8  B
 0.000008426  1  7  7  B
 0.000008007  1  6  7  B
 0.000008885  1  5  7  B
 0.000008766  1  5  6  B
 0.000008287  1  5  7  B
 0.000008466  1  6  7  B
 0.000005113  1  6  6  B
 0.000008379  1  6  7  B
 0.000008405  1  6  6  B
 0.000008819  1  7  6  B
 0.000010650  1  8  6  B
 0.000011007  1  7  6  B
 0.000004688  1  6  6  B
 0.000002510  1  6  7  B
 0.000003364  1  5  7  B
 0.000005807  1  6  7  B
 0.000006283  1  6  6  B
 0.000011272  1  6  7  B
 0.000013423  1  7  7  B
 0.000011889  1  8  7  B
 0.000008807  1  8  6  B
 0.000005102  1  9  6  B
 0.000008844  1  9  5  B
 0.039124125  1  9  6  B
 0.000010246  1  9  7  B
 0.000008865  1  9  6  B
 0.000008567  1  8  6  B
 0.000008667  1  7  6  B
 0.000008952  1  6  6  B
 0.000015205  1  6  5  B
 0.000006522  1  7  5  B
 0.000004390  1  8  5  B
 0.000009328  1  9  5  B
 0.000008784  1  9  6  B
 0.000008832  1  9  7  B
 0.000010508  1  10  7  B
 0.000010171  1  9  7  B
 0.000008735  1  9  6  B
 0.000010072  1  10  6  B
 0.000008978  1  10  5  B
 0.000009388  1  10  6  B
 0.000011216  1  10  7  B
 0.000011434  1  11  7  B
 0.000000000  6  4  13  G
 0.000010725  6  4  14  G
 0.000005096  6  4  0  G
 0.000008786  6  5  0  G
 0.020589568  6  5  14  G
 0.000008562  6  5  13  G
 0.000010017  6  5  14  G
 0.000008301  6  5  13  G
 0.000008888  6  6  13  G
 0.000008677  6  7  13  G
 0.000009144  6  6  13  G
 0.000008323  6  6  14  G
 0.000008764  6  5  14  G
 0.000008060  6  5  13  G
 0.000008142  6  5  14  G
 0.000010230  6  4  14  G
 0.000008627  6  3  14  G
 0.000008619  6  3  13  G
 0.000009959  6  4  13  G
 0.000010898  6  3  13  G
 0.000001728  6  2  13  G
 0.000002908  6  1  13  G
 0.000001819  6  2  13  G
 0.000002563  6  1  13  G
 0.000002489  6  0  13  G
 0.011087170  6  0  12  G
 0.017584351  6  0  11  G
 0.000005716  6  14  11  G
 0.030598461  6  13  11  G
 0.000009841  6  12  11  G
 0.000008536  6  13  11  G
 0.000010797  6  13  10  G
 0.000009257  6  14  10  G
 0.000008615  6  14  9  G
 0.000008356  6  0  9  G
 0.000009125  6  1  9  G
 0.000011743  6  2  9  G
 0.000008851  6  2  10  G
 0.000004623  6  3  10  G
 0.000009053  6  3  9  G
 0.000010906  6  3  10  G
 0.044453919  6  4  10  G
 0.000008900  6  4  11  G
 0.000008817  6  4  10  G
 0.000008291  6  4  11  G
 0.000009243  6  5  11  G
 0.000011110  6  5  12  G
 0.000008968  6  6  12  G
 0.000009239  6  5  12  G
 0.000235949  6  4  12  G
 0.000008623  6  4  13  G
 0.000009371  6  4  12  G
 0.000000000  12  0  14  M
 0.000008838  12  0  13  M
 0.000010838  12  1  13  M
 0.000008307  12  1  14  M
 0.000009103  12  1  0  M
 0.000011750  12  1  14  M
 0.000008712  12  0  14  M
 0.000008700  12  0  13  M
 0.000010829  12  1  13  M
 0.000008076  12  1  14  M
 0.000008564  12  0  14  M
 0.000008286  12  0  0  M
 0.000008500  12  1  0  M
 0.000008501  12  1  1  M
 0.000008723  12  2  1  M
 0.000008744  12  3  1  M
 0.000008619  12  3  2  M
 0.000008949  12  2  2  M
 0.000013634  12  2  1  M
 0.000006960  12  2  2  M
 0.000008280  12  1  2  M
 0.000007509  12  1  1  M
 0.076088770  12  1  2  M
 0.000010064  12  1  1  M
 0.000005864  12  1  0  M
 0.056297628  12  1  14  M
 0.000008993  12  0  14  M
 0.000008433  12  0  0  M
 0.000008678  12  0  1  M
 0.000008577  12  0  2  M
 0.000009038  12  0  1  M
 0.000008828  12  0  0  M
 0.000008562  12  14  0  M
 0.000008759  12  13  0  M
 0.000009129  12  12  0  M
 0.049381221  12  13  0  M
 0.000009126  12  14  0  M
 0.000008570  12  0  0  M
 0.000010178  12  0  14  M
 0.000008473  12  0  0  M
 0.000009131  12  0  1  M
 0.000009362  12  14  1  M
 0.000008729  12  14  0  M
 0.000008394  12  14  1  M
 0.000011825  12  0  1  M
 0.000009125  12  14  1  M
 0.000009610  12  14  2  M
 0.000009316  12  0  2  M
 0.000008924  12  0  3  M
 0.000011376  12  0  4  M
 0.000008663  12  14  4  M
 0.000008519  12  13  4  M
 0.000008263  12  12  4  M
 0.000010993  12  13  4  M
 0.000012270  12  12  4  M
 0.000008977  12  12  5  M
 0.000009133  12  12  6  M
 0.000010896  12  13  6  M
 0.000009467  12  13  5  M
 0.000009586  12  14  5  M
 0.000008797  12  14  6  M
 0.000008582  12  14  7  M
 0.000008951  12  0  7  M
 0.000012358  12  0  6  M
 0.000015505  12  0  5  M
 0.000010060  12  14  5  M
 0.000009058  12  13  5  M
 0.000008792  12  13  4  M
 0.000009176  12  12  4  M
 0.000009089  12  12  3  M
 0.000005383  12  12  4  M
 0.000008734  12  12  3  M
 0.000009068  12  13  3  M
 0.000014442  12  13  4  M
 0.000011174  12  13  5  M
 0.000012521  12  12  5  M
 0.000000000  7  5  5  H
 0.000009128  7  6  5  H
 0.000009403  7  7  5  H
 0.000008489  7  7  6  H
 0.000008824  7  8  6  H
 0.000008752  7  8  7  H
 0.000008876  7  9  7  H
 0.000008661  7  9  8  H
 0.000009322  7  8  8  H
 0.000008604  7  8  7  H
 0.000008470  7  8  8  H
 0.000008569  7  8  7  H
 0.000010245  7  9  7  H
 0.000005315  7  9  8  H
 0.000008735  7  10  8  H
 0.000008372  7  10  7  H
 0.000008589  7  9  7  H
 0.000004091  7  8  7  H
 0.000008114  7  9  7  H
 0.000008612  7  9  8  H
 0.000015028  7  9  9  H
 0.000007974  7  10  9  H
 0.000004471  7  10  10  H
 0.000003009  7  10  9  H
 0.000003589  7  11  9  H
 0.000008816  7  11  8  H
 0.000008967  7  11  7  H
 0.000009230  7  10  7  H
 0.000009322  7  10  6  H
 0.000009273  7  9  6  H
 0.000005754  7  9  5  H
 0.000009247  7  10  5  H
 0.000011019  7  10  6  H
 0.000008907  7  10  5  H
 0.000008056  7  9  5  H
 0.101948863  7  8  5  H
 0.000009796  7  8  6  H
 0.000004712  7  8  7  H
 0.000004394  7  8  6  H
 0.000009160  7  7  6  H
 0.000008596  7  7  7  H
 0.000009076  7  8  7  H
 0.041698773  7  7  7  H
 0.000011185  7  7  6  H
 0.000008916  7  7  5  H
 0.000009106  7  6  5  H
 0.000008940  7  6  6  H
 0.000010422  7  6  7  H
 0.000005506  7  7  7  H
 0.000009886  7  7  6  H
 0.000011179  7  8  6  H
 0.000011733  7  7  6  H
 0.000020033  7  6  6  H
 0.000011918  7  7  6  H
 0.000009967  7  7  7  H
 0.000011240  7  7  6  H
 0.000013750  7  8  6  H
 0.000011719  7  7  6  H
 0.000008941  7  7  7  H
 0.000009506  7  8  7  H
 0.000009095  7  8  6  H
 0.000021757  7  8  5  H
 0.000008619  7  7  5  H
 0.000008432  7  7  6  H
 0.040706073  7  6  6  H
 0.000013531  7  6  5  H
 0.000171395  7  6  4  H
 0.000008485  7  6  3  H
 0.000215510  7  7  3  H
 0.000008507  7  6  3  H
 0.000007880  7  6  2  H
 0.000008436  7  6  3  H
 0.000008697  7  6  2  H
 0.000008393  7  6  3  H
 0.000008799  7  7  3  H
 0.000156288  7  8  3  H
 0.000009084  7  7  3  H
 0.000008974  7  6  3  H
 0.000008262  7  6  4  H
 0.000008690  7  6  3  H
 0.000000000  14  4  3  O
 0.000009007  14  4  4  O
 0.000008688  14  3  4  O
 0.000009149  14  2  4  O
 0.000008799  14  1  4  O
 0.000008320  14  0  4  O
 0.000008591  14  14  4  O
 0.000009044  14  14  5  O
 0.000008343  14  14  6  O
 0.000009981  14  14  5  O
 0.000008495  14  13  5  O
 0.000008691  14  12  5  O
 0.000007762  14  12  6  O
 0.000008517  14  11  6  O
 0.028771452  14  11  7  O
 0.000008459  14  10  7  O
 0.000008672  14  11  7  O
 0.000008352  14  11  6  O
 0.000010348  14  11  7  O
 0.000009296  14  11  8  O
 0.000005924  14  11  9  O
 0.000002918  14  12  9  O
 0.000004517  14  11  9  O
 0.000004966  14  12  9  O
 0.000009964  14  12  8  O
 0.000007912  14  13  8  O
 0.000008683  14  13  9  O
 0.000012848  14  12  9  O
 0.000005914  14  12  8  O
 0.000005932  14  12  9  O
 0.000008900  14  12  8  O
 0.000008255  14  12  9  O
 0.000011114  14  13  9  O
 0.000011028  14  14  9  O
 0.000008729  14  14  8  O
 0.000010625  14  0  8  O
 0.000008416  14  14  8  O
 0.000008539  14  14  9  O
 0.000008262  14  14  8  O
 0.000014688  14  13  8  O
 0.000006471  14  12  8  O
 0.000006326  14  11  8  O
 0.000007792  14  11  9  O
 0.000008939  14  11  10  O
 0.000009101  14  11  9  O
 0.000009738  14  10  9  O
 0.000009488  14  10  8  O
 0.000010745  14  9  8  O
 0.000008750  14  9  9  O
 0.000008951  14  9  10  O
 0.000008201  14  9  11  O
 0.000008767  14  9  10  O
 0.000008127  14  10  10  O
 0.000009178  14  10  9  O
 0.000011456  14  11  9  O
 0.000009245  14  11  8  O
 0.000008892  14  11  9  O
 0.000009614  14  12  9  O
 0.000010895  14  12  8  O
 0.000008380  14  12  9  O
 0.000013365  14  11  9  O
 0.000013518  14  10  9  O
 0.000010372  14  10  8  O
 0.000010102  14  9  8  O
 0.000008837  14  9  9  O
 0.000011941  14  9  8  O
 0.000016136  14  9  7  O
 0.000007385  14  8  7  O
 0.000010526  14  8  6  O
 0.041511030  14  8  5  O
 0.000009220  14  7  5  O
 0.000008097  14  6  5  O
 0.000008193  14  5  5  O
 0.000009503  14  5  4  O
 0.000009043  14  6  4  O
 0.000185681  14  7  4  O
 0.000010524  14  7  3  O
 0.000008538  14  7  4  O
 0.000202057  14  8  4  O
 0.016974479  14  7  4  O
 0.000008172  14  8  4  O
 0.000011027  14  8  3  O
 0.000009103  14  8  4  O
 0.029341082  14  7  4  O
 0.000008599  14  7  3  O
 0.000008636  14  7  2  O
 0.000008186  14  6  2  O
 0.000000000  13  14  14  N
 0.000008341  13  14  0  N
 0.000008759  13  14  14  N
 0.000008334  13  14  0  N
 0.000012824  13  0  0  N
 0.000008522  13  14  0  N
 0.000009161  13  13  0  N
 0.000010536  13  13  1  N
 0.000008726  13  13  0  N
 0.000008552  13  13  14  N
 0.000010639  13  13  13  N
 0.000008900  13  12  13  N
 0.000013128  13  11  13  N
 0.000008745  13  12  13  N
 0.000009255  13  13  13  N
 0.000008642  13  13  14  N
 0.000008867  13  13  13  N
 0.000012695  13  13  12  N
 0.000004689  13  14  12  N
 0.000002580  13  14  13  N
 0.000006411  13  0  13  N
 0.000005526  13  0  14  N
 0.000002764  13  0  0  N
 0.036849749  13  1  0  N
 0.000010437  13  2  0  N
 0.000008941  13  1  0  N
 0.000009125  13  1  14  N
 0.000034554  13  2  14  N
 0.000008735  13  3  14  N
 0.000010494  13  2  14  N
 0.000009155  13  2  0  N
 0.000008866  13  1  0  N
 0.000008537  13  1  14  N
 0.000008820  13  0  14  N
 0.000008476  13  0  13  N
 0.000010781  13  0  12  N
 0.000008854  13  0  11  N
 0.000008763  13  14  11  N
 0.038733483  13  14  10  N
 0.000010705  13  13  10  N
 0.000013109  13  14  10  N
 0.000009422  13  14  11  N
 0.000008775  13  14  10  N
 0.000009889  13  13  10  N
 0.000011581  13  12  10  N
 0.000008631  13  12  9  N
 0.000008801  13  12  10  N
 0.000008638  13  12  11  N
 0.000009096  13  12  10  N
 0.000012415  13  12  11  N
 0.000011150  13  13  11  N
 0.000009093  13  13  12  N
 0.000012356  13  14  12  N
 0.000009176  13  13  12  N
 0.000010406  13  12  12  N
 0.000011106  13  11  12  N
 0.000009201  13  12  12  N
 0.000007347  13  12  11  N
 0.000013499  13  12  12  N
 0.000008881  13  13  12  N
 0.000009530  13  14  12  N
 0.000010625  13  13  12  N
 0.000009104  13  12  12  N
 0.000034618  13  12  13  N
 0.030994154  13  12  12  N
 0.000009063  13  11  12  N
 0.000008765  13  11  11  N
 0.000010766  13  11  12  N
 0.000011645  13  10  12  N
 0.000008823  13  11  12  N
 0.000008625  13  11  11  N
 0.000009029  13  10  11  N
 0.000008998  13  10  10  N
 0.000042440  13  9  10  N
 0.000010965  13  10  10  N
 0.000008678  13  10  9  N
 0.000010808  13  11  9  N
 0.000008456  13  11  8  N
 0.000008900  13  10  8  N
 0.000011589  13  10  9  N
 0.000008548  13  10  8  N
 0.000008992  13  10  9  N
 0.000008603  13  10  8  N
 0.000010684  13  10  7  N
 0.000009133  13  10  6  N
 0.000008940  13  11  6  N
 0.017805735  13  12  6  N
 0.025491762  13  12  7  N
 0.020117188  13  13  7  N
 0.000004412  13  12  7  N
 0.000008635  13  12  8  N
 0.000008391  13  12  7  N
 0.048853427  13  12  8  N
 0.014717565  38  5  9  1
 3.078399580  38  15  15  1
 0.013414924  36  9  13  1
 3.124685888  36  15  15  1
 0.009178574  30  6  4  1
 2.119957312  30  7  4  1
 2.290479445  30  8  4  1
 2.381513398  30  8  5  1
 3.264367538  30  15  15  1
 0.000000000  10  13  13  K
 0.000015794  10  13  12  K
 0.000010179  10  12  12  K
 0.000011678  10  12  13  K
 0.000008851  10  13  13  K
 0.000010820  10  14  13  K
 0.000008446  10  14  14  K
 0.000008639  10  14  13  K
 0.000008640  10  13  13  K
 0.000034588  10  13  12  K
 0.000010583  10  12  12  K
 0.000008562  10  13  12  K
 0.000008539  10  14  12  K
 0.000008597  10  13  12  K
 0.000008574  10  13  11  K
 0.000010145  10  13  10  K
 0.000012083  10  13  9  K
 0.000008219  10  13  10  K
 0.000015520  10  14  10  K
 0.000003812  10  0  10  K
 0.000008660  10  14  10  K
 0.000005074  10  14  11  K
 0.014849409  10  13  11  K
 0.000014440  10  13  12  K
 0.000010879  10  14  12  K
 0.036560067  10  0  12  K
 0.000010471  10  14  12  K
 0.000009472  10  13  12  K
 0.000008942  10  14  12  K
 0.000010505  10  0  12  K
 0.000008459  10  0  11  K
 0.000008661  10  0  10  K
 0.054443602  10  0  11  K
 0.000011057  10  0  10  K
 0.000004991  10  0  11  K
 0.000009189  10  14  11  K
 0.000008731  10  14  12  K
 0.000008346  10  13  12  K
 0.000009085  10  14  12  K
 0.028969347  10  0  12  K
 0.000011239  10  1  12  K
 0.000009597  10  1  13  K
 0.000012233  10  1  12  K
 0.000008948  10  1  11  K
 0.000008764  10  2  11  K
 0.048121873  10  1  11  K
 0.000008646  10  0  11  K
 0.000009652  10  0  12  K
 0.000007207  10  0  13  K
 0.000014655  10  0  14  K
 0.000009573  10  0  0  K
 0.000009440  10  14  0  K
 0.000013280  10  13  0  K
 0.000012379  10  12  0  K
 0.000009564  10  13  0  K
 0.000008386  10  13  1  K
 0.000008495  10  13  0  K
 0.000009056  10  13  1  K
 0.000009963  10  12  1  K
 0.000011065  10  13  1  K
 0.000008288  10  12  1  K
 0.000008765  10  12  0  K
 0.115154294  10  12  1  K
 0.000220384  10  12  2  K
 0.000008905  10  12  3  K
 0.000008529  10  12  4  K
 0.000008737  10  13  4  K
 0.000008908  10  13  3  K
 0.000007869  10  13  4  K
 0.000037022  10  13  5  K
 0.000009509  10  13  4  K
 0.000008173  10  13  5  K
 0.000007831  10  13  6  K
 0.017237537  10  13  7  K
 0.000008737  10  14  7  K
 0.000012211  10  14  6  K
 0.000004556  10  0  6  K
 0.000008042  10  0  5  K
 0.000008977  10  14  5  K
 0.000008582  10  13  5  K
 0.043452118  10  13  6  K
 0.000008329  10  13  7  K
 0.000013054  10  13  8  K
 0.000011907  10  14  8  K
 0.000009727  10  13  8  K
 0.000009587  10  13  7  K
 0.000012545  10  14  7  K
 0.000009212  10  0  7  K
 0.000008534  10  14  7  K
 0.000012339  10  0  7  K
 0.000008631  10  1  7  K
 0.000008993  10  2  7  K
 0.000000000  0  6  1  A
 0.000096137  0  5  1  A
 0.026733317  0  5  2  A
 0.000008736  0  5  1  A
 0.000008485  0  5  2  A
 0.000008680  0  4  2  A
 0.000008464  0  4  1  A
 0.000008406  0  4  2  A
 0.000010676  0  4  3  A
 0.000008674  0  3  3  A
 0.000008714  0  2  3  A
 0.000008260  0  2  4  A
 0.000008274  0  2  5  A
 0.000008528  0  2  4  A
 0.000008700  0  1  4  A
 0.000011114  0  1  3  A
 0.000008880  0  0  3  A
 0.000009014  0  0  2  A
 0.000007158  0  0  3  A
 0.000004499  0  0  2  A
 0.000004270  0  0  1  A
 0.011889247  0  0  2  A
 0.000008227  0  0  1  A
 0.000009396  0  14  1  A
 0.000005710  0  0  1  A
 0.000005982  0  1  1  A
 0.000009020  0  2  1  A
 0.000009035  0  3  1  A
 0.000008645  0  3  0  A
 0.025655025  0  3  14  A
 0.000008726  0  2  14  A
 0.000009196  0  2  0  A
 0.000013295  0  2  14  A
 0.000008489  0  1  14  A
 0.000004658  0  1  13  A
 0.000008564  0  1  12  A
 0.000009408  0  0  12  A
 0.000009841  0  0  13  A
 0.000008532  0  0  14  A
 0.000009120  0  14  14  A
 0.000010588  0  13  14  A
 0.000008895  0  13  0  A
 0.000010454  0  13  14  A
 0.000009317  0  13  13  A
 0.011316323  0  13  14  A
 0.000009076  0  13  13  A
 0.000007745  0  13  14  A
 0.083212433  0  14  14  A
 0.000010704  0  13  14  A
 0.000008507  0  14  14  A
 0.000008569  0  13  14  A
 0.000009302  0  14  14  A
 0.000009938  0  0  14  A
 0.000008683  0  1  14  A
 0.000006600  0  1  13  A
 0.000011116  0  0  13  A
 0.000010499  0  0  14  A
 0.000008727  0  0  13  A
 0.000011863  0  0  12  A
 0.000014151  0  0  11  A
 0.000008190  0  1  11  A
 0.000008523  0  1  10  A
 0.000008179  0  1  11  A
 0.000008466  0  1  10  A
 0.000008737  0  1  9  A
 0.000009357  0  1  8  A
 0.000008585  0  0  8  A
 0.000008637  0  1  8  A
 0.000008993  0  2  8  A
 0.000008802  0  2  7  A
 0.000008604  0  1  7  A
 0.000010589  0  0  7  A
 0.000008478  0  0  8  A
 0.000008904  0  1  8  A
 0.000008715  0  0  8  A
 0.000008777  0  1  8  A
 0.000010824  0  1  7  A
 0.000008608  0  2  7  A
 0.000009072  0  3  7  A
 0.000009940  0  4  7  A
 0.000008722  0  4  8  A
 0.000008826  0  5  8  A
 0.000042729  0  4  8  A
 0.000008424  0  3  8  A
 0.000009177  0  2  8  A
 0.000008989  0  1  8  A
 0.000008995  0  1  7  A
 0.000013208  0  2  7  A
 0.000009041  0  1  7  A
 0.019886654  0  2  7  A
 0.000010337  0  1  7  A
 0.000008906  0  1  6  A
 0.000010419  0  2  6  A
 0.000009023  0  2  5  A
 0.000009802  0  3  5  A
 0.000008895  0  3  4  A
 0.000009803  0  3  5  A
 0.000009380  0  4  5  A
 0.010853681  32  7  3  1
 2.184092572  32  8  3  1
 2.393208033  32  9  3  1
 3.535396448  32  15  15  1
