-1  15  15  15
 0.000000000  14  4  3  O
 0.000010458  14  4  4  O
 0.000005861  14  3  4  O
 0.000014900  14  2  4  O
 0.000008831  14  2  3  O
 0.000008558  14  1  3  O
 0.026891167  14  2  3  O
 0.000008549  14  1  3  O
 0.030626975  14  1  4  O
 0.000014103  14  0  4  O
 0.000014933  14  0  5  O
 0.000010636  14  0  4  O
 0.000002993  14  0  3  O
 0.000002972  14  1  3  O
 0.016401897  14  1  4  O
 0.000012435  14  1  5  O
 0.000008758  14  0  5  O
 0.000000000  11  6  3  L
 0.000009363  11  5  3  L
 0.000008931  11  5  4  L
 0.000008666  11  6  4  L
 0.000008574  11  6  5  L
 0.000008571  11  6  6  L
 0.000008734  11  6  7  L
 0.000011561  11  5  7  L
 0.000008782  11  5  6  L
 0.000010208  11  5  5  L
 0.000003151  11  5  4  L
 0.000003688  11  5  3  L
 0.000008849  11  4  3  L
 0.000008763  11  5  3  L
 0.000008571  11  5  4  L
 0.000008686  11  4  4  L
 0.000009098  11  3  4  L
 0.000000000  5  8  3  F
 0.000009309  5  9  3  F
 0.000009547  5  8  3  F
 0.000008869  5  9  3  F
 0.000009293  5  9  4  F
 0.000009224  5  10  4  F
 0.000009835  5  10  3  F
 0.000008445  5  10  2  F
 0.000008548  5  10  1  F
 0.000008762  5  9  1  F
 0.000008637  5  10  1  F
 0.000008985  5  9  1  F
 0.000005722  5  9  2  F
 0.000003063  5  10  2  F
 0.000005549  5  9  2  F
 0.000008979  5  10  2  F
 0.000008909  5  11  2  F
 0.000005179  5  11  3  F
 0.000009257  5  12  3  F
 0.035670853  5  12  2  F
 0.000008903  5  11  2  F
 0.000003629  5  12  2  F
 0.000004372  5  13  2  F
 0.000005856  5  12  2  F
 0.000003854  5  12  1  F
 0.000007494  5  11  1  F
 0.000000000  4  1  1  E
 0.000008883  4  1  2  E
 0.000012562  4  1  1  E
 0.000008625  4  1  2  E
 0.000008607  4  2  2  E
 0.000008698  4  1  2  E
 0.000008728  4  0  2  E
 0.000008720  4  1  2  E
 0.000008555  4  2  2  E
 0.000008731  4  1  2  E
 0.020446845  4  1  3  E
 0.000002859  4  2  3  E
 0.042078176  4  3  3  E
 0.000008611  4  2  3  E
 0.000008349  4  1  3  E
 0.000008411  4  1  2  E
 0.000010940  4  1  1  E
 0.000008580  4  1  2  E
 0.000008809  4  2  2  E
 0.000006095  4  2  3  E
 0.000005660  4  1  3  E
 0.000002460  4  1  2  E
 0.000005594  4  1  1  E
 0.000008209  4  1  2  E
 0.000007980  4  0  2  E
 0.000008591  4  1  2  E
 0.000009234  4  0  2  E
 0.000008596  4  0  3  E
 0.000008618  4  0  4  E
 0.039335493  4  14  4  E
 0.000008702  4  14  3  E
 0.000008690  4  14  2  E
 0.000008506  4  14  3  E
 0.000009820  4  14  4  E
 0.000008319  4  14  3  E
 0.000008542  4  13  3  E
 0.000008528  4  13  4  E
 0.000010297  4  14  4  E
 0.000005017  4  14  5  E
 0.000000000  7  10  6  H
 0.000013651  7  10  5  H
 0.000008728  7  9  5  H
 0.000008994  7  8  5  H
 0.000008040  7  8  4  H
 0.000010262  7  8  5  H
 0.000008588  7  9  5  H
 0.000008660  7  9  4  H
 0.000008594  7  9  5  H
 0.000011923  7  9  6  H
 0.000013903  7  9  5  H
 0.000002878  7  9  6  H
 0.000007564  7  9  5  H
 0.000008879  7  9  4  H
 0.000011771  7  9  5  H
 0.000009235  7  10  5  H
 0.000009351  7  11  5  H
 0.000008093  7  12  5  H
 0.014565733  7  11  5  H
 0.030519033  7  12  5  H
 0.000004514  7  12  6  H
 0.000013350  7  11  6  H
 0.000007982  7  11  7  H
 0.000014093  7  12  7  H
 0.000008604  7  11  7  H
 0.000010366  7  11  6  H
 0.000008912  7  11  5  H
 0.000008645  7  12  5  H
 0.000008552  7  12  6  H
 0.000008593  7  12  7  H
 0.000010695  7  12  6  H
 0.000008840  7  11  6  H
 0.000008946  7  12  6  H
 0.000008724  7  12  5  H
 0.000027838  7  12  4  H
 0.000012620  7  11  4  H
 0.000006669  7  11  5  H
 0.000005400  7  10  5  H
 0.000011190  7  11  5  H
 0.000009719  7  10  5  H
 0.000009154  7  10  4  H
 0.000008686  7  10  5  H
 0.000000000  8  14  5  I
 0.000011070  8  0  5  I
 0.000008747  8  1  5  I
 0.000012751  8  1  4  I
 0.012836684  8  1  3  I
 0.000016500  8  0  3  I
 0.000008433  8  1  3  I
 0.000008630  8  0  3  I
 0.000012954  8  14  3  I
 0.000008421  8  14  4  I
 0.000008563  8  13  4  I
 0.000005489  8  14  4  I
 0.000012346  8  14  3  I
 0.000002761  8  14  4  I
 0.000010496  8  0  4  I
 0.000013655  8  14  4  I
 0.000010390  8  14  3  I
 0.000008540  8  13  3  I
 0.000010684  8  13  4  I
 0.000011765  8  12  4  I
 0.000002573  8  12  5  I
 0.000002456  8  13  5  I
 0.071795150  8  12  5  I
 0.000008830  8  13  5  I
 0.000008911  8  14  5  I
 0.000008355  8  14  6  I
 0.000009051  8  0  6  I
 0.000012615  8  1  6  I
 0.000008764  8  0  6  I
 0.016541364  8  0  7  I
 0.000003758  8  14  7  I
 0.000006752  8  13  7  I
 0.000008073  8  13  8  I
 0.000013756  8  12  8  I
 0.000011467  8  13  8  I
 0.000010594  8  14  8  I
 0.000013024  8  14  7  I
 0.000014567  8  14  8  I
 0.000009359  8  14  9  I
 0.000008760  8  14  10  I
 0.000011362  8  0  10  I
 0.000009114  8  0  11  I
 0.000000000  13  8  8  N
 0.000010381  13  8  9  N
 0.000011013  13  7  9  N
 0.000009133  13  7  8  N
 0.000012809  13  6  8  N
 0.000008760  13  7  8  N
 0.000010711  13  7  9  N
 0.000011653  13  7  8  N
 0.000011050  13  8  8  N
 0.000008037  13  8  9  N
 0.000008841  13  8  8  N
 0.000006071  13  7  8  N
 0.000002917  13  7  9  N
 0.000003026  13  7  10  N
 0.000011606  13  6  10  N
 0.000008525  13  6  11  N
 0.000008557  13  5  11  N
 0.000010606  13  6  11  N
 0.000008929  13  7  11  N
 0.000013292  13  6  11  N
 0.000008732  13  6  10  N
 0.000011258  13  6  11  N
 0.000004228  13  6  12  N
 0.000005831  13  6  11  N
 0.000001960  13  5  11  N
 0.000003353  13  5  12  N
 0.000007590  13  6  12  N
 0.000009802  13  5  12  N
 0.000009830  13  4  12  N
 0.000010962  13  4  13  N
 0.000236716  13  3  13  N
 0.000009166  13  4  13  N
 0.000010203  13  4  12  N
 0.000008511  13  4  13  N
 0.000008735  13  5  13  N
 0.000008816  13  6  13  N
 0.000011076  13  7  13  N
 0.000008421  13  7  14  N
 0.000009017  13  8  14  N
 0.000008723  13  8  0  N
 0.000010323  13  9  0  N
 0.000005334  13  8  0  N
 0.000006758  13  9  0  N
 0.000013833  13  9  1  N
 0.000011859  13  10  1  N
 0.000010049  13  9  1  N
 0.000010034  13  10  1  N
 0.057465987  13  10  0  N
 0.000009553  13  10  1  N
 0.000009239  13  10  0  N
 0.000008969  13  11  0  N
 0.049532510  13  10  0  N
 0.000008903  13  10  1  N
 0.000011023  13  10  2  N
 0.000000000  9  12  7  J
 0.000009211  9  12  6  J
 0.000008388  9  12  7  J
 0.000009395  9  13  7  J
 0.000004429  9  13  6  J
 0.000008408  9  13  7  J
 0.000008596  9  13  6  J
 0.000008726  9  14  6  J
 0.000008652  9  13  6  J
 0.000010762  9  13  7  J
 0.000008894  9  14  7  J
 0.000010665  9  14  8  J
 0.049792119  9  0  8  J
 0.000005426  9  0  9  J
 0.000008843  9  1  9  J
 0.000009049  9  2  9  J
 0.000009125  9  2  8  J
 0.000012666  9  2  7  J
 0.000009109  9  2  6  J
 0.000008070  9  3  6  J
 0.000009227  9  3  7  J
 0.000007555  9  4  7  J
 0.000002644  9  4  8  J
 0.000004604  9  3  8  J
 0.000013059  9  2  8  J
 0.000007666  9  2  9  J
 0.000009236  9  3  9  J
 0.000008447  9  2  9  J
 0.000008423  9  2  10  J
 0.000009015  9  2  9  J
 0.036612187  9  1  9  J
 0.000008676  9  1  10  J
 0.000005158  9  1  9  J
 0.000004813  9  1  8  J
 0.000008500  9  1  9  J
 0.000008955  9  0  9  J
 0.000007972  9  1  9  J
 0.000009267  9  1  10  J
 0.000006557  9  0  10  J
 0.000005087  9  0  9  J
 0.000010555  9  0  10  J
 0.000008855  9  1  10  J
 0.000011057  9  1  9  J
 0.000009068  9  1  8  J
 0.000009380  9  2  8  J
 0.000009117  9  1  8  J
 0.000009368  9  0  8  J
 0.000009765  9  1  8  J
 0.000011375  9  1  9  J
 0.000008561  9  2  9  J
 0.000005547  9  1  9  J
 0.000011643  9  1  8  J
 0.000010438  9  1  7  J
 0.000008857  9  1  6  J
 0.000012746  9  2  6  J
 0.000196699  9  2  5  J
 0.000009311  9  2  6  J
 0.000015682  9  3  6  J
 0.000000000  10  14  4  K
 0.000008625  10  14  5  K
 0.000011801  10  14  6  K
 0.000008984  10  0  6  K
 0.000011868  10  1  6  K
 0.000008727  10  0  6  K
 0.000008657  10  14  6  K
 0.000008536  10  14  7  K
 0.000004575  10  14  6  K
 0.000003248  10  0  6  K
 0.000008989  10  14  6  K
 0.000008782  10  13  6  K
 0.000008161  10  12  6  K
 0.000008618  10  12  7  K
 0.000006502  10  12  6  K
 0.000008518  10  12  5  K
 0.000008535  10  12  6  K
 0.029775270  10  12  7  K
 0.000003177  10  13  7  K
 0.000003468  10  13  6  K
 0.000002228  10  14  6  K
 0.000003914  10  14  5  K
 0.027670655  10  14  6  K
 0.000009414  10  14  5  K
 0.000009067  10  14  4  K
 0.000008325  10  0  4  K
 0.000009313  10  1  4  K
 0.031394400  10  1  3  K
 0.000008655  10  0  3  K
 0.000008674  10  1  3  K
 0.000008350  10  0  3  K
 0.000008571  10  1  3  K
 0.000011888  10  1  2  K
 0.000008603  10  1  1  K
 0.000011604  10  1  0  K
 0.000005697  10  1  1  K
 0.000009291  10  1  0  K
 0.000009076  10  2  0  K
 0.000012610  10  2  1  K
 0.000009325  10  3  1  K
 0.000010567  10  3  2  K
 0.000009363  10  2  2  K
 0.000008672  10  2  3  K
 0.000009524  10  1  3  K
 0.000008190  10  0  3  K
 0.000009450  10  0  2  K
 0.000010299  10  0  3  K
 0.000009351  10  1  3  K
 0.000009026  10  2  3  K
 0.000009350  10  1  3  K
 0.000009487  10  1  4  K
 0.000009515  10  1  5  K
 0.088194101  10  1  6  K
 0.000012637  10  2  6  K
 0.000004586  10  1  6  K
 0.000005113  10  1  5  K
 0.000002894  10  1  4  K
 0.000010696  10  1  3  K
 0.000009403  10  0  3  K
 0.000011445  10  14  3  K
 0.000008537  10  14  4  K
 0.000009018  10  0  4  K
 0.064049341  10  0  3  K
 0.000009618  10  0  4  K
 0.000000000  6  6  13  G
 0.000018320  6  5  13  G
 0.000009204  6  5  14  G
 0.000008341  6  5  0  G
 0.000010166  6  5  14  G
 0.000038745  6  5  0  G
 0.000008792  6  6  0  G
 0.000008079  6  6  1  G
 0.000010498  6  6  0  G
 0.000010220  6  6  14  G
 0.000002857  6  6  13  G
 0.000003420  6  7  13  G
 0.000004167  6  7  14  G
 0.000011838  6  6  14  G
 0.000010693  6  7  14  G
 0.000008561  6  7  13  G
 0.000013510  6  6  13  G
 0.000012671  6  6  12  G
 0.000009288  6  5  12  G
 0.000002768  6  4  12  G
 0.000003369  6  4  11  G
 0.000004216  6  4  12  G
 0.000005904  6  4  11  G
 0.000008156  6  5  11  G
 0.000180501  6  5  10  G
 0.000008746  6  5  9  G
 0.000008907  6  4  9  G
 0.000008771  6  3  9  G
 0.000008636  6  3  10  G
 0.000008580  6  2  10  G
 0.000008798  6  2  11  G
 0.000008532  6  2  12  G
 0.000249767  6  2  13  G
 0.000008124  6  1  13  G
 0.000008116  6  1  14  G
 0.000013108  6  1  0  G
 0.000009589  6  1  14  G
 0.000005242  6  0  14  G
 0.000009199  6  14  14  G
 0.000009150  6  13  14  G
 0.000009117  6  14  14  G
 0.000009735  6  13  14  G
 0.000014015  6  12  14  G
 0.000013784  6  12  13  G
 0.000012007  6  11  13  G
 0.000011250  6  12  13  G
 0.000014446  6  11  13  G
 0.000009234  6  12  13  G
 0.000008987  6  12  14  G
 0.000009166  6  13  14  G
 0.000010800  6  12  14  G
 0.000009112  6  13  14  G
 0.000012158  6  13  0  G
 0.000009299  6  12  0  G
 0.000009975  6  13  0  G
 0.000011681  6  13  1  G
 0.000010393  6  13  0  G
 0.000008951  6  14  0  G
 0.000011796  6  0  0  G
 0.000009145  6  0  1  G
 0.000004100  6  0  0  G
 0.000002509  6  0  1  G
 0.000006025  6  1  1  G
 0.000012750  6  0  1  G
 0.000009799  6  1  1  G
 0.000011286  6  1  0  G
 0.000009102  6  2  0  G
 0.000008534  6  3  0  G
 0.000008790  6  3  1  G
 0.000008663  6  2  1  G
 0.000009131  6  2  0  G
 0.000009009  6  2  14  G
 0.000008810  6  2  0  G
 0.009263427  33  3  13  1
 0.879661598  33  2  13  1
 1.042974273  33  3  13  1
 2.283240747  33  15  15  1
 0.000000000  3  13  11  D
 0.000008382  3  12  11  D
 0.000012702  3  11  11  D
 0.000011477  3  12  11  D
 0.000009424  3  13  11  D
 0.000008452  3  12  11  D
 0.000008652  3  13  11  D
 0.000008400  3  13  12  D
 0.000008550  3  13  13  D
 0.000007946  3  13  14  D
 0.000008900  3  13  13  D
 0.000007733  3  13  14  D
 0.000002899  3  14  14  D
 0.000008532  3  14  0  D
 0.000008372  3  14  14  D
 0.000008691  3  14  0  D
 0.000008907  3  0  0  D
 0.000009110  3  0  14  D
 0.000009028  3  14  14  D
 0.000012381  3  13  14  D
 0.000005026  3  13  0  D
 0.000005851  3  13  1  D
 0.045662332  3  13  2  D
 0.000010341  3  12  2  D
 0.000005126  3  12  1  D
 0.000009044  3  12  0  D
 0.000008593  3  12  14  D
 0.000008994  3  13  14  D
 0.000012628  3  13  13  D
 0.000008674  3  13  12  D
 0.000005455  3  13  13  D
 0.000008548  3  13  14  D
 0.000007961  3  13  0  D
 0.000008687  3  12  0  D
 0.000004950  3  12  1  D
 0.000007949  3  12  2  D
 0.000005126  3  12  3  D
 0.000008613  3  12  4  D
 0.000005933  3  11  4  D
 0.000005281  3  10  4  D
 0.000008931  3  10  3  D
 0.026995051  3  11  3  D
 0.000009041  3  11  2  D
 0.000008571  3  11  3  D
 0.000009019  3  11  4  D
 0.000009366  3  12  4  D
 0.000013174  3  13  4  D
 0.000012268  3  14  4  D
 0.000008986  3  14  3  D
 0.000009358  3  13  3  D
 0.000008502  3  14  3  D
 0.000009173  3  14  2  D
 0.000009382  3  13  2  D
 0.000008972  3  12  2  D
 0.000007879  3  12  3  D
 0.087984243  3  12  2  D
 0.000008623  3  13  2  D
 0.000039376  3  12  2  D
 0.000004031  3  12  3  D
 0.000002450  3  12  4  D
 0.000003819  3  13  4  D
 0.000003142  3  12  4  D
 0.000012556  3  12  5  D
 0.028706807  3  12  6  D
 0.000009028  3  12  5  D
 0.022960493  3  12  4  D
 0.000011046  3  13  4  D
 0.000009039  3  13  3  D
 0.000008812  3  14  3  D
 0.000008409  3  14  4  D
 0.000008306  3  14  3  D
 0.000009459  3  13  3  D
 0.000008600  3  13  4  D
 0.000008860  3  13  5  D
 0.000010132  3  13  4  D
 0.000013694  3  13  3  D
 0.000008663  3  14  3  D
 0.000000000  1  13  2  B
 0.000009663  1  12  2  B
 0.000008546  1  12  3  B
 0.000012106  1  12  4  B
 0.000009193  1  12  3  B
 0.043360357  1  12  4  B
 0.015862921  1  12  5  B
 0.000009086  1  12  4  B
 0.000005904  1  12  3  B
 0.000006226  1  13  3  B
 0.000005043  1  14  3  B
 0.000008558  1  13  3  B
 0.000014508  1  13  4  B
 0.000008879  1  12  4  B
 0.000008555  1  13  4  B
 0.000008644  1  13  5  B
 0.028193806  1  14  5  B
 0.000004700  1  14  6  B
 0.000005145  1  0  6  B
 0.046412485  1  14  6  B
 0.000009902  1  13  6  B
 0.000008840  1  12  6  B
 0.000010415  1  11  6  B
 0.000010474  1  10  6  B
 0.000008159  1  11  6  B
 0.000008963  1  10  6  B
 0.000010350  1  9  6  B
 0.000009115  1  10  6  B
 0.000008836  1  10  7  B
 0.000008411  1  10  6  B
 0.000009413  1  10  5  B
 0.000011394  1  10  4  B
 0.000008862  1  9  4  B
 0.046199997  1  9  5  B
 0.000009286  1  10  5  B
 0.000008217  1  9  5  B
 0.000011111  1  9  4  B
 0.000018267  1  8  4  B
 0.000011326  1  8  3  B
 0.000008779  1  8  4  B
 0.000008590  1  8  3  B
 0.000009480  1  8  4  B
 0.000010310  1  7  4  B
 0.000009426  1  6  4  B
 0.000007964  1  6  5  B
 0.000008835  1  6  4  B
 0.000008976  1  7  4  B
 0.000009509  1  6  4  B
 0.000012126  1  5  4  B
 0.000009371  1  5  3  B
 0.000009070  1  5  2  B
 0.000010113  1  4  2  B
 0.000009352  1  5  2  B
 0.000008309  1  5  3  B
 0.000013009  1  4  3  B
 0.000004157  1  5  3  B
 0.000002200  1  5  2  B
 0.000003152  1  5  1  B
 0.000008461  1  5  0  B
 0.000010999  1  5  1  B
 0.000011089  1  4  1  B
 0.000008894  1  4  2  B
 0.000009105  1  5  2  B
 0.000010679  1  6  2  B
 0.000009009  1  7  2  B
 0.000008565  1  7  1  B
 0.000009105  1  8  1  B
 0.000008854  1  7  1  B
 0.000008680  1  6  1  B
 0.000010841  1  6  0  B
 0.000011165  1  7  0  B
 0.000014471  1  7  1  B
 0.000006471  1  6  1  B
 0.000007699  1  6  0  B
 0.000006969  1  6  14  B
 0.000007380  1  6  0  B
 0.000008579  1  6  1  B
 0.000012439  1  5  1  B
 0.000008563  1  5  2  B
 0.000008946  1  4  2  B
 0.000009136  1  3  2  B
 0.000010721  1  3  3  B
 0.000008686  1  3  2  B
 0.000009345  1  3  1  B
 0.000008897  1  2  1  B
 0.000008763  1  3  1  B
 0.000008076  1  3  2  B
 0.000008791  1  3  3  B
 0.000000000  12  9  1  M
 0.000008781  12  9  2  M
 0.030370168  12  9  1  M
 0.000009052  12  10  1  M
 0.000008519  12  10  2  M
 0.000008907  12  9  2  M
 0.000010274  12  8  2  M
 0.000008936  12  8  1  M
 0.000008366  12  8  2  M
 0.044618978  12  7  2  M
 0.000003412  12  7  3  M
 0.000008239  12  6  3  M
 0.000009032  12  6  4  M
 0.000008837  12  6  3  M
 0.000008833  12  7  3  M
 0.000010945  12  8  3  M
 0.000009466  12  8  2  M
 0.000010627  12  7  2  M
 0.000009781  12  7  3  M
 0.000005149  12  6  3  M
 0.000002374  12  5  3  M
 0.000008017  12  6  3  M
 0.000009536  12  5  3  M
 0.000007680  12  5  4  M
 0.000008758  12  5  5  M
 0.000005617  12  4  5  M
 0.000012279  12  5  5  M
 0.000005629  12  5  6  M
 0.000012242  12  5  7  M
 0.000009342  12  4  7  M
 0.000008779  12  4  8  M
 0.000008790  12  4  7  M
 0.000008677  12  4  6  M
 0.000008481  12  5  6  M
 0.000008412  12  5  7  M
 0.000007902  12  5  6  M
 0.000008486  12  5  7  M
 0.000024001  12  6  7  M
 0.000009203  12  6  8  M
 0.000004119  12  6  7  M
 0.000011271  12  6  6  M
 0.000009505  12  5  6  M
 0.000008472  12  6  6  M
 0.000011052  12  7  6  M
 0.000009110  12  6  6  M
 0.000008536  12  5  6  M
 0.000009449  12  5  5  M
 0.000009441  12  5  6  M
 0.000007774  12  6  6  M
 0.016365311  12  6  7  M
 0.000009429  12  5  7  M
 0.000011143  12  4  7  M
 0.000009106  12  5  7  M
 0.000008819  12  6  7  M
 0.000205024  12  7  7  M
 0.000010906  12  7  6  M
 0.000009072  12  7  5  M
 0.000032795  12  8  5  M
 0.000013471  12  9  5  M
 0.000009109  12  9  6  M
 0.000014604  12  10  6  M
 0.063014311  12  9  6  M
 0.000008839  12  10  6  M
 0.000009363  12  11  6  M
 0.000010809  12  11  7  M
 0.000008724  12  11  6  M
 0.000008821  12  11  5  M
 0.000008674  12  11  4  M
 0.000008138  12  11  3  M
 0.045499659  12  11  2  M
 0.000008770  12  12  2  M
 0.000008687  12  12  1  M
 0.000012371  12  13  1  M
 0.013637002  12  14  1  M
 0.000011556  12  13  1  M
 0.000009386  12  12  1  M
 0.000009302  12  12  0  M
 0.000006723  12  13  0  M
 0.000008929  12  13  14  M
 0.000010618  12  12  14  M
 0.000008441  12  12  13  M
 0.000009196  12  12  14  M
 0.000009083  12  13  14  M
 0.000008576  12  13  13  M
 0.000008312  12  13  14  M
 0.000009795  12  13  13  M
 0.000008728  12  14  13  M
 0.000008671  12  14  14  M
 0.000008691  12  14  0  M
 0.000009142  12  13  0  M
 0.000010264  12  13  14  M
 0.000008429  12  13  0  M
 0.000012015  12  13  14  M
 0.000008985  12  13  13  M
 0.000008278  12  13  14  M
 0.000008483  12  13  0  M
 0.000008597  12  13  14  M
 0.000013955  12  13  13  M
 0.000011812  12  13  12  M
 0.000000000  0  12  1  A
 0.000012388  0  13  1  A
 0.000009010  0  12  1  A
 0.000008861  0  13  1  A
 0.000008577  0  12  1  A
 0.000008858  0  13  1  A
 0.000008701  0  13  2  A
 0.000004346  0  14  2  A
 0.000008870  0  0  2  A
 0.000010635  0  14  2  A
 0.000010941  0  0  2  A
 0.000010865  0  14  2  A
 0.000002860  0  13  2  A
 0.000002246  0  12  2  A
 0.000008743  0  12  1  A
 0.000008386  0  12  2  A
 0.000012805  0  11  2  A
 0.000010862  0  11  1  A
 0.000008453  0  11  2  A
 0.000011991  0  11  1  A
 0.000009088  0  11  0  A
 0.000004613  0  11  1  A
 0.000002678  0  10  1  A
 0.000006009  0  10  2  A
 0.000012402  0  9  2  A
 0.000007380  0  10  2  A
 0.000009018  0  10  3  A
 0.000009818  0  9  3  A
 0.000009024  0  8  3  A
 0.000014814  0  9  3  A
 0.000009185  0  8  3  A
 0.000008534  0  8  4  A
 0.000008050  0  8  5  A
 0.000010872  0  9  5  A
 0.000008733  0  9  6  A
 0.000010652  0  9  5  A
 0.000009061  0  10  5  A
 0.000009822  0  10  4  A
 0.000013454  0  10  3  A
 0.000011272  0  9  3  A
 0.000005152  0  9  2  A
 0.000009333  0  10  2  A
 0.000021276  0  9  2  A
 0.000023096  0  8  2  A
 0.000009106  0  9  2  A
 0.000009308  0  10  2  A
 0.000008874  0  10  3  A
 0.000009260  0  11  3  A
 0.000009392  0  11  2  A
 0.000011542  0  10  2  A
 0.000009792  0  10  3  A
 0.000008640  0  10  4  A
 0.000008941  0  9  4  A
 0.000008871  0  10  4  A
 0.000008864  0  9  4  A
 0.000011712  0  9  3  A
 0.000009784  0  10  3  A
 0.075826324  0  9  3  A
 0.000002525  0  9  4  A
 0.000003797  0  9  3  A
 0.000005383  0  10  3  A
 0.036549679  0  9  3  A
 0.000009201  0  8  3  A
 0.000008713  0  8  4  A
 0.000008601  0  7  4  A
 0.000010927  0  7  5  A
 0.000008907  0  6  5  A
 0.000005851  0  7  5  A
 0.000008650  0  7  4  A
 0.000008342  0  6  4  A
 0.000008464  0  7  4  A
 0.000008569  0  7  3  A
 0.000014090  0  6  3  A
 0.000014811  0  5  3  A
 0.000015863  0  5  4  A
 0.000009500  0  5  5  A
 0.000010047  0  6  5  A
 0.000007197  0  6  6  A
 0.000009203  0  7  6  A
 0.000011512  0  6  6  A
 0.000008991  0  5  6  A
 0.000009659  0  5  5  A
 0.000008740  0  5  6  A
 0.000257709  0  4  6  A
 0.032612973  0  5  6  A
 0.000009918  0  5  5  A
 0.000008637  0  6  5  A
 0.000009059  0  5  5  A
 0.000009014  0  5  4  A
 0.000008794  0  5  5  A
 0.000008893  0  5  6  A
 0.000010551  0  5  7  A
 0.000011769  0  5  8  A
 0.000009451  0  5  7  A
 0.000009138  0  5  6  A
 0.000009133  0  5  5  A
 0.000008778  0  5  6  A
 0.000000000  2  12  1  C
 0.025752746  2  11  1  C
 0.000011126  2  11  2  C
 0.000008935  2  11  3  C
 0.000009568  2  11  4  C
 0.000008871  2  10  4  C
 0.000008383  2  10  3  C
 0.000008436  2  10  2  C
 0.000008642  2  9  2  C
 0.015066684  2  9  3  C
 0.000003061  2  8  3  C
 0.000013356  2  8  2  C
 0.000010296  2  8  3  C
 0.000011305  2  9  3  C
 0.000008252  2  9  4  C
 0.000011461  2  10  4  C
 0.000005388  2  10  3  C
 0.000034695  2  10  2  C
 0.000005240  2  9  2  C
 0.000002374  2  9  3  C
 0.000004633  2  9  4  C
 0.000003304  2  8  4  C
 0.000007375  2  8  3  C
 0.000008175  2  9  3  C
 0.000008996  2  9  2  C
 0.000008806  2  10  2  C
 0.000008657  2  9  2  C
 0.000009130  2  10  2  C
 0.000008559  2  9  2  C
 0.000008750  2  10  2  C
 0.000008746  2  10  1  C
 0.000008160  2  10  0  C
 0.000008569  2  11  0  C
 0.000008621  2  11  14  C
 0.000008843  2  10  14  C
 0.000010454  2  11  14  C
 0.000004376  2  10  14  C
 0.000009014  2  10  0  C
 0.000008254  2  11  0  C
 0.000011231  2  11  14  C
 0.000010311  2  12  14  C
 0.000010810  2  12  0  C
 0.000010346  2  12  1  C
 0.000012140  2  12  0  C
 0.000009473  2  11  0  C
 0.037335727  2  12  0  C
 0.014237782  2  12  1  C
 0.000011528  2  12  2  C
 0.031548071  2  11  2  C
 0.000008932  2  11  3  C
 0.000008904  2  12  3  C
 0.000011436  2  13  3  C
 0.000009401  2  14  3  C
 0.000004286  2  14  4  C
 0.046725446  2  13  4  C
 0.000016106  2  12  4  C
 0.000010301  2  11  4  C
 0.000009061  2  11  3  C
 0.000010482  2  11  2  C
 0.000009733  2  12  2  C
 0.000008602  2  11  2  C
 0.000008460  2  12  2  C
 0.000034979  2  12  3  C
 0.043400710  2  12  2  C
 0.000010183  2  12  1  C
 0.045028424  2  12  2  C
 0.000008089  2  12  3  C
 0.000011362  2  12  2  C
 0.000006119  2  13  2  C
 0.000006526  2  12  2  C
 0.000007148  2  11  2  C
 0.064215336  2  11  3  C
 0.000008628  2  11  2  C
 0.000008060  2  12  2  C
 0.000008805  2  13  2  C
 0.000008655  2  13  3  C
 0.000009227  2  13  2  C
 0.000010112  2  14  2  C
 0.000009823  2  0  2  C
 0.000011903  2  1  2  C
 0.000008956  2  2  2  C
 0.000009610  2  3  2  C
 0.035481957  2  2  2  C
 0.000008917  2  1  2  C
 0.000009786  2  1  1  C
 0.000008504  2  1  2  C
 0.000017250  2  2  2  C
 0.000009506  2  1  2  C
 0.000011025  2  2  2  C
 0.000009240  2  1  2  C
 0.000013364  2  1  1  C
 0.000010485  2  1  0  C
 0.000010035  2  0  0  C
 0.000008836  2  0  14  C
 0.000008861  2  14  14  C
 0.000008807  2  14  0  C
 0.000011378  2  13  0  C
 0.000008446  2  13  1  C
 0.009926052  34  6  10  1
 0.780359944  34  6  10  1
 3.497998724  34  15  15  1
