 0.001558614  0  0  0  A
 0.029310362  0  0  1  A
 0.029313049  0  0  2  A
 0.051035704  0  0  3  A
 0.051037944  0  0  0  A
 0.092765169  0  0  1  A
 0.092766469  0  0  2  A
 0.135015321  0  0  3  A
 0.135016785  0  0  0  A
 0.157689605  0  0  1  A
 0.158130647  0  0  2  A
 0.193752081  0  0  3  A
 0.193754317  0  0  0  A
 0.223108867  0  0  1  A
 0.223110081  0  0  2  A
 0.251970716  0  0  3  A
 0.251971851  0  0  0  A
 0.298896486  0  0  1  A
 0.304886640  0  0  2  A
 0.352476869  0  0  3  A
 0.352478357  0  0  0  A
 0.388428327  0  0  1  A
 0.388429523  0  0  2  A
 0.409079202  0  0  3  A
 0.409080247  0  0  0  A
 0.426783552  0  0  1  A
 0.458606986  0  0  2  A
 0.470445565  0  0  3  A
 0.470446277  0  0  0  A
 0.492103998  0  0  1  A
 0.499648224  0  0  2  A
 0.526178622  0  0  3  A
 0.526180088  0  0  0  A
 0.538996759  0  0  1  A
 0.548022240  0  0  2  A
 0.568434116  0  0  3  A
 0.568435499  0  0  0  A
 0.611822300  0  0  1  A
 0.611823527  0  0  2  A
 0.622043032  0  0  3  A
 0.622044474  0  0  0  A
 0.635415947  0  0  1  A
 0.638204806  0  0  2  A
 0.664027133  0  0  3  A
 0.664028220  0  0  0  A
 0.697075229  0  0  1  A
 0.704347700  0  0  2  A
 0.737439096  0  0  3  A
 0.737440182  0  0  0  A
 0.782130775  0  0  1  A
 0.782132046  0  0  2  A
 0.814710642  0  0  3  A
 0.814712121  0  0  0  A
 0.856812905  0  0  1  A
 0.856814424  0  0  2  A
 0.875424922  0  0  3  A
 0.875426038  0  0  0  A
 0.918637016  0  0  1  A
 0.918638434  0  0  2  A
 0.933964166  0  0  3  A
 0.933965629  0  0  0  A
 0.977407802  0  0  1  A
 0.977409065  0  0  2  A
 0.989501775  0  0  3  A
 0.989502859  0  0  0  A
 0.001729821  1  1  0  B
 0.037067945  1  1  1  B
 0.051040402  1  1  2  B
 0.064720564  1  1  3  B
 0.064721611  1  1  0  B
 0.105297524  1  1  1  B
 0.135017390  1  1  2  B
 0.158128596  1  1  3  B
 0.158130023  1  1  0  B
 0.173795019  1  1  1  B
 0.193757784  1  1  2  B
 0.220363589  1  1  3  B
 0.220364621  1  1  0  B
 0.258040044  1  1  1  B
 0.258041257  1  1  2  B
 0.304884227  1  1  3  B
 0.304885513  1  1  0  B
 0.337171163  1  1  1  B
 0.352479886  1  1  2  B
 0.383238936  1  1  3  B
 0.383239981  1  1  0  B
 0.411041080  1  1  1  B
 0.411042310  1  1  2  B
 0.458605390  1  1  3  B
 0.458606276  1  1  0  B
 0.481292904  1  1  1  B
 0.481293684  1  1  2  B
 0.499645549  1  1  3  B
 0.499647025  1  1  0  B
 0.524120778  1  1  1  B
 0.526180484  1  1  2  B
 0.548019234  1  1  3  B
 0.548020759  1  1  0  B
 0.579954123  1  1  1  B
 0.579955777  1  1  2  B
 0.598985013  1  1  3  B
 0.598986058  1  1  0  B
 0.615267162  1  1  1  B
 0.622045592  1  1  2  B
 0.638202636  1  1  3  B
 0.638204167  1  1  0  B
 0.683486237  1  1  1  B
 0.683487454  1  1  2  B
 0.704344302  1  1  3  B
 0.704346516  1  1  0  B
 0.746394958  1  1  1  B
 0.746396212  1  1  2  B
 0.781756272  1  1  3  B
 0.781757321  1  1  0  B
 0.812808657  1  1  1  B
 0.814712814  1  1  2  B
 0.847786800  1  1  3  B
 0.847787839  1  1  0  B
 0.890892464  1  1  1  B
 0.890894810  1  1  2  B
 0.917509953  1  1  3  B
 0.917511899  1  1  0  B
 0.934119075  1  1  1  B
 0.934120295  1  1  2  B
 0.966341047  1  1  3  B
 0.966342088  1  1  0  B
 1.004977396  1  1  1  B
 1.004978667  1  1  2  B
 1.025409883  1  1  3  B
 1.025410942  1  1  0  B
 1.056409128  1  1  1  B
 1.056410348  1  1  2  B
 1.097381867  1  1  3  B
 1.097383406  1  1  0  B
 1.114726387  1  1  1  B
 1.114727603  1  1  2  B
 1.135153740  1  1  3  B
 1.135155669  1  1  0  B
 1.158321055  1  1  1  B
 1.158322330  1  1  2  B
 1.185784522  1  1  3  B
 1.185785559  1  1  0  B
 1.226861934  1  1  1  B
 1.226863172  1  1  2  B
 1.260526683  1  1  3  B
 1.260528104  1  1  0  B
 1.302717376  1  1  1  B
 1.302718627  1  1  2  B
 1.325098015  1  1  3  B
 1.325099065  1  1  0  B
 1.342674303  1  1  1  B
 1.342675532  1  1  2  B
 1.389835331  1  1  3  B
 1.389836379  1  1  0  B
-1  2  2  4 LOCAL_SECTION;ENTRY_PROTOCOL;CRITICAL_SECTION;EXIT_PROTOCOL;EXTRA_LABEL;
