 0.001090800  1  1  0  B
 0.024274256  1  1  1  B
 0.024275554  1  1  2  B
 0.054289679  1  1  3  B
 0.054291088  1  1  0  B
 0.101581251  1  1  1  B
 0.101581969  1  1  2  B
 0.120867114  1  1  3  B
 0.120868212  1  1  0  B
 0.161809758  1  1  1  B
 0.167963605  1  1  2  B
 0.197822497  1  1  3  B
 0.197822966  1  1  0  B
 0.210896812  1  1  1  B
 0.239580530  1  1  2  B
 0.282693527  1  1  3  B
 0.282695007  1  1  0  B
 0.315189952  1  1  1  B
 0.323209333  1  1  2  B
 0.350312268  1  1  3  B
 0.350313341  1  1  0  B
 0.373634288  1  1  1  B
 0.387137280  1  1  2  B
 0.421997321  1  1  3  B
 0.421998435  1  1  0  B
 0.467948803  1  1  1  B
 0.467950111  1  1  2  B
 0.517826064  1  1  3  B
 0.517826328  1  1  0  B
 0.562365821  1  1  1  B
 0.562366465  1  1  2  B
 0.606430953  1  1  3  B
 0.606432017  1  1  0  B
 0.620361527  1  1  1  B
 0.656500800  1  1  2  B
 0.673269086  1  1  3  B
 0.673269313  1  1  0  B
 0.691576631  1  1  1  B
 0.729531622  1  1  2  B
 0.759923713  1  1  3  B
 0.759924002  1  1  0  B
 0.781843942  1  1  1  B
 0.781844370  1  1  2  B
 0.798161426  1  1  3  B
 0.798162104  1  1  0  B
 0.821620867  1  1  1  B
 0.867151966  1  1  2  B
 0.892785486  1  1  3  B
 0.892785889  1  1  0  B
 0.913486223  1  1  1  B
 0.913487006  1  1  2  B
 0.962657653  1  1  3  B
 0.962658821  1  1  0  B
 0.001013190  0  0  0  A
 0.050525907  0  0  1  A
 0.054291621  0  0  2  A
 0.098618168  0  0  3  A
 0.098619793  0  0  0  A
 0.137926018  0  0  1  A
 0.137927277  0  0  2  A
 0.167963132  0  0  3  A
 0.167963425  0  0  0  A
 0.183742809  0  0  1  A
 0.197823242  0  0  2  A
 0.239578252  0  0  3  A
 0.239579544  0  0  0  A
 0.260615193  0  0  1  A
 0.282695650  0  0  2  A
 0.323207070  0  0  3  A
 0.323208558  0  0  0  A
 0.350493289  0  0  1  A
 0.350494497  0  0  2  A
 0.387135191  0  0  3  A
 0.387136709  0  0  0  A
 0.432541138  0  0  1  A
 0.432542361  0  0  2  A
 0.459211851  0  0  3  A
 0.459212875  0  0  0  A
 0.498823424  0  0  1  A
 0.517826475  0  0  2  A
 0.553982898  0  0  3  A
 0.553983260  0  0  0  A
 0.567260047  0  0  1  A
 0.606432416  0  0  2  A
 0.656500325  0  0  3  A
 0.656500661  0  0  0  A
 0.680917725  0  0  1  A
 0.680917990  0  0  2  A
 0.729531029  0  0  3  A
 0.729531339  0  0  0  A
 0.747452313  0  0  1  A
 0.759924134  0  0  2  A
 0.771637066  0  0  3  A
 0.771637340  0  0  0  A
 0.820189645  0  0  1  A
 0.820190876  0  0  2  A
 0.867151153  0  0  3  A
 0.867151666  0  0  0  A
 0.882571066  0  0  1  A
 0.892786013  0  0  2  A
 0.904885195  0  0  3  A
 0.904885618  0  0  0  A
 0.950056151  0  0  1  A
 0.962659283  0  0  2  A
 1.009958760  0  0  3  A
 1.009959788  0  0  0  A
 1.023308862  0  0  1  A
 1.023310095  0  0  2  A
 1.037774907  0  0  3  A
 1.037775956  0  0  0  A
 1.049373474  0  0  1  A
 1.049374985  0  0  2  A
 1.066320798  0  0  3  A
 1.066321836  0  0  0  A
 1.090056832  0  0  1  A
 1.090058049  0  0  2  A
 1.110663864  0  0  3  A
 1.110664891  0  0  0  A
 1.138673473  0  0  1  A
 1.138674680  0  0  2  A
 1.178261647  0  0  3  A
 1.178262683  0  0  0  A
 1.213044064  0  0  1  A
 1.213046050  0  0  2  A
 1.259269545  0  0  3  A
 1.259270566  0  0  0  A
 1.298188687  0  0  1  A
 1.298189904  0  0  2  A
 1.319481648  0  0  3  A
 1.319482671  0  0  0  A
 1.355478859  0  0  1  A
 1.355480101  0  0  2  A
 1.396812441  0  0  3  A
 1.396814594  0  0  0  A
 1.440393902  0  0  1  A
 1.440395111  0  0  2  A
 1.463734716  0  0  3  A
 1.463735753  0  0  0  A
 1.483575511  0  0  1  A
 1.483576713  0  0  2  A
 1.528910896  0  0  3  A
 1.528911918  0  0  0  A
 1.567722463  0  0  1  A
 1.567723691  0  0  2  A
 1.586478600  0  0  3  A
 1.586479614  0  0  0  A
-1  2  2  4 LOCAL_SECTION;ENTRY_PROTOCOL;CRITICAL_SECTION;EXIT_PROTOCOL;EXTRA_LABEL;
