 0.000266624  0  0  0  A
 0.020417247  0  0  1  A
 0.020417903  0  0  2  A
 0.062369374  0  0  3  A
 0.062369645  0  0  0  A
 0.102318483  0  0  1  A
 0.102319920  0  0  2  A
 0.137726632  0  0  3  A
 0.137727713  0  0  0  A
 0.179027872  0  0  1  A
 0.179029261  0  0  2  A
 0.203747934  0  0  3  A
 0.203749349  0  0  0  A
 0.218052738  0  0  1  A
 0.229435077  0  0  2  A
 0.259580525  0  0  3  A
 0.259581621  0  0  0  A
 0.296487736  0  0  1  A
 0.296489109  0  0  2  A
 0.320913887  0  0  3  A
 0.320914932  0  0  0  A
 0.342993205  0  0  1  A
 0.353610312  0  0  2  A
 0.372037747  0  0  3  A
 0.372038901  0  0  0  A
 0.411240659  0  0  1  A
 0.411241970  0  0  2  A
 0.457587684  0  0  3  A
 0.457589106  0  0  0  A
 0.476484246  0  0  1  A
 0.486183885  0  0  2  A
 0.504274227  0  0  3  A
 0.504275418  0  0  0  A
 0.521604320  0  0  1  A
 0.522811306  0  0  2  A
 0.547553583  0  0  3  A
 0.547555018  0  0  0  A
 0.582175936  0  0  1  A
 0.582177309  0  0  2  A
 0.613413570  0  0  3  A
 0.613415926  0  0  0  A
 0.660879551  0  0  1  A
 0.667188283  0  0  2  A
 0.683358634  0  0  3  A
 0.683360033  0  0  0  A
 0.699351246  0  0  1  A
 0.711692507  0  0  2  A
 0.733225122  0  0  3  A
 0.733226438  0  0  0  A
 0.761066705  0  0  1  A
 0.784526252  0  0  2  A
 0.800749818  0  0  3  A
 0.800750920  0  0  0  A
 0.000327214  1  1  0  B
 0.037683499  1  1  1  B
 0.062370012  1  1  2  B
 0.087972253  1  1  3  B
 0.087973460  1  1  0  B
 0.134163772  1  1  1  B
 0.137728153  1  1  2  B
 0.165550061  1  1  3  B
 0.165551120  1  1  0  B
 0.197295120  1  1  1  B
 0.203749687  1  1  2  B
 0.229432637  1  1  3  B
 0.229434053  1  1  0  B
 0.265780017  1  1  1  B
 0.265781324  1  1  2  B
 0.284877380  1  1  3  B
 0.284878490  1  1  0  B
 0.321623725  1  1  1  B
 0.321625048  1  1  2  B
 0.353607689  1  1  3  B
 0.353609139  1  1  0  B
 0.372019115  1  1  1  B
 0.372039113  1  1  2  B
 0.399408137  1  1  3  B
 0.399409246  1  1  0  B
 0.442204170  1  1  1  B
 0.457590053  1  1  2  B
 0.486181229  1  1  3  B
 0.486182635  1  1  0  B
 0.496465719  1  1  1  B
 0.504275864  1  1  2  B
 0.522809339  1  1  3  B
 0.522810821  1  1  0  B
 0.536885684  1  1  1  B
 0.547555545  1  1  2  B
 0.563282058  1  1  3  B
 0.563283095  1  1  0  B
 0.597437006  1  1  1  B
 0.613417125  1  1  2  B
 0.624921416  1  1  3  B
 0.624922464  1  1  0  B
 0.637344656  1  1  1  B
 0.637346013  1  1  2  B
 0.667185913  1  1  3  B
 0.667187335  1  1  0  B
 0.683245619  1  1  1  B
 0.683360428  1  1  2  B
 0.711690360  1  1  3  B
 0.711691514  1  1  0  B
 0.742050464  1  1  1  B
 0.742051756  1  1  2  B
 0.784523808  1  1  3  B
 0.784525217  1  1  0  B
 0.823741862  1  1  1  B
 0.823743194  1  1  2  B
 0.841068836  1  1  3  B
 0.841069879  1  1  0  B
 0.855774414  1  1  1  B
 0.855775732  1  1  2  B
 0.897628772  1  1  3  B
 0.897630043  1  1  0  B
 0.938977863  1  1  1  B
 0.938979176  1  1  2  B
 0.956847073  1  1  3  B
 0.956848512  1  1  0  B
 0.978873494  1  1  1  B
 0.978874814  1  1  2  B
 0.997278741  1  1  3  B
 0.997279773  1  1  0  B
 1.021119832  1  1  1  B
 1.021121155  1  1  2  B
 1.065636606  1  1  3  B
 1.065637657  1  1  0  B
-1  2  2  4 LOCAL_SECTION;ENTRY_PROTOCOL;CRITICAL_SECTION;EXIT_PROTOCOL;EXTRA_LABEL;
