0   88
0   98
0   81
0   60
0   75
0   88
0   62
0   92
0   91
0   57
0   63
0   61
0   54
0   56
0   74
1   81
1   88
1   56
1   57
1   61
1   91
1   63
1   74
1   60
1   54
1   62
1   98
1   88
1   75
1   92
2   88
2   56
2   57
2   61
2   91
2   63
2   74
2   60
2   54
2   62
2   98
2   88
2   81
3   88
3   56
3   57
3   61
3   91
3   63
3   74
3   60
3   54
3   62
2   75
2   92
4   88
4   56
4   57
4   61
4   91
4   63
4   74
4   60
4   54
4   62
3   98
3   88
3   81
5   88
5   56
5   57
5   61
5   91
5   63
5   74
5   60
5   54
5   62
4   98
4   88
3   75
3   92
6   88
6   56
6   57
6   61
6   91
6   63
6   74
6   60
6   54
6   62
5   98
5   88
4   75
4   81
7   88
7   56
7   57
7   61
7   91
7   63
7   74
7   60
7   54
7   62
6   98
6   88
4   92
8   88
8   56
8   57
8   61
8   91
8   63
8   74
8   60
8   54
8   62
7   98
5   75
5   81
9   88
9   56
9   57
9   61
9   91
9   63
9   74
9   60
9   54
9   62
8   98
7   88
6   75
5   92
10   88
10   56
10   57
10   61
10   91
10   63
10   74
10   60
10   54
10   62
9   98
8   88
7   75
6   81
11   88
11   56
11   57
11   61
11   91
11   63
11   74
11   60
11   54
11   62
10   98
9   88
6   92
12   88
12   56
12   57
12   61
12   91
12   63
12   74
12   60
12   54
12   62
11   98
8   75
7   81
13   88
13   56
13   57
13   61
13   91
13   63
13   74
13   60
13   54
13   62
12   98
10   88
9   75
7   92
14   88
14   56
14   57
14   61
14   91
14   63
14   74
14   60
14   54
14   62
13   98
11   88
10   75
8   81
15   88
15   56
15   57
15   61
15   91
15   63
15   74
15   60
15   54
15   62
14   98
12   88
11   75
8   92
16   88
16   56
16   57
16   61
16   91
16   63
16   74
16   60
16   54
16   62
15   98
13   88
9   81
17   88
17   56
17   57
17   61
17   91
17   63
17   74
17   60
17   54
17   62
16   98
14   88
12   75
9   92
18   88
18   56
18   57
18   61
18   91
18   63
18   74
18   60
18   54
18   62
17   98
15   88
10   81
19   88
19   56
19   57
19   61
19   91
19   63
19   74
19   60
19   54
19   62
18   98
13   75
10   92
20   88
20   56
20   57
20   61
20   91
20   63
20   74
20   60
20   54
20   62
16   88
11   81
21   88
21   56
21   57
21   61
21   91
21   63
21   74
21   60
21   54
21   62
19   98
17   88
14   75
11   92
22   88
22   56
22   57
22   61
22   91
22   63
22   74
22   60
22   54
22   62
20   98
18   88
15   75
12   81
23   88
23   56
23   57
23   61
23   91
23   63
23   74
23   60
23   54
23   62
21   98
19   88
12   92
24   88
24   56
24   57
24   61
24   91
24   63
24   74
24   60
24   54
24   62
22   98
20   88
16   75
13   81
25   88
25   56
25   57
25   61
25   91
25   63
25   74
25   60
25   54
25   62
23   98
13   92
26   88
26   56
26   57
26   61
26   91
26   63
26   74
26   60
26   54
26   62
24   98
21   88
17   75
14   81
27   88
27   56
27   57
27   61
27   91
27   63
27   74
27   60
27   54
27   62
25   98
22   88
14   92
28   88
28   56
28   57
28   61
28   91
28   63
28   74
28   60
28   54
28   62
26   98
23   88
18   75
15   81
29   88
29   56
29   57
29   61
29   91
29   63
29   74
29   60
29   54
29   62
27   98
24   88
19   75
15   92
30   88
30   56
30   57
30   61
30   91
30   63
30   74
30   60
30   54
30   62
28   98
25   88
16   81
31   88
31   56
31   57
31   61
31   91
31   63
31   74
31   60
31   54
31   62
29   98
26   88
20   75
16   92
32   88
32   56
32   57
32   61
32   91
32   63
32   74
32   60
32   54
32   62
30   98
27   88
21   75
17   81
33   88
33   56
33   57
33   61
33   91
33   63
33   74
33   60
33   54
33   62
31   98
28   88
17   92
34   88
34   56
34   57
34   61
34   91
34   63
34   74
34   60
34   54
34   62
32   98
22   75
18   81
35   88
35   56
35   57
35   61
35   91
35   63
35   74
35   60
35   54
35   62
33   98
29   88
23   75
18   92
36   88
36   56
36   57
36   61
36   91
36   63
36   74
36   60
36   54
36   62
34   98
30   88
24   75
19   81
37   88
37   56
37   57
37   61
37   91
37   63
37   74
37   60
37   54
37   62
35   98
31   88
19   92
38   88
38   56
38   57
38   61
38   91
38   63
38   74
38   60
38   54
38   62
36   98
32   88
25   75
20   81
39   88
39   56
39   57
39   61
39   91
39   63
39   74
39   60
39   54
39   62
37   98
33   88
20   92
40   88
40   56
40   57
40   61
40   91
40   63
40   74
40   60
40   54
40   62
38   98
34   88
26   75
21   81
41   88
41   56
41   57
41   61
41   91
41   63
41   74
41   60
41   54
41   62
39   98
35   88
21   92
42   88
42   56
42   57
42   61
42   91
42   63
42   74
42   60
42   54
42   62
40   98
27   75
22   81
43   88
43   56
43   57
43   61
43   91
43   63
43   74
43   60
43   54
43   62
41   98
36   88
28   75
22   92
44   88
44   56
44   57
44   61
44   91
44   63
44   74
44   60
44   54
44   62
42   98
37   88
29   75
23   81
45   88
45   56
45   57
45   61
45   91
45   63
45   74
45   60
45   54
45   62
43   98
38   88
30   75
23   92
46   88
46   56
46   57
46   61
46   91
46   63
46   74
46   60
46   54
46   62
44   98
39   88
31   75
24   81
47   88
47   56
47   57
47   61
47   91
47   63
47   74
47   60
47   54
47   62
45   98
40   88
24   92
48   88
48   56
48   57
48   61
48   91
48   63
48   74
48   60
48   54
48   62
46   98
41   88
32   75
25   81
49   88
49   56
49   57
49   61
49   91
49   63
49   74
49   60
49   54
49   62
47   98
42   88
25   92
50   88
50   56
50   57
50   61
50   91
50   63
50   74
50   60
50   54
50   62
48   98
33   75
26   81
51   88
51   56
51   57
51   61
51   91
51   63
51   74
51   60
51   54
51   62
49   98
43   88
26   92
52   88
52   56
52   57
52   61
52   91
52   63
52   74
52   60
52   54
52   62
50   98
34   75
27   81
53   88
53   56
53   57
53   61
53   91
53   63
53   74
53   60
53   54
53   62
51   98
44   88
35   75
27   92
54   88
54   56
54   57
54   61
54   91
54   63
54   74
54   60
0.000492049 8 8 0 I
0.033923093 8 8 1 I
0.057475201 8 8 2 I
0.057475676 8 8 3 I
0.058728244 8 8 4 I
0.320191426 8 8 5 I
0.342359938 8 8 6 I
0.34236096 8 8 0 I
0.358276391 8 8 1 I
0.503796635 8 8 2 I
0.503800122 8 8 3 I
0.506183755 8 8 4 I
0.77330109 8 8 5 I
0.804317148 8 8 6 I
0.804318181 8 8 0 I
0.820862329 8 8 1 I
0.888418958 8 8 2 I
0.888419392 8 8 3 I
0.889621653 8 8 4 I
1.127877351 8 8 5 I
1.166965174 8 8 6 I
1.166966259 8 8 0 I
1.190566001 8 8 1 I
1.263189688 8 8 2 I
1.263190179 8 8 3 I
1.264367932 8 8 4 I
1.491262068 8 8 5 I
1.515820625 8 8 6 I
1.5158217139999999 8 8 0 I
1.5460980069999999 8 8 1 I
1.707170773 8 8 2 I
1.707171241 8 8 3 I
1.708349053 8 8 4 I
1.9542579039999999 8 8 5 I
1.979999042 8 8 6 I
1.979999955 8 8 0 I
2.001061392 8 8 1 I
2.163042471 8 8 2 I
2.163043149 8 8 4 I
2.403746877 8 8 5 I
2.417530222 8 8 6 I
2.417531243 8 8 0 I
2.466541606 8 8 1 I
2.580833973 8 8 2 I
2.580834675 8 8 3 I
2.582909675 8 8 4 I
2.859382059 8 8 5 I
2.886993631 8 8 6 I
2.886994712 8 8 0 I
2.907266275 8 8 1 I
3.011459773 8 8 2 I
3.011460254 8 8 3 I
3.012592207 8 8 4 I
3.285759337 8 8 5 I
3.335008539 8 8 6 I
3.335011496 8 8 0 I
3.381655935 8 8 1 I
3.444152469 8 8 2 I
3.444152935 8 8 3 I
3.445280668 8 8 4 I
3.7390778940000002 8 8 5 I
3.763887068 8 8 6 I
3.763890061 8 8 0 I
3.810528006 8 8 1 I
3.875107405 8 8 2 I
3.87510787 8 8 3 I
3.876278042 8 8 4 I
4.104118483 8 8 5 I
4.131199721 8 8 6 I
4.131200735 8 8 0 I
4.144124608 8 8 1 I
4.270268201 8 8 2 I
4.27026865 8 8 3 I
4.271597226 8 8 4 I
4.521548063 8 8 5 I
4.536855921 8 8 6 I
4.536857046 8 8 0 I
4.54838128 8 8 1 I
4.65963547 8 8 2 I
4.659635987 8 8 3 I
4.662037447 8 8 4 I
4.903363379 8 8 5 I
4.918814705 8 8 6 I
4.918815814 8 8 0 I
4.947165342 8 8 1 I
5.073788495 8 8 2 I
5.073789105 8 8 4 I
5.223803911 8 8 5 I
5.247005512 8 8 6 I
5.247008432 8 8 0 I
5.285504295 8 8 1 I
5.387936825 8 8 2 I
5.387937356 8 8 3 I
5.3890252 8 8 4 I
5.660773185 8 8 5 I
5.704947843 8 8 6 I
5.7049508410000005 8 8 0 I
5.747524833 8 8 1 I
5.870101347 8 8 2 I
5.87010183 8 8 3 I
5.871332498 8 8 4 I
6.126432744 8 8 5 I
6.154330506 8 8 6 I
6.154331511 8 8 0 I
6.181467142 8 8 1 I
6.329455328 8 8 2 I
6.329455857 8 8 3 I
6.330613702 8 8 4 I
6.575476873 8 8 5 I
6.606500335 8 8 6 I
6.606501351 8 8 0 I
6.619409282 8 8 1 I
6.706210921 8 8 2 I
6.706211345 8 8 3 I
6.707407797 8 8 4 I
6.936575818 8 8 5 I
6.962028159 8 8 6 I
6.962029236 8 8 0 I
6.994710964 8 8 1 I
7.090772645 8 8 2 I
7.090773128 8 8 3 I
7.092155192 8 8 4 I
7.309624623 8 8 5 I
7.346390579 8 8 6 I
7.346391682 8 8 0 I
7.362884901 8 8 1 I
7.456364653 8 8 2 I
7.456365409 8 8 3 I
7.457536276 8 8 4 I
7.7146553319999995 8 8 5 I
7.758301755 8 8 6 I
7.758305043 8 8 0 I
7.787880703 8 8 1 I
7.857644367 8 8 2 I
7.857645139 8 8 3 I
7.858896629 8 8 4 I
8.140062282 8 8 5 I
8.156430883 8 8 6 I
8.156434063 8 8 0 I
8.192886519 8 8 1 I
8.265723458 8 8 2 I
8.265723968 8 8 3 I
8.266878653 8 8 4 I
8.51039604 8 8 5 I
8.527115373 8 8 6 I
8.527116965 8 8 0 I
8.56969347 8 8 1 I
8.685057777 8 8 2 I
8.685058503 8 8 3 I
8.686265316 8 8 4 I
8.937283266 8 8 5 I
8.956101602 8 8 6 I
8.956105109 8 8 0 I
8.991383137 8 8 1 I
9.089982172 8 8 2 I
9.089982961 8 8 4 I
9.365363879 8 8 5 I
9.384215893 8 8 6 I
9.384218995 8 8 0 I
9.43105366 8 8 1 I
9.549979947 8 8 2 I
9.549980389 8 8 3 I
9.551152769 8 8 4 I
9.741621961 8 8 5 I
9.768507701 8 8 6 I
9.768508965 8 8 0 I
9.81731659 8 8 1 I
9.883559709 8 8 2 I
9.883560143 8 8 3 I
9.884769467 8 8 4 I
10.126323586 8 8 5 I
10.148765354 8 8 6 I
10.148766596 8 8 0 I
10.172211414 8 8 1 I
10.229541541 8 8 2 I
10.22954211 8 8 3 I
10.231866387 8 8 4 I
10.528209075 8 8 5 I
10.558376709000001 8 8 6 I
10.558377685 8 8 0 I
10.59609464 8 8 1 I
10.670429656 8 8 2 I
10.670430217 8 8 3 I
10.671717495 8 8 4 I
10.955014896 8 8 5 I
10.993279574 8 8 6 I
10.993280668 8 8 0 I
11.016615361 8 8 1 I
11.136337986 8 8 2 I
11.136338436 8 8 3 I
11.137744783 8 8 4 I
11.41470743 8 8 5 I
11.431017968 8 8 6 I
11.431018996 8 8 0 I
11.450287501 8 8 1 I
11.525192603 8 8 2 I
11.525193135 8 8 3 I
11.526470385 8 8 4 I
11.789303989 8 8 5 I
11.837442699 8 8 6 I
11.837445677 8 8 0 I
11.852516856 8 8 1 I
11.984639701 8 8 2 I
11.984640225 8 8 3 I
11.987042701 8 8 4 I
12.222884202 8 8 5 I
12.246286718 8 8 6 I
12.246289806 8 8 0 I
12.26488505 8 8 1 I
12.369319144 8 8 2 I
12.369319784 8 8 3 I
12.370637739 8 8 4 I
12.631964006 8 8 5 I
12.662771694 8 8 6 I
12.662774568 8 8 0 I
12.702359094 8 8 1 I
12.820044465 8 8 2 I
12.820044978 8 8 3 I
12.821192242 8 8 4 I
13.1387049 8 8 5 I
13.184194719 8 8 6 I
13.184195766 8 8 0 I
13.233334882 8 8 1 I
13.369823607 8 8 2 I
13.369824539 8 8 3 I
13.370995902 8 8 4 I
13.60249484 8 8 5 I
13.645097751 8 8 6 I
13.645106559 8 8 0 I
13.658412152 8 8 1 I
13.788631635 8 8 2 I
13.788632248999999 8 8 3 I
13.789907434 8 8 4 I
14.011435894 8 8 5 I
14.038421928 8 8 6 I
14.038423036 8 8 0 I
14.068873717 8 8 1 I
14.180951754 8 8 2 I
14.180952382 8 8 3 I
14.182133977 8 8 4 I
14.419025609 8 8 5 I
14.439230767 8 8 6 I
14.439231971 8 8 0 I
14.470591556 8 8 1 I
14.575197168 8 8 2 I
14.575197963 8 8 3 I
14.576395642 8 8 4 I
14.847491836 8 8 5 I
14.862636597 8 8 6 I
14.862637672 8 8 0 I
14.900080596 8 8 1 I
15.017663371 8 8 2 I
15.017664021 8 8 3 I
15.018843663 8 8 4 I
15.23473383 8 8 5 I
15.260467372 8 8 6 I
15.260468864 8 8 0 I
15.282436923 8 8 1 I
15.382252252 8 8 2 I
15.382252774 8 8 3 I
15.383439639 8 8 4 I
15.685276543 8 8 5 I
15.721225375 8 8 6 I
15.72122652 8 8 0 I
15.753872593 8 8 1 I
15.907886296000001 8 8 2 I
15.907886844 8 8 3 I
15.909039301 8 8 4 I
16.095126543 8 8 5 I
16.120752761 8 8 6 I
16.120753755 8 8 0 I
16.146556661 8 8 1 I
16.237214147 8 8 2 I
16.237214735 8 8 3 I
16.239652558 8 8 4 I
16.505400054 8 8 5 I
16.530937831 8 8 6 I
16.530938891 8 8 0 I
16.555844138 8 8 1 I
16.708356148 8 8 2 I
16.708356633 8 8 3 I
16.710727699 8 8 4 I
16.902554861 8 8 5 I
16.945050337 8 8 6 I
16.945053499 8 8 0 I
16.991489609 8 8 1 I
17.06447484 8 8 2 I
17.064475434 8 8 3 I
17.065617293 8 8 4 I
17.276327447 8 8 5 I
17.291846622 8 8 6 I
17.291847763 8 8 0 I
17.329839496 8 8 1 I
17.43853256 8 8 2 I
17.438533087 8 8 3 I
17.439760031 8 8 4 I
17.70033463 8 8 5 I
17.734990124 8 8 6 I
17.734993131 8 8 0 I
17.763360552 8 8 1 I
17.863440049 8 8 2 I
17.863440545 8 8 3 I
17.864701575 8 8 4 I
18.081825424 8 8 5 I
18.120657449 8 8 6 I
18.120658457 8 8 0 I
18.146437047 8 8 1 I
18.246941197 8 8 2 I
18.246941853 8 8 3 I
18.248113899 8 8 4 I
18.44102767 8 8 5 I
18.467405951 8 8 6 I
18.46740962 8 8 0 I
18.487084688 8 8 1 I
18.61529065 8 8 2 I
18.615291178 8 8 3 I
18.616621602 8 8 4 I
18.856006207 8 8 5 I
18.889428911 8 8 6 I
18.889429925 8 8 0 I
18.925411201 8 8 1 I
19.028964595 8 8 2 I
19.028965562 8 8 3 I
19.030139495 8 8 4 I
19.322454505 8 8 5 I
19.370775627 8 8 6 I
19.370777494 8 8 0 I
19.412730371 8 8 1 I
19.513379224 8 8 2 I
19.513379839 8 8 3 I
19.514593658 8 8 4 I
19.727468455 8 8 5 I
19.756907541 8 8 6 I
19.756909044 8 8 0 I
19.776570144 8 8 1 I
19.914737768 8 8 2 I
19.914738305 8 8 3 I
19.915856896 8 8 4 I
20.110068188 8 8 5 I
20.147763501 8 8 6 I
20.147766374 8 8 0 I
20.175657059 8 8 1 I
20.236172055 8 8 2 I
20.236180169 8 8 3 I
20.238577581 8 8 4 I
20.463571667 8 8 5 I
20.494186127 8 8 6 I
20.494189105 8 8 0 I
20.531733535 8 8 1 I
20.607581068000002 8 8 2 I
20.607581563 8 8 3 I
20.608707066 8 8 4 I
20.855573941 8 8 5 I
20.883498195 8 8 6 I
20.883499246 8 8 0 I
20.906911003 8 8 1 I
20.972816758 8 8 2 I
20.972817435 8 8 3 I
20.974004436 8 8 4 I
21.221514791 8 8 5 I
21.252014697 8 8 6 I
21.252016308 8 8 0 I
21.266554097 8 8 1 I
21.37345052 8 8 2 I
21.373451118 8 8 3 I
21.374558645 8 8 4 I
21.640561773 8 8 5 I
21.669899213 8 8 6 I
21.669900284 8 8 0 I
21.713492109 8 8 1 I
21.83443755 8 8 2 I
21.834438427 8 8 3 I
21.836241255 8 8 4 I
22.065806782 8 8 5 I
22.097297191 8 8 6 I
22.097298291 8 8 0 I
54   62
52   98
45   88
28   81
55   88
55   56
55   57
55   61
55   91
55   63
55   74
55   60
55   62
53   98
36   75
28   92
56   88
0.000488903 1 1 0 B
0.0149809 1 1 1 B
0.057466536 1 1 2 B
0.057467076 1 1 3 B
0.058723163 1 1 4 B
0.078796124 1 1 5 B
0.113370832 1 1 6 B
0.113373738 1 1 0 B
0.128560739 1 1 1 B
0.503777096 1 1 2 B
0.503777573 1 1 3 B
0.506174178 1 1 4 B
0.526989562 1 1 5 B
0.572425525 1 1 6 B
0.572426622 1 1 0 B
0.612161146 1 1 1 B
0.887389978 1 1 2 B
0.887390464 1 1 3 B
0.88852905 1 1 4 B
0.916542976 1 1 5 B
0.948606696 1 1 6 B
0.948607873 1 1 0 B
0.974808403 1 1 1 B
1.263108585 1 1 2 B
1.263109068 1 1 3 B
1.264357669 1 1 4 B
1.297146268 1 1 5 B
1.31459847 1 1 6 B
1.314599709 1 1 0 B
1.3284146749999999 1 1 1 B
1.707182066 1 1 2 B
1.70718254 1 1 3 B
1.7083416059999998 1 1 4 B
1.748108481 1 1 5 B
1.7737616059999999 1 1 6 B
1.7737627219999998 1 1 0 B
1.799442644 1 1 1 B
2.161802129 1 1 2 B
2.161805243 1 1 3 B
2.164144215 1 1 4 B
2.189093963 1 1 5 B
2.212101864 1 1 6 B
2.212104864 1 1 0 B
2.240277438 1 1 1 B
2.580829125 1 1 2 B
2.580829939 1 1 3 B
2.581926332 1 1 4 B
2.620418063 1 1 5 B
2.659225299 1 1 6 B
2.659226497 1 1 0 B
2.67782681 1 1 1 B
3.01146588 1 1 2 B
3.011466404 1 1 3 B
3.013735264 1 1 4 B
3.047492577 1 1 5 B
3.080355281 1 1 6 B
3.080358303 1 1 0 B
3.102415285 1 1 1 B
3.444155475 1 1 2 B
3.444156004 1 1 3 B
3.445282725 1 1 4 B
3.495986304 1 1 5 B
3.540910865 1 1 6 B
3.540911912 1 1 0 B
3.590192571 1 1 1 B
3.875209587 1 1 2 B
3.875210085 1 1 3 B
3.876393848 1 1 4 B
3.900748097 1 1 5 B
3.945919973 1 1 6 B
3.945921019 1 1 0 B
3.985655062 1 1 1 B
4.270285262 1 1 2 B
4.270293212 1 1 3 B
4.271607901 1 1 4 B
4.320119976 1 1 5 B
4.3422973670000005 1 1 6 B
4.342298423 1 1 0 B
4.35444611 1 1 1 B
4.659711933 1 1 2 B
4.659712547 1 1 3 B
4.661318397 1 1 4 B
4.712164099 1 1 5 B
4.736425763 1 1 6 B
4.7364273820000005 1 1 0 B
4.757459945 1 1 1 B
5.072702689 1 1 2 B
5.072704601 1 1 3 B
5.074821205 1 1 4 B
5.095067127 1 1 5 B
5.121785017 1 1 6 B
5.121788078 1 1 0 B
5.151148337 1 1 1 B
5.38792824 1 1 2 B
5.38792873 1 1 3 B
5.389020266 1 1 4 B
5.400563005 1 1 5 B
5.435997815 1 1 6 B
5.436000851 1 1 0 B
5.477213456 1 1 1 B
5.870054766 1 1 2 B
5.8700840119999995 1 1 3 B
5.87131343 1 1 4 B
5.895258163 1 1 5 B
5.940532617 1 1 6 B
5.9405336250000005 1 1 0 B
5.978225474 1 1 1 B
6.328421395 1 1 2 B
6.328421887 1 1 3 B
6.329539174 1 1 4 B
6.35715271 1 1 5 B
6.391828361 1 1 6 B
6.391829916 1 1 0 B
6.439949007 1 1 1 B
6.7061937799999995 1 1 2 B
6.7061943 1 1 3 B
6.707398689 1 1 4 B
6.751900782 1 1 5 B
6.778585953 1 1 6 B
6.778586988 1 1 0 B
6.804485191 1 1 1 B
7.090803229 1 1 2 B
7.090803879 1 1 3 B
7.092257641 1 1 4 B
7.123602915 1 1 5 B
7.160332344 1 1 6 B
7.160335386 1 1 0 B
7.198626555 1 1 1 B
7.456377105 1 1 2 B
7.456377577 1 1 3 B
7.457547426 1 1 4 B
7.502917746 1 1 5 B
7.532946884 1 1 6 B
7.532948022 1 1 0 B
7.55464093 1 1 1 B
7.856607799 1 1 2 B
7.856608574 1 1 3 B
7.857861653 1 1 4 B
7.88286669 1 1 5 B
7.927891622 1 1 6 B
7.92789271 1 1 0 B
7.9684162480000005 1 1 1 B
8.265748216 1 1 2 B
8.265748703 1 1 3 B
8.266889879 1 1 4 B
8.29348426 1 1 5 B
8.343143713 1 1 6 B
8.343144828 1 1 0 B
8.364337575 1 1 1 B
8.685062259 1 1 2 B
8.685063202 1 1 3 B
8.686266925 1 1 4 B
8.718782399 1 1 5 B
8.740216724 1 1 6 B
8.740219842 1 1 0 B
8.765799176 1 1 1 B
9.088917978 1 1 2 B
9.088918471 1 1 3 B
9.09008631 1 1 4 B
9.129376 1 1 5 B
9.164284217 1 1 6 B
9.164285247 1 1 0 B
9.180515687 1 1 1 B
9.550055667 1 1 2 B
9.55005631 1 1 4 B
9.579407854 1 1 5 B
9.592484243 1 1 6 B
9.592485331 1 1 0 B
9.620711029 1 1 1 B
9.883568098 1 1 2 B
9.883568568 1 1 3 B
9.884756273 1 1 4 B
9.900355831 1 1 5 B
9.935276376000001 1 1 6 B
9.935277529 1 1 0 B
9.96622395 1 1 1 B
10.23069897 1 1 2 B
10.230699878 1 1 3 B
10.231760199 1 1 4 B
10.251447422 1 1 5 B
10.299108047 1 1 6 B
10.299109118 1 1 0 B
10.310596533 1 1 1 B
10.669407018 1 1 2 B
10.669407578 1 1 3 B
10.670625564 1 1 4 B
10.696072276 1 1 5 B
10.733469252999999 1 1 6 B
10.733470406 1 1 0 B
10.752568216 1 1 1 B
11.136334903 1 1 2 B
11.136335407 1 1 3 B
11.137742911 1 1 4 B
11.150572527 1 1 5 B
11.190842446 1 1 6 B
11.190845827 1 1 0 B
11.212235538 1 1 1 B
11.525198345 1 1 2 B
11.525198855 1 1 3 B
11.526473733 1 1 4 B
11.576822108 1 1 5 B
11.613318275 1 1 6 B
11.613319409 1 1 0 B
11.642906926 1 1 1 B
11.985884525 1 1 2 B
11.985896184 1 1 4 B
12.023659546 1 1 5 B
12.042255315 1 1 6 B
12.042256363 1 1 0 B
12.086883661 1 1 1 B
12.369328585 1 1 2 B
12.369329045 1 1 3 B
12.370648974 1 1 4 B
12.383438295 1 1 5 B
12.411340521 1 1 6 B
12.411341589 1 1 0 B
12.457488658 1 1 1 B
12.820053583 1 1 2 B
12.820054232 1 1 3 B
12.821193923 1 1 4 B
12.858432683 1 1 5 B
12.904859492 1 1 6 B
12.90486046 1 1 0 B
12.929309679 1 1 1 B
13.368786319 1 1 2 B
13.368788326 1 1 3 B
13.369960221 1 1 4 B
13.390821544 1 1 5 B
13.411383803 1 1 6 B
13.411386914 1 1 0 B
13.423997337 1 1 1 B
13.78871506 1 1 2 B
13.788715601 1 1 3 B
13.790939198 1 1 4 B
13.811134217 1 1 5 B
13.852924046 1 1 6 B
13.852925116 1 1 0 B
13.869211589 1 1 1 B
14.179959487 1 1 2 B
14.179959997 1 1 3 B
14.181068966 1 1 4 B
14.193805894 1 1 5 B
14.241558023 1 1 6 B
14.241559142 1 1 0 B
14.287062526 1 1 1 B
14.573998215 1 1 2 B
14.57399874 1 1 3 B
14.576405714 1 1 4 B
14.612840647 1 1 5 B
14.644240079 1 1 6 B
14.644241105999999 1 1 0 B
14.690036562 1 1 1 B
15.017698791 1 1 2 B
15.017699542 1 1 3 B
15.018846951 1 1 4 B
15.064140064 1 1 5 B
15.08163787 1 1 6 B
15.081641477 1 1 0 B
15.108493955 1 1 1 B
15.382359322 1 1 2 B
15.382359879 1 1 3 B
15.383524229 1 1 4 B
15.421953436999999 1 1 5 B
15.464073333 1 1 6 B
15.464074453 1 1 0 B
15.489896828 1 1 1 B
15.906866854 1 1 2 B
15.90686743 1 1 3 B
15.907961219 1 1 4 B
15.926529494 1 1 5 B
15.938324639 1 1 6 B
15.938325805 1 1 0 B
15.987579937 1 1 1 B
16.237170341 1 1 2 B
16.237170941 1 1 3 B
16.238499834 1 1 4 B
16.25477642 1 1 5 B
16.305705188 1 1 6 B
16.305707038 1 1 0 B
16.332510869 1 1 1 B
16.708383433 1 1 2 B
16.708384285 1 1 3 B
16.709622201 1 1 4 B
16.729523797 1 1 5 B
16.77512112 1 1 6 B
16.775124167 1 1 0 B
16.806881187 1 1 1 B
17.064463575 1 1 2 B
17.064464323 1 1 3 B
17.065610422 1 1 4 B
17.087646146 1 1 5 B
17.108609239 1 1 6 B
17.108610382 1 1 0 B
17.141430064 1 1 1 B
17.438535466 1 1 2 B
17.438535954 1 1 3 B
17.439761665 1 1 4 B
17.47895067 1 1 5 B
17.511062523 1 1 6 B
17.511065567 1 1 0 B
17.531189864 1 1 1 B
17.863430425 1 1 2 B
17.863431098 1 1 3 B
17.865622333 1 1 4 B
17.892206149 1 1 5 B
17.92006963 1 1 6 B
17.920070732 1 1 0 B
17.960473554 1 1 1 B
18.247009797 1 1 2 B
18.247010386 1 1 3 B
18.248222843 1 1 4 B
18.258947636 1 1 5 B
18.270558593 1 1 6 B
18.270559797 1 1 0 B
18.319815486 1 1 1 B
18.615305708 1 1 2 B
18.615306198 1 1 3 B
18.616632817 1 1 4 B
18.642995931 1 1 5 B
18.660450752 1 1 6 B
18.660451809 1 1 0 B
18.703594545 1 1 1 B
19.029031395 1 1 2 B
19.029032132 1 1 3 B
19.030247473 1 1 4 B
19.069726509 1 1 5 B
19.105796704 1 1 6 B
19.105799969 1 1 0 B
19.154861092 1 1 1 B
19.513396671 1 1 2 B
19.513397182 1 1 3 B
19.514604987 1 1 4 B
19.551083167 1 1 5 B
19.571260375 1 1 6 B
19.571261554 1 1 0 B
19.612548927 1 1 1 B
19.914751375 1 1 2 B
19.914752008 1 1 4 B
19.933339373 1 1 5 B
19.97999235 1 1 6 B
19.979995477 1 1 0 B
19.996607301 1 1 1 B
20.236158308 1 1 2 B
20.236160096 1 1 3 B
20.238476675 1 1 4 B
20.251385875 1 1 5 B
20.289529604 1 1 6 B
20.289530767 1 1 0 B
20.301393152 1 1 1 B
20.608582695 1 1 2 B
20.608583418 1 1 4 B
20.645249961 1 1 5 B
20.688738700000002 1 1 6 B
20.688739825 1 1 0 B
20.709659062 1 1 1 B
20.973906204 1 1 2 B
20.97390689 1 1 4 B
20.999204481 1 1 5 B
21.028440557 1 1 6 B
21.028443885 1 1 0 B
21.069743633 1 1 1 B
21.37333339 1 1 2 B
21.373333928 1 1 3 B
21.374495017 1 1 4 B
21.40588315 1 1 5 B
21.4347942 1 1 6 B
21.434795331 1 1 0 B
21.479146828 1 1 1 B
21.835003631 1 1 2 B
21.83500418 1 1 3 B
21.836232201 1 1 4 B
21.864334297 1 1 5 B
21.880844659 1 1 6 B
21.880845826 1 1 0 B
21.894153651 1 1 1 B
22.22810556 1 1 2 B
22.228106089 1 1 3 B
22.229304248 1 1 4 B
22.252920893 1 1 5 B
22.285404582 1 1 6 B
22.285405647 1 1 0 B
22.334050847 1 1 1 B
22.646978078 1 1 2 B
22.646978801 1 1 3 B
22.649444295 1 1 4 B
22.690090539 1 1 5 B
22.739469927000002 1 1 6 B
22.739473265 1 1 0 B
56   57
56   61
56   91
56   63
56   74
56   60
56   62
54   98
46   88
29   81
57   88
0.000525468 2 2 0 C
0.032757897 2 2 1 C
0.057472304 2 2 2 C
0.057472853 2 2 3 C
0.058726348 2 2 4 C
0.114353047 2 2 5 C
0.158925055 2 2 6 C
0.158926101 2 2 0 C
0.206252318 2 2 1 C
0.503807177 2 2 2 C
0.503809282 2 2 3 C
0.506180593 2 2 4 C
0.572494004 2 2 5 C
0.610705161 2 2 6 C
0.610709365 2 2 0 C
0.64771997 2 2 1 C
0.887386612 2 2 2 C
0.887387091 2 2 3 C
0.888527467 2 2 4 C
0.948717541 2 2 5 C
0.981599081 2 2 6 C
0.98160039 2 2 0 C
1.009576315 2 2 1 C
1.263192989 2 2 2 C
1.26319368 2 2 3 C
1.264350419 2 2 4 C
1.315659911 2 2 5 C
1.346407651 2 2 6 C
1.3464106980000001 2 2 0 C
1.361288553 2 2 1 C
1.707176212 2 2 2 C
1.707176745 2 2 3 C
1.708352173 2 2 4 C
1.7738232630000001 2 2 5 C
1.80987458 2 2 6 C
1.809877503 2 2 0 C
1.859797599 2 2 1 C
2.161794374 2 2 2 C
2.161795744 2 2 3 C
2.164142622 2 2 4 C
2.2130701999999998 2 2 5 C
2.223716516 2 2 6 C
2.223720145 2 2 0 C
2.268286741 2 2 1 C
2.58080079 2 2 2 C
2.5808042110000002 2 2 3 C
2.581923018 2 2 4 C
2.659273148 2 2 5 C
2.70471427 2 2 6 C
2.7047172919999998 2 2 0 C
2.741905752 2 2 1 C
3.011462889 2 2 2 C
3.011463398 2 2 3 C
3.012593701 2 2 4 C
3.081432823 2 2 5 C
3.123147955 2 2 6 C
3.123148999 2 2 0 C
3.141957893 2 2 1 C
3.444139593 2 2 2 C
3.444140092 2 2 3 C
3.445268891 2 2 4 C
3.540982283 2 2 5 C
3.583966069 2 2 6 C
3.583968107 2 2 0 C
3.608025426 2 2 1 C
3.875203618 2 2 2 C
3.8752041459999997 2 2 3 C
3.876390519 2 2 4 C
3.946021586 2 2 5 C
3.976426653 2 2 6 C
3.976429752 2 2 0 C
4.008938778 2 2 1 C
4.270264354 2 2 2 C
4.270264885 2 2 3 C
4.271595269 2 2 4 C
4.342409399 2 2 5 C
4.369483462 2 2 6 C
4.36948453 2 2 0 C
4.418563162 2 2 1 C
4.659638312 2 2 2 C
4.659638786 2 2 3 C
4.662042874 2 2 4 C
4.736497842 2 2 5 C
4.778693514 2 2 6 C
4.778697444 2 2 0 C
4.814795862 2 2 1 C
5.072650108 2 2 2 C
5.072650855 2 2 3 C
5.073792416 2 2 4 C
5.12273364 2 2 5 C
5.134658924 2 2 6 C
5.134662327 2 2 0 C
5.173998398 2 2 1 C
5.3879310480000004 2 2 2 C
5.387931605 2 2 3 C
5.389021974 2 2 4 C
5.436911702 2 2 5 C
5.466280221 2 2 6 C
5.466281811 2 2 0 C
5.506735684 2 2 1 C
5.870092047 2 2 2 C
5.8700963250000004 2 2 3 C
5.87132818 2 2 4 C
5.940591019 2 2 5 C
5.954407711 2 2 6 C
5.954410832 2 2 0 C
5.967295279 2 2 1 C
6.329437811 2 2 2 C
6.329444122 2 2 3 C
6.330621123 2 2 4 C
6.392991905 2 2 5 C
6.432041244 2 2 6 C
6.432044257 2 2 0 C
6.461551636 2 2 1 C
6.7062238149999995 2 2 2 C
6.706224281 2 2 3 C
6.707410779 2 2 4 C
6.778635875 2 2 5 C
6.802098605 2 2 6 C
6.802099647 2 2 0 C
6.821855399 2 2 1 C
7.090815182 2 2 2 C
7.090815651 2 2 3 C
7.092262707 2 2 4 C
7.16048245 2 2 5 C
7.19291982 2 2 6 C
7.192920967 2 2 0 C
7.212637524 2 2 1 C
7.456383489 2 2 2 C
7.456383994 2 2 3 C
7.457552868 2 2 4 C
7.533009582 2 2 5 C
7.580114894 2 2 6 C
7.580118125 2 2 0 C
7.5920669 2 2 1 C
7.857849045 2 2 2 C
7.857849796 2 2 4 C
7.9279480079999995 2 2 5 C
7.97090287 2 2 6 C
7.970904053 2 2 0 C
7.997737902 2 2 1 C
8.265729152 2 2 2 C
8.265729631 2 2 3 C
8.266882653 2 2 4 C
8.34321609 2 2 5 C
8.358492118000001 2 2 6 C
8.358495252 2 2 0 C
8.389094847 2 2 1 C
8.685039526 2 2 2 C
8.685040774 2 2 3 C
8.686260436 2 2 4 C
8.741274747 2 2 5 C
8.75188345 2 2 6 C
8.751884551 2 2 0 C
8.771561347 2 2 1 C
9.088923486 2 2 2 C
9.088923981 2 2 3 C
9.090095447 2 2 4 C
9.164341416 2 2 5 C
9.199292596 2 2 6 C
9.199293738 2 2 0 C
9.227059677 2 2 1 C
9.549982472 2 2 2 C
9.549982947 2 2 3 C
9.551154509 2 2 4 C
9.593561566 2 2 5 C
9.62524607 2 2 6 C
9.625247066 2 2 0 C
9.638742359 2 2 1 C
9.883654256 2 2 2 C
9.88365501 2 2 3 C
9.884819891 2 2 4 C
9.936335535 2 2 5 C
9.966070433 2 2 6 C
9.966074592 2 2 0 C
9.989494444 2 2 1 C
10.229544485 2 2 2 C
10.229544995 2 2 3 C
10.231868051 2 2 4 C
10.299230486999999 2 2 5 C
10.328164899 2 2 6 C
10.328165983 2 2 0 C
10.343582824 2 2 1 C
10.669412964 2 2 2 C
10.669413418 2 2 3 C
10.670628716 2 2 4 C
10.733541176 2 2 5 C
10.774315574 2 2 6 C
10.774318697 2 2 0 C
10.810559487999999 2 2 1 C
11.136356267 2 2 2 C
11.13635683 2 2 3 C
11.137749862 2 2 4 C
11.19202669 2 2 5 C
11.227315701 2 2 6 C
11.227316689 2 2 0 C
11.276467747 2 2 1 C
11.525203946 2 2 2 C
11.525204408 2 2 3 C
11.526483774 2 2 4 C
11.61438498 2 2 5 C
11.631764318 2 2 6 C
11.63176539 2 2 0 C
11.64279022 2 2 1 C
11.984739557 2 2 2 C
11.984793628 2 2 3 C
11.98597357 2 2 4 C
12.04236006 2 2 5 C
12.055663716 2 2 6 C
12.055712095 2 2 0 C
12.078465891 2 2 1 C
12.369331375 2 2 2 C
12.369332012 2 2 3 C
12.370650554000001 2 2 4 C
12.411398505 2 2 5 C
12.437883427 2 2 6 C
12.437886495 2 2 0 C
12.45395344 2 2 1 C
12.818780943 2 2 2 C
12.818782511 2 2 3 C
12.821081442 2 2 4 C
12.904972054 2 2 5 C
12.934106231 2 2 6 C
12.934109613 2 2 0 C
12.967734834 2 2 1 C
13.36879079 2 2 2 C
13.368791432 2 2 3 C
13.369867585 2 2 4 C
13.412465124 2 2 5 C
13.445205766 2 2 6 C
13.44520686 2 2 0 C
13.474435859 2 2 1 C
13.789901341 2 2 2 C
13.789902191 2 2 4 C
13.853028406 2 2 5 C
13.876513691 2 2 6 C
13.876514778 2 2 0 C
13.915409898 2 2 1 C
14.180945438 2 2 2 C
14.18094612 2 2 3 C
14.182130676 2 2 4 C
14.241659146 2 2 5 C
14.276734912 2 2 6 C
14.276736173 2 2 0 C
14.318900315 2 2 1 C
14.573980741 2 2 2 C
14.573989164 2 2 3 C
14.57640072 2 2 4 C
14.645471609 2 2 5 C
14.674614572 2 2 6 C
14.674615624 2 2 0 C
14.71473357 2 2 1 C
15.01764458 2 2 2 C
15.017645642 2 2 3 C
15.018838427 2 2 4 C
15.08172554 2 2 5 C
15.102494012 2 2 6 C
15.102497046 2 2 0 C
15.126274248 2 2 1 C
15.382267045 2 2 2 C
15.382267684 2 2 3 C
15.383444668 2 2 4 C
15.465122932 2 2 5 C
15.515247518 2 2 6 C
15.51525476 2 2 0 C
15.544737948 2 2 1 C
15.907889114 2 2 2 C
15.907889794 2 2 3 C
15.909040847 2 2 4 C
15.939405655 2 2 5 C
15.967362557 2 2 6 C
15.967363557 2 2 0 C
15.98496084 2 2 1 C
16.237167202 2 2 2 C
16.237167835 2 2 3 C
16.238498261 2 2 4 C
16.305778107 2 2 5 C
16.3465728 2 2 6 C
16.346573905 2 2 0 C
16.380085457 2 2 1 C
16.708340999 2 2 2 C
16.708341598 2 2 3 C
16.70953093 2 2 4 C
16.776066149000002 2 2 5 C
16.793913115 2 2 6 C
16.793916848 2 2 0 C
16.818795275 2 2 1 C
17.064516823 2 2 2 C
17.064517912 2 2 3 C
17.066612688 2 2 4 C
17.108706617 2 2 5 C
17.128419655 2 2 6 C
17.128420712 2 2 0 C
17.175600425 2 2 1 C
17.438538187 2 2 2 C
17.438538949 2 2 3 C
17.439742011 2 2 4 C
17.511117636 2 2 5 C
17.556696173 2 2 6 C
17.556699724 2 2 0 C
17.581311757 2 2 1 C
17.864564828 2 2 2 C
17.864565455 2 2 3 C
17.865816497 2 2 4 C
17.921317181 2 2 5 C
17.956783085 2 2 6 C
17.956786233 2 2 0 C
17.990818001 2 2 1 C
18.246947423 2 2 2 C
18.246948057 2 2 3 C
18.249281609 2 2 4 C
18.271696847 2 2 5 C
18.286715983 2 2 6 C
18.286717070999998 2 2 0 C
18.30306296 2 2 1 C
18.615274283 2 2 2 C
18.615274908 2 2 3 C
18.616608905 2 2 4 C
18.660510781 2 2 5 C
18.694251825 2 2 6 C
18.694252896 2 2 0 C
18.718800297 2 2 1 C
19.029019505 2 2 2 C
19.029020128 2 2 3 C
19.030239753 2 2 4 C
19.106892309 2 2 5 C
19.118441808 2 2 6 C
19.118443028 2 2 0 C
19.133721167 2 2 1 C
19.513411717 2 2 2 C
19.513412668 2 2 3 C
19.514609612 2 2 4 C
19.572438198 2 2 5 C
19.597080814999998 2 2 6 C
19.597081871 2 2 0 C
19.639822506 2 2 1 C
19.914731727 2 2 2 C
19.914732317 2 2 3 C
19.915853596 2 2 4 C
19.980959199 2 2 5 C
19.993955386 2 2 6 C
19.993957036 2 2 0 C
20.035129076 2 2 1 C
20.236123734 2 2 2 C
20.236124516 2 2 3 C
20.237415463 2 2 4 C
20.289638756 2 2 5 C
20.329402131 2 2 6 C
20.329403511 2 2 0 C
20.377889899 2 2 1 C
20.607565393 2 2 2 C
20.607566034 2 2 3 C
20.608701353 2 2 4 C
20.689824361 2 2 5 C
20.711935124 2 2 6 C
20.711936233 2 2 0 C
20.757424319 2 2 1 C
20.972828028 2 2 2 C
20.972832932 2 2 3 C
20.974008437 2 2 4 C
21.029748173 2 2 5 C
21.073259398 2 2 6 C
21.073263425 2 2 0 C
21.119789794 2 2 1 C
21.373460107 2 2 2 C
21.373460645 2 2 3 C
21.374564526 2 2 4 C
21.43490876 2 2 5 C
21.461579334 2 2 6 C
21.461580553 2 2 0 C
21.51084984 2 2 1 C
21.83500097 2 2 2 C
21.835001487 2 2 3 C
21.836230358 2 2 4 C
21.880917421 2 2 5 C
21.906038696 2 2 6 C
21.906041985 2 2 0 C
21.932592191 2 2 1 C
22.228099342 2 2 2 C
22.228099952 2 2 3 C
22.22929414 2 2 4 C
22.285531781 2 2 5 C
22.322690594 2 2 6 C
22.322691848 2 2 0 C
22.366140722 2 2 1 C
22.646963153 2 2 2 C
22.646963794 2 2 3 C
22.649453652 2 2 4 C
22.739597722 2 2 5 C
22.778955879 2 2 6 C
22.778959082 2 2 0 C
22.828601565 2 2 1 C
23.040238723 2 2 2 C
23.04024003 2 2 3 C
23.041436223 2 2 4 C
23.072908348 2 2 5 C
23.102183597 2 2 6 C
23.102187293 2 2 0 C
57   61
57   91
57   63
57   74
57   60
57   62
47   88
37   75
29   92
58   88
58   61
58   91
58   63
58   74
58   60
58   62
55   98
48   88
38   75
30   81
59   88
59   61
59   91
59   63
59   74
59   60
59   62
56   98
49   88
39   75
30   92
60   88
60   61
60   91
60   63
60   74
0.000304713 7 7 0 H
0.01495536 7 7 1 H
0.056410917 7 7 2 H
0.056411395 7 7 3 H
0.057578371 7 7 4 H
0.279892678 7 7 5 H
0.320124965 7 7 6 H
0.320126057 7 7 0 H
0.349830053 7 7 1 H
0.503903699 7 7 2 H
0.50390425 7 7 3 H
0.504945266 7 7 4 H
0.73802183 7 7 5 H
0.773254294 7 7 6 H
0.773255355 7 7 0 H
0.792268724 7 7 1 H
0.887392923 7 7 2 H
0.887393385 7 7 3 H
0.889710194 7 7 4 H
1.100322924 7 7 5 H
1.12691 7 7 6 H
1.126913114 7 7 0 H
1.152800451 7 7 1 H
1.263111461 7 7 2 H
1.263111927 7 7 3 H
1.2642907939999999 7 7 4 H
1.447218757 7 7 5 H
1.491201076 7 7 6 H
1.4912020799999999 7 7 0 H
1.51827274 7 7 1 H
1.707173536 7 7 2 H
1.7071740229999999 7 7 3 H
1.7083505209999998 7 7 4 H
1.928112766 7 7 5 H
1.95295576 7 7 6 H
1.952958873 7 7 0 H
1.994237847 7 7 1 H
2.161798827 7 7 2 H
2.161799647 7 7 3 H
2.164287404 7 7 4 H
2.36464469 7 7 5 H
2.402685823 7 7 6 H
2.402687119 7 7 0 H
2.416465039 7 7 1 H
2.580788867 7 7 2 H
2.580789433 7 7 3 H
2.582994747 7 7 4 H
2.838302309 7 7 5 H
2.858383879 7 7 6 H
2.858386887 7 7 0 H
2.908505111 7 7 1 H
3.011447764 7 7 2 H
3.011448281 7 7 3 H
3.012584829 7 7 4 H
3.25013174 7 7 5 H
3.285702254 7 7 6 H
3.285703342 7 7 0 H
3.300894006 7 7 1 H
3.44417239 7 7 2 H
3.444172844 7 7 3 H
3.44638381 7 7 4 H
3.720353768 7 7 5 H
3.739018582 7 7 6 H
3.739019582 7 7 0 H
3.783831086 7 7 1 H
3.875215174 7 7 2 H
3.87521564 7 7 3 H
3.876396843 7 7 4 H
4.079409622 7 7 5 H
4.104059357 7 7 6 H
4.104060414 7 7 0 H
4.128386523 7 7 1 H
4.270295708 7 7 2 H
4.270296229 7 7 3 H
4.271609584 7 7 4 H
4.479559964 7 7 5 H
4.52047449 7 7 6 H
4.520477576 7 7 0 H
4.549556751 7 7 1 H
4.66074463 7 7 2 H
4.660745353 7 7 3 H
4.662044723 7 7 4 H
4.881956221 7 7 5 H
4.90204944 7 7 6 H
4.902052583 7 7 0 H
4.935282118 7 7 1 H
5.073744665 7 7 2 H
5.07374538 7 7 3 H
5.07482433 7 7 4 H
5.2082627089999995 7 7 5 H
5.223724867 7 7 6 H
5.223726514 7 7 0 H
5.264723632 7 7 1 H
5.387945386 7 7 2 H
5.387978026 7 7 3 H
5.389030778 7 7 4 H
5.617861981 7 7 5 H
5.660714254 7 7 6 H
5.660715263 7 7 0 H
5.68825539 7 7 1 H
5.870106702 7 7 2 H
5.870110604 7 7 3 H
5.871338783 7 7 4 H
6.095003903 7 7 5 H
6.12637029 7 7 6 H
6.126371368 7 7 0 H
6.146132516 7 7 1 H
6.329535108 7 7 2 H
6.329535903 7 7 4 H
6.53848337 7 7 5 H
6.575409917 7 7 6 H
6.575411062 7 7 0 H
6.603117385 7 7 1 H
6.706226568 7 7 2 H
6.706227104 7 7 3 H
6.707412689 7 7 4 H
6.90590768 7 7 5 H
6.936520595 7 7 6 H
6.936523441 7 7 0 H
6.985013 7 7 1 H
7.090817853 7 7 2 H
7.090818299 7 7 3 H
7.092264636 7 7 4 H
7.281383007 7 7 5 H
7.309516285 7 7 6 H
7.309519267 7 7 0 H
7.357235042 7 7 1 H
7.456368325 7 7 2 H
7.456368805 7 7 3 H
7.457539211 7 7 4 H
7.6901459 7 7 5 H
7.714601261 7 7 6 H
7.71460431 7 7 0 H
7.729335911 7 7 1 H
7.856587805 7 7 2 H
7.856588342 7 7 3 H
7.857853052 7 7 4 H
8.110744817 7 7 5 H
8.139105647 7 7 6 H
8.139108691 7 7 0 H
8.165742913 7 7 1 H
8.265713411 7 7 2 H
8.265714055 7 7 3 H
8.266875098 7 7 4 H
8.491332706 7 7 5 H
8.509419267 7 7 6 H
8.509422322 7 7 0 H
8.547040087 7 7 1 H
8.684973396 7 7 2 H
8.684974003 7 7 3 H
8.6861673 7 7 4 H
8.89194997 7 7 5 H
8.937182324 7 7 6 H
8.937183391 7 7 0 H
8.959759356 7 7 1 H
9.088927087 7 7 2 H
9.088927545 7 7 3 H
9.090096947 7 7 4 H
9.350329231 7 7 5 H
9.364292943 7 7 6 H
9.364294181 7 7 0 H
9.384126161 7 7 1 H
9.549971565 7 7 2 H
9.549972018 7 7 3 H
9.551147675 7 7 4 H
9.707531149 7 7 5 H
9.740381091 7 7 6 H
9.740384299 7 7 0 H
9.763734939 7 7 1 H
9.883542419 7 7 2 H
9.883543128 7 7 3 H
9.884760623 7 7 4 H
10.099613995 7 7 5 H
10.125236234 7 7 6 H
10.125239355 7 7 0 H
10.173596222 7 7 1 H
10.229559412 7 7 2 H
10.229559882 7 7 3 H
10.231863214 7 7 4 H
10.489941904 7 7 5 H
10.527134051 7 7 6 H
10.527135065 7 7 0 H
10.563399205 7 7 1 H
10.670426351 7 7 2 H
10.670426896 7 7 3 H
10.671715908 7 7 4 H
10.907281816 7 7 5 H
10.954959515 7 7 6 H
10.954960459 7 7 0 H
10.98743147 7 7 1 H
11.136362882 7 7 2 H
11.136363791 7 7 4 H
11.383979201 7 7 5 H
11.413606384 7 7 6 H
11.413607412 7 7 0 H
11.452434935 7 7 1 H
11.52528361 7 7 2 H
11.525284411 7 7 3 H
11.526562513 7 7 4 H
11.745990095 7 7 5 H
11.789231172000001 7 7 6 H
11.789232279 7 7 0 H
11.810265511 7 7 1 H
11.984644029 7 7 2 H
11.984644516 7 7 3 H
11.987055865 7 7 4 H
12.176009822 7 7 5 H
12.22282431 7 7 6 H
12.222825517 7 7 0 H
12.255379035 7 7 1 H
12.369325589 7 7 2 H
12.369326047 7 7 3 H
12.370647327 7 7 4 H
12.587146442 7 7 5 H
12.631026011 7 7 6 H
12.631029183 7 7 0 H
12.650802999 7 7 1 H
12.82003909 7 7 2 H
12.820039556 7 7 3 H
12.821188966 7 7 4 H
13.125813277 7 7 5 H
13.13862627 7 7 6 H
13.138627425 7 7 0 H
13.165415551 7 7 1 H
13.36878375 7 7 2 H
13.368784932 7 7 3 H
13.370956221 7 7 4 H
13.56387572 7 7 5 H
13.602437393 7 7 6 H
13.602438464 7 7 0 H
13.620931153 7 7 1 H
13.788717887 7 7 2 H
13.788718363 7 7 3 H
13.79094076 7 7 4 H
13.963465221 7 7 5 H
14.010443266 7 7 6 H
14.010446285 7 7 0 H
14.031587324 7 7 1 H
14.179956404 7 7 2 H
14.179956927 7 7 3 H
14.181066535 7 7 4 H
14.39317354 7 7 5 H
14.417979537 7 7 6 H
14.417980636 7 7 0 H
14.45909452 7 7 1 H
14.574010315 7 7 2 H
14.574011051 7 7 3 H
14.576409805 7 7 4 H
14.828844259 7 7 5 H
14.847435573 7 7 6 H
14.847436597 7 7 0 H
14.877911387 7 7 1 H
15.017544653 7 7 2 H
15.017545105 7 7 3 H
15.018747202 7 7 4 H
15.212435018 7 7 5 H
15.234542529 7 7 6 H
15.23454558 7 7 0 H
15.281270768 7 7 1 H
15.382249066 7 7 2 H
15.382249751 7 7 3 H
15.383438067 7 7 4 H
15.667841786 7 7 5 H
15.685223661 7 7 6 H
15.685224768 7 7 0 H
15.706117248 7 7 1 H
15.907864741000001 7 7 2 H
15.90786556 7 7 3 H
15.909032229 7 7 4 H
16.058536375 7 7 5 H
16.095080523 7 7 6 H
16.095081586 7 7 0 H
16.125434657 7 7 1 H
16.237164419 7 7 2 H
16.237165004 7 7 3 H
16.238496204 7 7 4 H
16.45881115 7 7 5 H
16.505339575 7 7 6 H
16.505340668 7 7 0 H
16.553272025 7 7 1 H
16.708390294 7 7 2 H
16.708390927 7 7 3 H
16.709624163 7 7 4 H
16.887272232 7 7 5 H
16.901449298 7 7 6 H
16.901452272 7 7 0 H
16.93894087 7 7 1 H
17.065450372 7 7 2 H
17.065450981 7 7 3 H
17.066618733 7 7 4 H
17.259848974 7 7 5 H
17.27536142 7 7 6 H
17.275364516 7 7 0 H
17.304362363 7 7 1 H
17.438471947 7 7 2 H
17.438472732 7 7 3 H
17.440791729 7 7 4 H
17.674713196 7 7 5 H
17.699293635 7 7 6 H
17.699294874 7 7 0 H
17.714994549 7 7 1 H
17.864562048 7 7 2 H
17.864562594 7 7 3 H
17.865814908 7 7 4 H
18.066636016 7 7 5 H
18.081776415 7 7 6 H
18.081777484 7 7 0 H
18.130103932 7 7 1 H
18.246998415 7 7 2 H
18.246998991 7 7 3 H
18.24820983 7 7 4 H
18.391752614 7 7 5 H
18.440807938 7 7 6 H
18.440811061 7 7 0 H
18.455438226 7 7 1 H
18.615322535 7 7 2 H
18.615323506 7 7 3 H
18.617660021 7 7 4 H
18.830179786 7 7 5 H
18.854955392 7 7 6 H
18.854958295 7 7 0 H
18.890594225 7 7 1 H
19.029025449 7 7 2 H
19.029025891 7 7 3 H
19.030243121 7 7 4 H
19.277992384 7 7 5 H
19.321448318 7 7 6 H
19.321451338 7 7 0 H
19.368351357 7 7 1 H
19.513356995 7 7 2 H
19.513357755 7 7 3 H
19.514588386 7 7 4 H
19.715805495 7 7 5 H
19.726482448 7 7 6 H
19.726485425 7 7 0 H
19.759695659 7 7 1 H
19.914740588 7 7 2 H
19.91474105 7 7 3 H
19.915858459 7 7 4 H
20.099545671 7 7 5 H
20.110012176 7 7 6 H
20.110015098 7 7 0 H
20.135790456 7 7 1 H
20.237411203 7 7 2 H
20.237411973 7 7 4 H
20.447988111 7 7 5 H
20.463508716 7 7 6 H
20.463509785 7 7 0 H
20.489166414 7 7 1 H
20.608576222 7 7 2 H
20.608576771 7 7 3 H
20.60976281 7 7 4 H
20.820715116 7 7 5 H
20.855453164 7 7 6 H
20.855454135 7 7 0 H
20.90584709 7 7 1 H
20.973804665 7 7 2 H
20.97380534 7 7 3 H
20.975007522 7 7 4 H
21.207535613 7 7 5 H
21.221465218 7 7 6 H
21.221466243 7 7 0 H
21.231922983 7 7 1 H
21.373429028 7 7 2 H
21.373429699 7 7 3 H
21.37455009 7 7 4 H
21.590174337 7 7 5 H
21.639384691 7 7 6 H
21.639385968 7 7 0 H
21.688251146 7 7 1 H
21.834990855 7 7 2 H
21.834991644 7 7 3 H
21.836223784 7 7 4 H
22.019262731 7 7 5 H
22.064836844 7 7 6 H
22.064840083 7 7 0 H
22.111781363 7 7 1 H
22.228108619 7 7 2 H
22.2281092 7 7 3 H
22.229305958 7 7 4 H
22.471118027 7 7 5 H
22.481432732 7 7 6 H
22.48143401 7 7 0 H
22.503936971 7 7 1 H
22.646922314 7 7 2 H
22.646922952 7 7 3 H
22.648092189 7 7 4 H
22.934808272 7 7 5 H
22.970775753 7 7 6 H
22.970777051 7 7 0 H
22.997825968 7 7 1 H
23.040191961 7 7 2 H
23.040192915 7 7 3 H
23.041342876 7 7 4 H
23.210755318 7 7 5 H
23.240750419 7 7 6 H
23.240754092 7 7 0 H
23.270054125 7 7 1 H
23.373042801 7 7 2 H
23.373043555 7 7 4 H
23.540138461 7 7 5 H
23.566649524 7 7 6 H
23.566650693 7 7 0 H
23.598091786 7 7 1 H
23.770519617 7 7 2 H
23.770520292 7 7 3 H
23.771733162 7 7 4 H
23.929610477 7 7 5 H
23.940259408 7 7 6 H
23.940261716 7 7 0 H
23.9570819 7 7 1 H
24.085528048 7 7 2 H
24.085528665 7 7 4 H
24.192605167 7 7 5 H
24.241554568 7 7 6 H
24.241555803 7 7 0 H
60   62
57   98
50   88
31   81
61   88
0.000590839 3 3 0 D
0.035577032 3 3 1 D
0.057477898 3 3 2 D
0.057478417 3 3 3 D
0.058729766 3 3 4 D
0.160189229 3 3 5 D
0.173142712 3 3 6 D
0.173145788 3 3 0 D
0.222324384 3 3 1 D
0.503815976 3 3 2 D
0.503897472 3 3 3 D
0.504950108 3 3 4 D
0.612079112 3 3 5 D
0.629358205 3 3 6 D
0.62935922 3 3 0 D
0.658211067 3 3 1 D
0.888502738 3 3 2 D
0.888503532 3 3 4 D
0.98169577 3 3 5 D
1.002575986 3 3 6 D
1.002577096 3 3 0 D
1.020059688 3 3 1 D
1.263070433 3 3 2 D
1.263070946 3 3 3 D
1.264299585 3 3 4 D
1.347394114 3 3 5 D
1.388867413 3 3 6 D
1.3888686479999999 3 3 0 D
1.416850003 3 3 1 D
1.7072530879999999 3 3 2 D
1.7072536280000001 3 3 3 D
1.7084712789999998 3 3 4 D
1.8099556300000001 3 3 5 D
1.821740271 3 3 6 D
1.821741486 3 3 0 D
1.855050817 3 3 1 D
2.162994954 3 3 2 D
2.16299621 3 3 3 D
2.164136624 3 3 4 D
2.224633957 3 3 5 D
2.258515 3 3 6 D
2.2585161129999998 3 3 0 D
2.302134884 3 3 1 D
2.5808121379999998 3 3 2 D
2.580820443 3 3 3 D
2.5819989679999997 3 3 4 D
2.706031624 3 3 5 D
2.750022332 3 3 6 D
2.750023461 3 3 0 D
2.7630183759999998 3 3 1 D
3.012486471 3 3 2 D
3.012487421 3 3 3 D
3.013613096 3 3 4 D
3.124254785 3 3 5 D
3.161896535 3 3 6 D
3.161897736 3 3 0 D
3.197069699 3 3 1 D
3.444164233 3 3 2 D
3.444164781 3 3 3 D
3.445290637 3 3 4 D
3.58401827 3 3 5 D
3.6126317930000003 3 3 6 D
3.612635334 3 3 0 D
3.6299811440000003 3 3 1 D
3.875212417 3 3 2 D
3.875212907 3 3 3 D
3.876395359 3 3 4 D
3.977414308 3 3 5 D
4.016979742 3 3 6 D
4.016981485 3 3 0 D
4.02887408 3 3 1 D
4.270309788 3 3 2 D
4.27031058 3 3 4 D
4.369583031 3 3 5 D
4.393403101 3 3 6 D
4.39340531 3 3 0 D
4.411444484 3 3 1 D
4.659722021 3 3 2 D
4.659722507 3 3 3 D
4.661312033 3 3 4 D
4.779789768 3 3 5 D
4.80757247 3 3 6 D
4.807575999 3 3 0 D
4.8194419889999995 3 3 1 D
5.073782095 3 3 2 D
5.07378263 3 3 3 D
5.074839501 3 3 4 D
5.135719445 3 3 5 D
5.147364991 3 3 6 D
5.14736606 3 3 0 D
5.177549513 3 3 1 D
5.387980977 3 3 2 D
5.387981524 3 3 3 D
5.389032286 3 3 4 D
5.466359342 3 3 5 D
5.501837694 3 3 6 D
5.501840755 3 3 0 D
5.529790772 3 3 1 D
5.870040801 3 3 2 D
5.870041673 3 3 3 D
5.871294852 3 3 4 D
5.955593015 3 3 5 D
5.991066025 3 3 6 D
5.991069573 3 3 0 D
6.034086945 3 3 1 D
6.329449284 3 3 2 D
6.329449739 3 3 3 D
6.330624309 3 3 4 D
6.432106062 3 3 5 D
6.4648978790000005 3 3 6 D
6.464906831 3 3 0 D
6.51057216 3 3 1 D
6.706199483 3 3 2 D
6.706199955 3 3 3 D
6.707401783 3 3 4 D
6.802151661 3 3 5 D
6.8392462 3 3 6 D
6.839247203 3 3 0 D
6.889391473 3 3 1 D
7.090820752 3 3 2 D
7.090821193 3 3 3 D
7.092266231 3 3 4 D
7.192971004 3 3 5 D
7.222875791 3 3 6 D
7.222876926 3 3 0 D
7.2599479129999995 3 3 1 D
7.457379618 3 3 2 D
7.457380439 3 3 3 D
7.458556442 3 3 4 D
7.58117099 3 3 5 D
7.602833697 3 3 6 D
7.602836869 3 3 0 D
7.626075861 3 3 1 D
7.856583722 3 3 2 D
7.856584306 3 3 3 D
7.857851474 3 3 4 D
7.97096621 3 3 5 D
7.9929016090000005 3 3 6 D
7.992902745 3 3 0 D
8.035508392 3 3 1 D
8.265750889 3 3 2 D
8.265751466 3 3 3 D
8.266891418 3 3 4 D
8.359468495 3 3 5 D
8.38053067 3 3 6 D
8.380532253 3 3 0 D
8.416747194 3 3 1 D
8.685052524 3 3 2 D
8.685053198 3 3 3 D
8.686263818 3 3 4 D
8.753249253 3 3 5 D
8.787941587 3 3 6 D
8.787942619 3 3 0 D
8.823833376 3 3 1 D
9.08893296 3 3 2 D
9.088933554 3 3 3 D
9.090072506 3 3 4 D
9.199349904 3 3 5 D
9.232888928 3 3 6 D
9.232890077 3 3 0 D
9.272347419 3 3 1 D
9.549985277 3 3 2 D
9.549985735 3 3 3 D
9.551156053 3 3 4 D
9.626470058 3 3 5 D
9.640814807 3 3 6 D
9.640816378 3 3 0 D
9.672074934 3 3 1 D
9.883565366 3 3 2 D
9.883565834 3 3 3 D
9.884772563 3 3 4 D
9.966141518 3 3 5 D
9.983796882 3 3 6 D
9.98380083 3 3 0 D
10.025877796 3 3 1 D
10.230718809 3 3 2 D
10.230719561 3 3 4 D
10.328240558 3 3 5 D
10.356597364 3 3 6 D
10.356599448 3 3 0 D
10.372766192 3 3 1 D
10.670420344 3 3 2 D
10.670421116 3 3 3 D
10.671714035 3 3 4 D
10.775321707 3 3 5 D
10.785796908 3 3 6 D
10.785797984 3 3 0 D
10.815597404 3 3 1 D
11.13632926 3 3 2 D
11.136329808 3 3 3 D
11.137741217 3 3 4 D
11.227377816 3 3 5 D
11.27405349 3 3 6 D
11.274056417 3 3 0 D
11.285801363 3 3 1 D
11.525195506 3 3 2 D
11.525196029 3 3 3 D
11.526472176 3 3 4 D
11.631845468 3 3 5 D
11.656397869 3 3 6 D
11.656407637000001 3 3 0 D
11.687320342 3 3 1 D
11.985881258 3 3 2 D
11.985881898 3 3 3 D
11.987066079 3 3 4 D
12.056354526 3 3 5 D
12.105209818 3 3 6 D
12.105210897 3 3 0 D
12.138845422 3 3 1 D
12.369337148 3 3 2 D
12.369337648 3 3 3 D
12.37065366 3 3 4 D
12.437951637 3 3 5 D
12.484273944 3 3 6 D
12.484274974 3 3 0 D
12.511067546 3 3 1 D
12.819937157 3 3 2 D
12.819937617 3 3 3 D
12.821089232 3 3 4 D
12.935278515 3 3 5 D
12.97920306 3 3 6 D
12.979204166 3 3 0 D
13.005831102 3 3 1 D
13.368798417 3 3 2 D
13.368799064 3 3 3 D
13.369963481 3 3 4 D
13.445279163 3 3 5 D
13.482568521 3 3 6 D
13.482569969 3 3 0 D
13.507901927 3 3 1 D
13.788625554 3 3 2 D
13.788626084 3 3 3 D
13.78990391 3 3 4 D
13.877715811 3 3 5 D
13.902406135 3 3 6 D
13.902407294 3 3 0 D
13.949177573 3 3 1 D
14.18094891 3 3 2 D
14.180949498 3 3 3 D
14.1821322 3 3 4 D
14.276799103 3 3 5 D
14.288338017 3 3 6 D
14.288339034 3 3 0 D
14.309525105 3 3 1 D
14.573991887 3 3 2 D
14.57399284 3 3 3 D
14.576402447 3 3 4 D
14.674714752 3 3 5 D
14.71473749 3 3 6 D
14.714738225 3 3 0 D
14.750750192 3 3 1 D
15.017547486 3 3 2 D
15.01754808 3 3 3 D
15.018748765 3 3 4 D
15.103477013 3 3 5 D
15.126366199 3 3 6 D
15.126369248 3 3 0 D
15.160907843 3 3 1 D
15.382344028 3 3 2 D
15.382344751 3 3 3 D
15.383529034 3 3 4 D
15.515316888 3 3 5 D
15.552010234 3 3 6 D
15.552013218999999 3 3 0 D
15.570663785 3 3 1 D
15.906882423 3 3 2 D
15.906883058 3 3 3 D
15.90795681 3 3 4 D
15.967478276 3 3 5 D
15.991295643 3 3 6 D
15.991296712 3 3 0 D
16.039591265 3 3 1 D
16.237223708 3 3 2 D
16.237225342 3 3 3 D
16.239544868 3 3 4 D
16.347646313 3 3 5 D
16.37872293 3 3 6 D
16.378724013 3 3 0 D
16.422083761 3 3 1 D
16.708350518 3 3 2 D
16.708350974 3 3 3 D
16.709541564 3 3 4 D
16.795215796 3 3 5 D
16.80938275 3 3 6 D
16.809383806 3 3 0 D
16.83132716 3 3 1 D
17.064485536 3 3 2 D
17.064486372 3 3 3 D
17.065622554 3 3 4 D
17.128475474 3 3 5 D
17.146057095 3 3 6 D
17.146058143 3 3 0 D
17.195485076 3 3 1 D
17.438514565 3 3 2 D
17.438515137 3 3 3 D
17.439749608 3 3 4 D
17.556775914 3 3 5 D
17.575532861 3 3 6 D
17.575533953 3 3 0 D
17.61729061 3 3 1 D
17.864461003 3 3 2 D
17.864461645 3 3 3 D
17.865628376 3 3 4 D
17.957855117 3 3 5 D
17.974254723 3 3 6 D
17.974255819 3 3 0 D
17.98824359 3 3 1 D
18.247006983 3 3 2 D
18.247007512 3 3 3 D
18.248220708 3 3 4 D
18.286810265 3 3 5 D
18.307999996 3 3 6 D
18.308001038 3 3 0 D
18.325837263 3 3 1 D
18.615308814 3 3 2 D
18.615309449 3 3 3 D
18.616634723 3 3 4 D
18.694309154 3 3 5 D
18.739805619 3 3 6 D
18.73980666 3 3 0 D
18.757314309 3 3 1 D
19.029015442 3 3 2 D
19.029016045 3 3 3 D
19.030238168 3 3 4 D
19.11849641 3 3 5 D
19.147892426 3 3 6 D
19.147893528 3 3 0 D
19.1817161 3 3 1 D
19.513408791 3 3 2 D
19.513409261 3 3 3 D
19.514608067 3 3 4 D
19.597140688 3 3 5 D
19.6254563 3 3 6 D
19.625459452 3 3 0 D
19.658142545 3 3 1 D
19.914585289 3 3 2 D
19.914615338 3 3 3 D
19.915786951 3 3 4 D
19.994011711 3 3 5 D
20.035027457 3 3 6 D
20.035028637 3 3 0 D
20.075833066 3 3 1 D
20.236168081 3 3 2 D
20.236168865 3 3 3 D
20.238478365 3 3 4 D
20.330525827 3 3 5 D
20.372901158 3 3 6 D
20.372902286 3 3 0 D
20.38760815 3 3 1 D
20.607584094 3 3 2 D
20.607584594 3 3 3 D
20.608688142 3 3 4 D
20.711991177 3 3 5 D
20.7597977 3 3 6 D
20.759798676 3 3 0 D
20.780828428 3 3 1 D
20.972805368 3 3 2 D
20.972806306 3 3 3 D
20.974001297 3 3 4 D
21.074451555 3 3 5 D
21.084893373 3 3 6 D
21.084894353 3 3 0 D
21.122002984 3 3 1 D
21.373472334 3 3 2 D
21.373472887 3 3 4 D
21.461617595 3 3 5 D
21.502726799 3 3 6 D
21.502729845 3 3 0 D
21.536713543 3 3 1 D
21.835006418 3 3 2 D
21.835007159 3 3 4 D
21.907075964 3 3 5 D
21.950208623 3 3 6 D
21.950209775 3 3 0 D
21.966587777 3 3 1 D
22.228194806 3 3 2 D
22.228195504 3 3 4 D
22.323724662 3 3 5 D
22.363978826 3 3 6 D
22.36398212 3 3 0 D
22.396906296 3 3 1 D
22.646953001 3 3 2 D
22.646953799 3 3 3 D
22.649450414 3 3 4 D
22.77988944 3 3 5 D
22.821641991 3 3 6 D
22.821644903 3 3 0 D
22.86557103 3 3 1 D
23.040232667 3 3 2 D
23.040233863 3 3 3 D
23.041434676 3 3 4 D
23.103364229 3 3 5 D
23.133432608 3 3 6 D
23.133436252 3 3 0 D
23.149502729 3 3 1 D
23.372997008 3 3 2 D
23.372997927 3 3 3 D
23.374148388 3 3 4 D
23.413451548 3 3 5 D
23.449212444 3 3 6 D
23.449213826 3 3 0 D
23.494633922 3 3 1 D
23.770442416 3 3 2 D
23.770442979 3 3 3 D
23.77161644 3 3 4 D
23.789234281 3 3 5 D
23.805384543 3 3 6 D
23.805385526 3 3 0 D
23.854179449 3 3 1 D
24.085483245 3 3 2 D
24.085492397 3 3 3 D
24.086565008 3 3 4 D
24.120055494 3 3 5 D
24.13833753 3 3 6 D
24.138338655 3 3 0 D
24.159428841 3 3 1 D
24.330328385 3 3 2 D
24.330329017 3 3 3 D
24.331399903 3 3 4 D
24.359635661 3 3 5 D
24.3861896 3 3 6 D
24.386191808 3 3 0 D
61   91
61   63
61   74
61   62
40   75
31   92
62   88
62   91
62   63
62   74
0.000478369 9 9 0 J
0.046745485 9 9 1 J
0.056417103 9 9 2 J
0.056417628 9 9 3 J
0.058810113 9 9 4 J
0.343593474 9 9 5 J
0.383161844 9 9 6 J
0.383162984 9 9 0 J
0.430590914 9 9 1 J
0.504852732 9 9 2 J
0.504853536 9 9 4 J
0.80541887 9 9 5 J
0.823051175 9 9 6 J
0.823052247 9 9 0 J
0.850288035 9 9 1 J
0.887383428 9 9 2 J
0.887383936 9 9 3 J
0.88850547 9 9 4 J
1.167062185 9 9 5 J
1.203465443 9 9 6 J
1.20346844 9 9 0 J
1.244162205 9 9 1 J
1.263073498 9 9 2 J
1.263073978 9 9 3 J
1.264302638 9 9 4 J
1.516889077 9 9 5 J
1.556971755 9 9 6 J
1.556974847 9 9 0 J
1.603954935 9 9 1 J
1.707262037 9 9 2 J
1.707262635 9 9 4 J
1.981071541 9 9 5 J
2.002725062 9 9 6 J
2.002728327 9 9 0 J
2.014468845 9 9 1 J
2.161791963 9 9 2 J
2.161792778 9 9 3 J
2.164285731 9 9 4 J
2.417645448 9 9 5 J
2.456270452 9 9 6 J
2.4562715649999998 9 9 0 J
2.479521408 9 9 1 J
2.580800786 9 9 2 J
2.580802211 9 9 3 J
2.5819955930000003 9 9 4 J
2.887119855 9 9 5 J
2.936925943 9 9 6 J
2.936927461 9 9 0 J
2.948699246 9 9 1 J
3.011450869 9 9 2 J
3.011451357 9 9 3 J
3.012586405 9 9 4 J
3.3359279539999998 9 9 5 J
3.363394765 9 9 6 J
3.363397759 9 9 0 J
3.409734167 9 9 1 J
3.444146606 9 9 2 J
3.44414714 9 9 3 J
3.445275908 9 9 4 J
3.764943585 9 9 5 J
3.7788896210000003 9 9 6 J
3.77889067 9 9 0 J
3.81777025 9 9 1 J
3.875223334 9 9 2 J
3.8752239250000002 9 9 4 J
4.132359369 9 9 5 J
4.165036192 9 9 6 J
4.16503731 9 9 0 J
4.181393183 9 9 1 J
4.27026091 9 9 2 J
4.27026142 9 9 3 J
4.271593284 9 9 4 J
4.536934507 9 9 5 J
4.5716873 9 9 6 J
4.571688578 9 9 0 J
4.617699594 9 9 1 J
4.660805486 9 9 2 J
4.660806924 9 9 4 J
4.918878706 9 9 5 J
4.961310761 9 9 6 J
4.961314012 9 9 0 J
4.995368492 9 9 1 J
5.073638515 9 9 2 J
5.073639223 9 9 3 J
5.074848115 9 9 4 J
5.247967281 9 9 5 J
5.265810993 9 9 6 J
5.265811993 9 9 0 J
5.285607684 9 9 1 J
5.387934073 9 9 2 J
5.387934554 9 9 3 J
5.389023667 9 9 4 J
5.7059076399999995 9 9 5 J
5.746001077 9 9 6 J
5.746004119 9 9 0 J
5.761765435 9 9 1 J
5.870104041 9 9 2 J
5.870104503 9 9 3 J
5.871335229 9 9 4 J
6.154402978 9 9 5 J
6.200054565 9 9 6 J
6.200064705 9 9 0 J
6.236584404 9 9 1 J
6.32943466 9 9 2 J
6.329435139 9 9 3 J
6.330619491 9 9 4 J
6.60656036 9 9 5 J
6.619412241 9 9 6 J
6.619412953 9 9 0 J
6.640494306 9 9 1 J
6.706208088 9 9 2 J
6.706208622 9 9 3 J
6.707406255 9 9 4 J
6.96209372 9 9 5 J
6.974312958 9 9 6 J
6.974316206 9 9 0 J
7.014431117 9 9 1 J
7.090812258 9 9 2 J
7.090812735 9 9 3 J
7.092261183 9 9 4 J
7.347517092 9 9 5 J
7.379719402 9 9 6 J
7.3797206 9 9 0 J
7.419385152 9 9 1 J
7.4573856 9 9 2 J
7.457386245 9 9 3 J
7.458558375 9 9 4 J
7.759386864 9 9 5 J
7.796302519 9 9 6 J
7.796303499 9 9 0 J
7.841149006 9 9 1 J
7.856599472 9 9 2 J
7.856600097 9 9 3 J
7.857857564 9 9 4 J
8.157609647 9 9 5 J
8.195071906999999 9 9 6 J
8.195072949 9 9 0 J
8.218323635 9 9 1 J
8.265586710000001 9 9 2 J
8.265587332 9 9 3 J
8.26676639 9 9 4 J
8.527168738 9 9 5 J
8.573024093 9 9 6 J
8.5730256 9 9 0 J
8.601710435 9 9 1 J
8.684993021 9 9 2 J
8.684993628 9 9 3 J
8.686173802999999 9 9 4 J
8.957405275 9 9 5 J
8.969236302 9 9 6 J
8.96923738 9 9 0 J
9.019060129 9 9 1 J
9.088930092 9 9 2 J
9.088930675 9 9 3 J
9.090098606 9 9 4 J
9.385198154 9 9 5 J
9.428634032 9 9 6 J
9.428635093 9 9 0 J
9.457127033999999 9 9 1 J
9.549977228 9 9 2 J
9.549977749 9 9 3 J
9.551151236 9 9 4 J
9.769645053 9 9 5 J
9.811060646 9 9 6 J
9.811061823 9 9 0 J
9.853920695 9 9 1 J
9.883657675 9 9 2 J
9.883658315 9 9 4 J
10.149834489 9 9 5 J
10.176915609 9 9 6 J
10.176916747 9 9 0 J
10.209621102 9 9 1 J
10.230712405 9 9 2 J
10.230713739 9 9 3 J
10.231753341 9 9 4 J
10.558435112 9 9 5 J
10.592708461 9 9 6 J
10.592711695 9 9 0 J
10.604411191 9 9 1 J
10.669418826 9 9 2 J
10.669419443 9 9 3 J
10.67063224 9 9 4 J
10.993345533 9 9 5 J
11.031793204 9 9 6 J
11.031794269 9 9 0 J
11.067915986 9 9 1 J
11.136326251 9 9 2 J
11.13632674 9 9 3 J
11.137739602 9 9 4 J
11.431076967 9 9 5 J
11.44394701 9 9 6 J
11.443949058 9 9 0 J
11.467902203 9 9 1 J
11.525206881 9 9 2 J
11.525207502 9 9 3 J
11.526485292 9 9 4 J
11.838530067 9 9 5 J
11.866538377 9 9 6 J
11.866539349 9 9 0 J
11.896868957 9 9 1 J
11.983597215 9 9 2 J
11.983597842 9 9 3 J
11.98703809 9 9 4 J
12.247379377 9 9 5 J
12.284705341 9 9 6 J
12.284720888 9 9 0 J
12.323241558 9 9 1 J
12.369357916 9 9 2 J
12.369358731 9 9 3 J
12.371699912 9 9 4 J
12.66291555 9 9 5 J
12.679070303 9 9 6 J
12.679073667 9 9 0 J
12.707253476 9 9 1 J
12.820056617 9 9 2 J
12.820057355 9 9 4 J
13.185373106 9 9 5 J
13.220172838 9 9 6 J
13.220176019 9 9 0 J
13.240211878 9 9 1 J
13.369802388 9 9 2 J
13.36980353 9 9 3 J
13.370987386 9 9 4 J
13.646331228 9 9 5 J
13.693793958 9 9 6 J
13.693796926 9 9 0 J
13.744031611 9 9 1 J
13.788628704 9 9 2 J
13.788629277 9 9 3 J
13.789905562 9 9 4 J
14.038474606 9 9 5 J
14.079407797 9 9 6 J
14.079408818 9 9 0 J
14.123900491 9 9 1 J
14.180939039 9 9 2 J
14.180939646 9 9 3 J
14.182120856 9 9 4 J
14.439304964 9 9 5 J
14.470503041 9 9 6 J
14.470506011 9 9 0 J
14.508886368 9 9 1 J
14.574028634 9 9 2 J
14.574029345 9 9 3 J
14.576393498 9 9 4 J
14.862705753 9 9 5 J
14.884927601 9 9 6 J
14.884928615 9 9 0 J
14.928102874 9 9 1 J
15.017541266 9 9 2 J
15.017541779 9 9 3 J
15.01874568 9 9 4 J
15.26053798 9 9 5 J
15.271085872 9 9 6 J
15.271089176 9 9 0 J
15.309578173 9 9 1 J
15.382254998 9 9 2 J
15.382255495999999 9 9 3 J
15.383441234 9 9 4 J
15.721278309 9 9 5 J
15.765744541 9 9 6 J
15.765747657 9 9 0 J
15.79961835 9 9 1 J
15.907876844 9 9 2 J
15.907877403 9 9 3 J
15.909037639 9 9 4 J
16.120802579 9 9 5 J
16.159741217 9 9 6 J
16.159744192 9 9 0 J
16.20429783 9 9 1 J
16.237185058 9 9 2 J
16.237185589 9 9 3 J
16.238508237 9 9 4 J
16.531989897 9 9 5 J
16.576800202 9 9 6 J
16.576801178 9 9 0 J
16.603806359 9 9 1 J
16.708353427 9 9 2 J
16.70835391 9 9 3 J
16.709543149 9 9 4 J
16.946382256 9 9 5 J
16.985528502 9 9 6 J
16.985529544 9 9 0 J
17.031827329 9 9 1 J
17.064479948 9 9 2 J
17.064480621 9 9 3 J
17.065620615 9 9 4 J
17.291928288 9 9 5 J
17.336947103 9 9 6 J
17.336948093 9 9 0 J
17.383422443 9 9 1 J
17.438529748 9 9 2 J
17.438530346 9 9 3 J
17.439758448 9 9 4 J
17.735929885 9 9 5 J
17.762017725 9 9 6 J
17.762020745 9 9 0 J
17.788248055 9 9 1 J
17.864567675 9 9 2 J
17.864568289 9 9 3 J
17.865818555 9 9 4 J
18.121800393 9 9 5 J
18.132398696 9 9 6 J
18.132400177 9 9 0 J
18.159540764 9 9 1 J
18.2470164 9 9 2 J
18.247017021 9 9 3 J
18.248226141 9 9 4 J
18.468462516 9 9 5 J
18.488555649 9 9 6 J
18.488556711 9 9 0 J
18.517890015 9 9 1 J
18.615313837 9 9 2 J
18.615314452 9 9 3 J
18.617775429 9 9 4 J
18.889486428 9 9 5 J
18.915028944 9 9 6 J
18.91503001 9 9 0 J
18.9530859 9 9 1 J
19.028970291 9 9 2 J
19.028971058 9 9 3 J
19.031304438 9 9 4 J
19.371827739 9 9 5 J
19.420784492 9 9 6 J
19.420785543 9 9 0 J
19.438200959 9 9 1 J
19.513376279 9 9 2 J
19.513376813 9 9 3 J
19.514591994 9 9 4 J
19.758228766 9 9 5 J
19.772866601 9 9 6 J
19.772869618 9 9 0 J
19.802200222 9 9 1 J
19.914743351 9 9 2 J
19.914743883 9 9 3 J
19.915860241 9 9 4 J
20.148812191 9 9 5 J
20.183464244 9 9 6 J
20.183467217 9 9 0 J
20.232551973 9 9 1 J
20.236136528 9 9 2 J
20.236137271 9 9 3 J
20.237418941 9 9 4 J
20.494253358 9 9 5 J
20.518633095 9 9 6 J
20.518635031 9 9 0 J
20.564360462 9 9 1 J
20.607578183 9 9 2 J
20.607578631 9 9 3 J
20.608704753 9 9 4 J
20.883568106 9 9 5 J
20.89885367 9 9 6 J
20.898856777 9 9 0 J
20.910631196 9 9 1 J
20.972843804 9 9 2 J
20.972844549 9 9 3 J
20.97391798 9 9 4 J
21.252082423 9 9 5 J
21.266447995 9 9 6 J
21.266449583 9 9 0 J
21.286556321 9 9 1 J
21.373435062 9 9 2 J
21.373435581 9 9 3 J
21.374552492 9 9 4 J
21.669958711 9 9 5 J
21.715938563999998 9 9 6 J
21.715939695 9 9 0 J
21.727890875 9 9 1 J
21.834316122 9 9 2 J
21.834317662 9 9 3 J
21.836249928 9 9 4 J
22.097440597 9 9 5 J
22.131726187 9 9 6 J
22.131727292 9 9 0 J
22.143598684 9 9 1 J
22.228096602 9 9 2 J
22.228097042 9 9 3 J
22.229292628 9 9 4 J
22.482609901 9 9 5 J
22.524328985 9 9 6 J
22.524330578 9 9 0 J
22.545574486 9 9 1 J
22.646971948 9 9 2 J
22.646972563 9 9 3 J
22.649459623 9 9 4 J
22.971807809 9 9 5 J
22.982256698 9 9 6 J
22.982259709 9 9 0 J
23.026791108 9 9 1 J
23.040186084 9 9 2 J
23.040187047 9 9 3 J
23.041341296 9 9 4 J
23.240830043 9 9 5 J
23.263022646 9 9 6 J
23.263023734 9 9 0 J
23.278180113 9 9 1 J
23.373020476 9 9 2 J
23.373021139 9 9 3 J
23.374174914 9 9 4 J
23.566753822 9 9 5 J
23.615524612 9 9 6 J
23.615528194 9 9 0 J
23.628543885 9 9 1 J
23.770529388 9 9 2 J
23.770530349 9 9 3 J
23.771721442 9 9 4 J
23.941572087 9 9 5 J
23.985352642 9 9 6 J
23.985355877 9 9 0 J
24.00430277 9 9 1 J
24.08549835 9 9 2 J
24.085516099 9 9 3 J
24.08656779 9 9 4 J
24.241654945 9 9 5 J
24.261647802 9 9 6 J
24.261650205 9 9 0 J
24.273231614 9 9 1 J
24.330349998 9 9 2 J
24.33035115 9 9 3 J
24.332805034 9 9 4 J
24.466576602 9 9 5 J
24.502174887 9 9 6 J
24.502178043 9 9 0 J
24.536693304 9 9 1 J
24.559061993 9 9 2 J
24.559062611999998 9 9 3 J
24.560226772 9 9 4 J
24.675351304 9 9 5 J
24.713910724 9 9 6 J
24.713911701 9 9 0 J
58   98
51   88
32   81
63   88
63   91
0.000575797 5 5 0 F
0.035470589 5 5 1 F
0.057463359 5 5 2 F
0.057463867 5 5 3 F
0.058720924 5 5 4 F
0.216865786 5 5 5 F
0.26106467 5 5 6 F
0.261065648 5 5 0 F
0.308189984 5 5 1 F
0.504834496 5 5 2 F
0.504835141 5 5 3 F
0.506182219 5 5 4 F
0.676919256 5 5 5 F
0.689300572 5 5 6 F
0.689301662 5 5 0 F
0.735608716 5 5 1 F
0.888413435 5 5 2 F
0.888413929 5 5 3 F
0.88961852 5 5 4 F
1.022520298 5 5 5 F
1.065602964 5 5 6 F
1.065604144 5 5 0 F
1.113338135 5 5 1 F
1.263064982 5 5 2 F
1.263065594 5 5 3 F
1.2642963680000001 5 5 4 F
1.4067272210000001 5 5 5 F
1.431661317 5 5 6 F
1.431663202 5 5 0 F
1.461541503 5 5 1 F
1.707249784 5 5 2 F
1.707250361 5 5 3 F
1.7084507869999999 5 5 4 F
1.84338061 5 5 5 F
1.892863498 5 5 6 F
1.892864589 5 5 0 F
1.9295558069999998 5 5 1 F
2.161808431 5 5 2 F
2.161809778 5 5 3 F
2.163044712 5 5 4 F
2.304581051 5 5 5 F
2.316775468 5 5 6 F
2.316776468 5 5 0 F
2.34330862 5 5 1 F
2.580825741 5 5 2 F
2.580826558 5 5 3 F
2.581924565 5 5 4 F
2.792543648 5 5 5 F
2.826451906 5 5 6 F
2.826452997 5 5 0 F
2.837055767 5 5 1 F
3.012572271 5 5 2 F
3.012579082 5 5 4 F
3.182852187 5 5 5 F
3.204111052 5 5 6 F
3.204114091 5 5 0 F
3.215847682 5 5 1 F
3.445264132 5 5 2 F
3.445265595 5 5 4 F
3.659481854 5 5 5 F
3.669922013 5 5 6 F
3.6699230419999997 5 5 0 F
3.701702892 5 5 1 F
3.875200521 5 5 2 F
3.8752010500000003 5 5 3 F
3.876388682 5 5 4 F
4.038494651 5 5 5 F
4.052502235 5 5 6 F
4.052505301 5 5 0 F
4.066421841 5 5 1 F
4.270298419 5 5 2 F
4.270298883 5 5 3 F
4.271611418 5 5 4 F
4.408852134 5 5 5 F
4.45029519 5 5 6 F
4.450296321 5 5 0 F
4.473728287 5 5 1 F
4.659760422 5 5 2 F
4.659762789 5 5 3 F
4.6608125529999995 5 5 4 F
4.83481298 5 5 5 F
4.854961198 5 5 6 F
4.85496424 5 5 0 F
4.899545366 5 5 1 F
5.073750853 5 5 2 F
5.07375137 5 5 3 F
5.07483739 5 5 4 F
5.173922017 5 5 5 F
5.193924217 5 5 6 F
5.193925248 5 5 0 F
5.218890635 5 5 1 F
5.387924281 5 5 2 F
5.387924893 5 5 3 F
5.389018619 5 5 4 F
5.550903724 5 5 5 F
5.598880675 5 5 6 F
5.59888175 5 5 0 F
5.623505377 5 5 1 F
5.870086776 5 5 2 F
5.870087236 5 5 3 F
5.871318699 5 5 4 F
6.04004211 5 5 5 F
6.058728054 5 5 6 F
6.058729706 5 5 0 F
6.071881527 5 5 1 F
6.328417551 5 5 2 F
6.328418076 5 5 3 F
6.329537614 5 5 4 F
6.501085955 5 5 5 F
6.517436687 5 5 6 F
6.517439627 5 5 0 F
6.567089479 5 5 1 F
6.706202544 5 5 2 F
6.706203005 5 5 3 F
6.707403251 5 5 4 F
6.852145799 5 5 5 F
6.867230861 5 5 6 F
6.867231905 5 5 0 F
6.903439106 5 5 1 F
7.090768665 5 5 2 F
7.090769437 5 5 3 F
7.092159814 5 5 4 F
7.239079889 5 5 5 F
7.250745292 5 5 6 F
7.2507463770000005 5 5 0 F
7.269436716 5 5 1 F
7.456374359 5 5 2 F
7.456374867 5 5 3 F
7.457544743 5 5 4 F
7.629428373 5 5 5 F
7.677213377 5 5 6 F
7.677214451 5 5 0 F
7.688929892 5 5 1 F
7.856618953 5 5 2 F
7.856619487 5 5 3 F
7.858898641 5 5 4 F
8.040346788 5 5 5 F
8.07064287 5 5 6 F
8.07064399 5 5 0 F
8.105925001 5 5 1 F
8.265732114 5 5 2 F
8.265732598 5 5 3 F
8.26688432 5 5 4 F
8.427525758 5 5 5 F
8.449447794 5 5 6 F
8.449448872 5 5 0 F
8.493786543 5 5 1 F
8.684982174 5 5 2 F
8.68498265 5 5 3 F
8.686172182 5 5 4 F
8.82754071 5 5 5 F
8.852138474 5 5 6 F
8.852139619 5 5 0 F
8.883531206 5 5 1 F
9.088911861 5 5 2 F
9.088912304 5 5 3 F
9.090082917 5 5 4 F
9.268698686 5 5 5 F
9.316455333 5 5 6 F
9.316456451 5 5 0 F
9.350315805 5 5 1 F
9.549968661 5 5 2 F
9.549969139 5 5 3 F
9.55114604 5 5 4 F
9.663965972 5 5 5 F
9.685129263 5 5 6 F
9.685132346 5 5 0 F
9.696919486 5 5 1 F
9.883548188 5 5 2 F
9.883548646 5 5 3 F
9.884762469 5 5 4 F
10.032830077 5 5 5 F
10.071609529 5 5 6 F
10.071610859 5 5 0 F
10.090395339 5 5 1 F
10.22955596 5 5 2 F
10.229556416 5 5 3 F
10.231875487 5 5 4 F
10.398470398 5 5 5 F
10.440399361 5 5 6 F
10.44040047 5 5 0 F
10.471211874 5 5 1 F
10.669428586 5 5 2 F
10.66942907 5 5 3 F
10.671719136 5 5 4 F
10.823803107 5 5 5 F
10.85763927 5 5 6 F
10.85764034 5 5 0 F
10.874481579 5 5 1 F
11.136302926 5 5 2 F
11.136303506 5 5 3 F
11.13773162 5 5 4 F
11.299837415 5 5 5 F
11.33265826 5 5 6 F
11.332661975 5 5 0 F
11.370980068 5 5 1 F
11.525210318 5 5 2 F
11.525210791 5 5 3 F
11.526486912 5 5 4 F
11.707323284 5 5 5 F
11.722519894 5 5 6 F
11.72252104 5 5 0 F
11.755398008 5 5 1 F
11.984723656 5 5 2 F
11.984724175 5 5 3 F
11.987060664 5 5 4 F
12.126174183 5 5 5 F
12.152899041 5 5 6 F
12.152900133 5 5 0 F
12.19148823 5 5 1 F
12.369322027 5 5 2 F
12.369322555 5 5 3 F
12.370645405 5 5 4 F
12.529831126 5 5 5 F
12.547445693 5 5 6 F
12.547446698 5 5 0 F
12.594504546 5 5 1 F
12.818813799 5 5 2 F
12.818815017 5 5 3 F
12.821183321 5 5 4 F
13.030316325 5 5 5 F
13.073563839 5 5 6 F
13.073567432 5 5 0 F
13.117570558 5 5 1 F
13.368806963 5 5 2 F
13.368807545 5 5 3 F
13.370949164 5 5 4 F
13.502320644 5 5 5 F
13.544035955 5 5 6 F
13.544036964 5 5 0 F
13.569740472 5 5 1 F
13.788698048 5 5 2 F
13.7886987 5 5 3 F
13.790931711 5 5 4 F
13.923435125 5 5 5 F
13.947869729 5 5 6 F
13.947870834 5 5 0 F
13.967082795 5 5 1 F
14.180942557 5 5 2 F
14.180943065 5 5 3 F
14.182122671 5 5 4 F
14.331755219 5 5 5 F
14.368411373 5 5 6 F
14.368414418 5 5 0 F
14.403898998 5 5 1 F
14.573995079 5 5 2 F
14.573995584 5 5 3 F
14.576403974 5 5 4 F
14.754085108 5 5 5 F
14.779791009 5 5 6 F
14.779794018 5 5 0 F
14.829960949 5 5 1 F
15.017660388 5 5 2 F
15.017661012 5 5 3 F
15.018841844 5 5 4 F
15.149545817 5 5 5 F
15.193468897 5 5 6 F
15.19346993 5 5 0 F
15.222958844 5 5 1 F
15.3823565 5 5 2 F
15.38235705 5 5 3 F
15.383534113 5 5 4 F
15.596272831 5 5 5 F
15.620208441 5 5 6 F
15.620211536 5 5 0 F
15.665467242 5 5 1 F
15.906876822 5 5 2 F
15.906877347 5 5 3 F
15.907967991 5 5 4 F
16.00415751 5 5 5 F
16.024092384 5 5 6 F
16.024095449 5 5 0 F
16.063487804 5 5 1 F
16.237181945 5 5 2 F
16.23718249 5 5 3 F
16.238506441 5 5 4 F
16.402612177 5 5 5 F
16.42932161 5 5 6 F
16.429324697 5 5 0 F
16.439936873 5 5 1 F
16.709522259 5 5 2 F
16.70952311 5 5 4 F
16.848723596 5 5 5 F
16.872882464 5 5 6 F
16.872884007 5 5 0 F
16.893251964 5 5 1 F
17.064443859 5 5 2 F
17.064444821 5 5 3 F
17.065604443 5 5 4 F
17.190817966 5 5 5 F
17.227236041 5 5 6 F
17.227237676 5 5 0 F
17.277973633 5 5 1 F
17.438520753 5 5 2 F
17.438521366 5 5 3 F
17.43975293 5 5 4 F
17.612777914 5 5 5 F
17.631148934 5 5 6 F
17.631150804 5 5 0 F
17.656793624 5 5 1 F
17.863437312 5 5 2 F
17.863437829 5 5 3 F
17.864707761 5 5 4 F
18.011699337 5 5 5 F
18.026939139 5 5 6 F
18.026942227 5 5 0 F
18.060664164 5 5 1 F
18.247004123 5 5 2 F
18.247004604 5 5 3 F
18.248213183 5 5 4 F
18.339953889 5 5 5 F
18.37757699 5 5 6 F
18.377577992 5 5 0 F
18.389309977 5 5 1 F
18.615280677 5 5 2 F
18.615281313 5 5 3 F
18.616612567 5 5 4 F
18.781989321 5 5 5 F
18.816936757 5 5 6 F
18.816937889 5 5 0 F
18.829060885 5 5 1 F
19.02903727 5 5 2 F
19.029037802 5 5 3 F
19.030251064 5 5 4 F
19.192248693 5 5 5 F
19.231593745 5 5 6 F
19.231597966 5 5 0 F
19.260540485 5 5 1 F
19.513393849 5 5 2 F
19.513394326 5 5 3 F
19.514603418 5 5 4 F
19.670964698 5 5 5 F
19.694343098 5 5 6 F
19.694346101 5 5 0 F
19.731420752 5 5 1 F
19.914710749 5 5 2 F
19.914711381 5 5 3 F
19.915845209 5 5 4 F
20.056020868 5 5 5 F
20.074560818 5 5 6 F
20.07456256 5 5 0 F
20.105397903 5 5 1 F
20.236157207 5 5 2 F
20.236161854 5 5 3 F
20.237430665 5 5 4 F
20.386212035 5 5 5 F
20.418938466 5 5 6 F
20.418939952 5 5 0 F
20.451963875 5 5 1 F
20.607568559 5 5 2 F
20.607575256 5 5 3 F
20.608703076 5 5 4 F
20.792639973 5 5 5 F
20.80566111 5 5 6 F
20.805692943 5 5 0 F
20.833626604 5 5 1 F
20.973902324 5 5 2 F
20.973902971 5 5 3 F
20.974924818 5 5 4 F
21.130244488 5 5 5 F
21.1630694 5 5 6 F
21.163070497 5 5 0 F
21.206378652 5 5 1 F
21.373327731 5 5 2 F
21.373328363 5 5 3 F
21.374500321 5 5 4 F
21.519258298 5 5 5 F
21.547332737 5 5 6 F
21.547335821 5 5 0 F
21.557771467 5 5 1 F
21.834335193 5 5 2 F
21.834336439 5 5 3 F
21.83625981 5 5 4 F
21.966597966 5 5 5 F
21.989837886 5 5 6 F
21.989841686 5 5 0 F
22.030891269 5 5 1 F
22.228111644 5 5 2 F
22.228112111 5 5 3 F
22.229285125 5 5 4 F
22.407116269 5 5 5 F
22.454963088 5 5 6 F
22.454966788 5 5 0 F
22.486310545 5 5 1 F
22.648087795 5 5 2 F
22.648089094 5 5 4 F
22.860918988 5 5 5 F
22.906612042 5 5 6 F
22.906614213 5 5 0 F
22.929892057 5 5 1 F
23.040249121 5 5 2 F
23.040249666 5 5 3 F
23.041437807 5 5 4 F
23.159090093 5 5 5 F
23.171529963 5 5 6 F
23.171531097 5 5 0 F
23.213173279 5 5 1 F
23.373039253 5 5 2 F
23.373039865 5 5 3 F
23.374184635 5 5 4 F
23.478458921 5 5 5 F
23.514560034 5 5 6 F
23.514568668 5 5 0 F
23.552802096 5 5 1 F
23.770446496 5 5 2 F
23.770447031 5 5 3 F
23.771618508 5 5 4 F
23.84608668 5 5 5 F
23.883001627 5 5 6 F
23.883002693 5 5 0 F
23.920477402 5 5 1 F
24.085399429 5 5 2 F
24.085400105 5 5 3 F
24.086455273 5 5 4 F
24.166045622 5 5 5 F
24.178560292 5 5 6 F
24.178561316 5 5 0 F
24.198396741 5 5 1 F
24.331352714 5 5 2 F
24.331353411 5 5 3 F
24.332708076 5 5 4 F
24.41601001 5 5 5 F
24.431536222 5 5 6 F
24.431541077 5 5 0 F
24.465413029 5 5 1 F
24.55812802 5 5 2 F
24.558129178 5 5 3 F
24.56023473 5 5 4 F
24.620840028 5 5 5 F
24.660146195 5 5 6 F
24.660149577 5 5 0 F
24.691894557 5 5 1 F
24.792985105 5 5 2 F
24.792985659 5 5 3 F
24.794177078 5 5 4 F
24.848908233 5 5 5 F
24.870837466 5 5 6 F
24.870840838 5 5 0 F
63   74
59   98
41   75
32   92
64   88
64   91
64   74
60   98
52   88
33   81
65   88
65   91
65   74
61   98
53   88
42   75
33   92
66   88
