 0.000390986  1  1  0  B
 0.026997226  1  1  1  B
 0.026998154  1  1  2  B
 0.054103304  1  1  3  B
 0.054104649  1  1  0  B
 0.072808836  1  1  1  B
 0.072809329  1  1  2  B
 0.116774304  1  1  3  B
 0.116775591  1  1  0  B
 0.135342973  1  1  1  B
 0.135343955  1  1  2  B
 0.154382607  1  1  3  B
 0.154383668  1  1  0  B
 0.193534868  1  1  1  B
 0.193536389  1  1  2  B
 0.223313378  1  1  3  B
 0.223315052  1  1  0  B
 0.236199485  1  1  1  B
 0.253374214  1  1  2  B
 0.267388212  1  1  3  B
 0.267389552  1  1  0  B
 0.295554679  1  1  1  B
 0.295555897  1  1  2  B
 0.325827723  1  1  3  B
 0.325829434  1  1  0  B
 0.360224474  1  1  1  B
 0.362031381  1  1  2  B
 0.406892373  1  1  3  B
 0.406894038  1  1  0  B
 0.423509041  1  1  1  B
 0.423510672  1  1  2  B
 0.454565594  1  1  3  B
 0.454567260  1  1  0  B
 0.484874688  1  1  1  B
 0.485590797  1  1  2  B
 0.503185236  1  1  3  B
 0.503186306  1  1  0  B
 0.553133965  1  1  1  B
 0.563083948  1  1  2  B
 0.607709127  1  1  3  B
 0.607710825  1  1  0  B
 0.655995186  1  1  1  B
 0.655996488  1  1  2  B
 0.691420169  1  1  3  B
 0.691421855  1  1  0  B
 0.739669727  1  1  1  B
 0.739670947  1  1  2  B
 0.774004299  1  1  3  B
 0.774005670  1  1  0  B
 0.805667183  1  1  1  B
 0.816109690  1  1  2  B
 0.853873513  1  1  3  B
 0.853874010  1  1  0  B
 0.871222411  1  1  1  B
 0.898733530  1  1  2  B
 0.911882059  1  1  3  B
 0.911882694  1  1  0  B
 0.922946919  1  1  1  B
 0.946307626  1  1  2  B
 0.969380135  1  1  3  B
 0.969380553  1  1  0  B
 0.985930617  1  1  1  B
 0.985931846  1  1  2  B
 1.035952641  1  1  3  B
 1.035953248  1  1  0  B
 1.081099535  1  1  1  B
 1.099588992  1  1  2  B
 1.127973076  1  1  3  B
 1.127974738  1  1  0  B
 1.166931924  1  1  1  B
 1.167608668  1  1  2  B
 1.181237366  1  1  3  B
 1.181238489  1  1  0  B
 1.218902369  1  1  1  B
 1.236656537  1  1  2  B
 1.247803750  1  1  3  B
 1.247804838  1  1  0  B
 1.295394160  1  1  1  B
 1.295395470  1  1  2  B
 1.312693917  1  1  3  B
 1.312694999  1  1  0  B
 1.324374560  1  1  1  B
 1.324375817  1  1  2  B
 1.344374898  1  1  3  B
 1.344376600  1  1  0  B
 1.360412820  1  1  1  B
 1.389817920  1  1  2  B
 1.439588826  1  1  3  B
 1.439589831  1  1  0  B
 0.000372460  0  0  0  A
 0.042843658  0  0  1  A
 0.054105119  0  0  2  A
 0.067722055  0  0  3  A
 0.067723016  0  0  0  A
 0.092815366  0  0  1  A
 0.116776589  0  0  2  A
 0.133316755  0  0  3  A
 0.133317644  0  0  0  A
 0.163951407  0  0  1  A
 0.163952843  0  0  2  A
 0.191071465  0  0  3  A
 0.191072629  0  0  0  A
 0.216681077  0  0  1  A
 0.223316057  0  0  2  A
 0.253370935  0  0  3  A
 0.253372608  0  0  0  A
 0.270025300  0  0  1  A
 0.270026938  0  0  2  A
 0.288984511  0  0  3  A
 0.288985680  0  0  0  A
 0.320823369  0  0  1  A
 0.325830447  0  0  2  A
 0.362029382  0  0  3  A
 0.362030797  0  0  0  A
 0.402303276  0  0  1  A
 0.406895027  0  0  2  A
 0.421430989  0  0  3  A
 0.421432054  0  0  0  A
 0.445499116  0  0  1  A
 0.454568272  0  0  2  A
 0.485588668  0  0  3  A
 0.485590189  0  0  0  A
 0.531555949  0  0  1  A
 0.531557338  0  0  2  A
 0.563081220  0  0  3  A
 0.563082685  0  0  0  A
 0.595217716  0  0  1  A
 0.607711849  0  0  2  A
 0.642661247  0  0  3  A
 0.642662410  0  0  0  A
 0.669954903  0  0  1  A
 0.691422933  0  0  2  A
 0.711680469  0  0  3  A
 0.711681603  0  0  0  A
 0.754853744  0  0  1  A
 0.774006903  0  0  2  A
 0.816109271  0  0  3  A
 0.816109568  0  0  0  A
 0.828317693  0  0  1  A
 0.853874357  0  0  2  A
 0.898732469  0  0  3  A
 0.898733024  0  0  0  A
 0.909441461  0  0  1  A
 0.911883079  0  0  2  A
 0.946306670  0  0  3  A
 0.946307223  0  0  0  A
 0.991238174  0  0  1  A
 1.035953656  0  0  2  A
 1.053053261  0  0  3  A
 1.053053585  0  0  0  A
 1.079527601  0  0  1  A
 1.079528240  0  0  2  A
 1.099586169  0  0  3  A
 1.099587684  0  0  0  A
 1.120566221  0  0  1  A
 1.127975770  0  0  2  A
 1.167606611  0  0  3  A
 1.167608081  0  0  0  A
 1.210750820  0  0  1  A
 1.210752081  0  0  2  A
 1.236654421  0  0  3  A
 1.236655908  0  0  0  A
 1.249267716  0  0  1  A
 1.249269033  0  0  2  A
 1.295004054  0  0  3  A
 1.295005192  0  0  0  A
 1.324832077  0  0  1  A
 1.344377690  0  0  2  A
 1.389815895  0  0  3  A
 1.389817294  0  0  0  A
 1.405852578  0  0  1  A
 1.439590545  0  0  2  A
 1.478257400  0  0  3  A
 1.478258072  0  0  0  A
-1  2  2  4 LOCAL_SECTION;ENTRY_PROTOCOL;CRITICAL_SECTION;EXIT_PROTOCOL;EXTRA_LABEL;
