 0.001125890  1  1  0  B
 0.038999151  1  1  1  B
 0.054968766  1  1  2  B
 0.085954560  1  1  3  B
 0.085955965  1  1  0  B
 0.128098541  1  1  1  B
 0.128100108  1  1  2  B
 0.171415097  1  1  3  B
 0.171415445  1  1  0  B
 0.220892155  1  1  1  B
 0.220893354  1  1  2  B
 0.262197343  1  1  3  B
 0.262198831  1  1  0  B
 0.278180432  1  1  1  B
 0.297640316  1  1  2  B
 0.313901912  1  1  3  B
 0.313903152  1  1  0  B
 0.351799957  1  1  1  B
 0.360812678  1  1  2  B
 0.407672272  1  1  3  B
 0.407673911  1  1  0  B
 0.435064408  1  1  1  B
 0.455057569  1  1  2  B
 0.503862055  1  1  3  B
 0.503863100  1  1  0  B
 0.526162738  1  1  1  B
 0.543133820  1  1  2  B
 0.562245608  1  1  3  B
 0.562245945  1  1  0  B
 0.611662149  1  1  1  B
 0.625784729  1  1  2  B
 0.653285622  1  1  3  B
 0.653286279  1  1  0  B
 0.671991688  1  1  1  B
 0.671992574  1  1  2  B
 0.705924271  1  1  3  B
 0.705924571  1  1  0  B
 0.720197871  1  1  1  B
 0.720198113  1  1  2  B
 0.755277015  1  1  3  B
 0.755278295  1  1  0  B
 0.768851391  1  1  1  B
 0.793080780  1  1  2  B
 0.831850721  1  1  3  B
 0.831852414  1  1  0  B
 0.849733471  1  1  1  B
 0.872183932  1  1  2  B
 0.901506839  1  1  3  B
 0.901508507  1  1  0  B
 0.939387759  1  1  1  B
 0.951308161  1  1  2  B
 0.988135984  1  1  3  B
 0.988137318  1  1  0  B
 0.000998683  0  0  0  A
 0.027955224  0  0  1  A
 0.027956420  0  0  2  A
 0.054966086  0  0  3  A
 0.054967703  0  0  0  A
 0.089406789  0  0  1  A
 0.089408005  0  0  2  A
 0.118812934  0  0  3  A
 0.118815050  0  0  0  A
 0.157510990  0  0  1  A
 0.171415606  0  0  2  A
 0.212646428  0  0  3  A
 0.212647178  0  0  0  A
 0.251495377  0  0  1  A
 0.262199443  0  0  2  A
 0.297638360  0  0  3  A
 0.297639961  0  0  0  A
 0.334845620  0  0  1  A
 0.334846832  0  0  2  A
 0.360810624  0  0  3  A
 0.360812061  0  0  0  A
 0.386496489  0  0  1  A
 0.407674544  0  0  2  A
 0.455055624  0  0  3  A
 0.455057047  0  0  0  A
 0.470811636  0  0  1  A
 0.503863775  0  0  2  A
 0.543133183  0  0  3  A
 0.543133548  0  0  0  A
 0.588697723  0  0  1  A
 0.588699260  0  0  2  A
 0.625781697  0  0  3  A
 0.625783338  0  0  0  A
 0.653351631  0  0  1  A
 0.653352447  0  0  2  A
 0.671017238  0  0  3  A
 0.671017960  0  0  0  A
 0.681169470  0  0  1  A
 0.705924884  0  0  2  A
 0.717121824  0  0  3  A
 0.717122041  0  0  0  A
 0.759342270  0  0  1  A
 0.759342747  0  0  2  A
 0.793078841  0  0  3  A
 0.793079942  0  0  0  A
 0.830665363  0  0  1  A
 0.831852768  0  0  2  A
 0.872180966  0  0  3  A
 0.872182587  0  0  0  A
 0.898429666  0  0  1  A
 0.901509918  0  0  2  A
 0.951304860  0  0  3  A
 0.951306319  0  0  0  A
 0.988125942  0  0  1  A
 0.988137605  0  0  2  A
 1.010280560  0  0  3  A
 1.010281870  0  0  0  A
 1.039011684  0  0  1  A
 1.039013285  0  0  2  A
 1.056905819  0  0  3  A
 1.056906885  0  0  0  A
 1.067745006  0  0  1  A
 1.067746294  0  0  2  A
 1.106812598  0  0  3  A
 1.106814013  0  0  0  A
-1  2  2  4 LOCAL_SECTION;ENTRY_PROTOCOL;CRITICAL_SECTION;EXIT_PROTOCOL;EXTRA_LABEL;
