 0.001196004  1  1  0  B
 0.028761014  1  1  1  B
 0.028762229  1  1  2  B
 0.041431930  1  1  3  B
 0.041433570  1  1  0  B
 0.077996563  1  1  1  B
 0.077998138  1  1  2  B
 0.088868430  1  1  3  B
 0.088870085  1  1  0  B
 0.106189278  1  1  1  B
 0.136821731  1  1  2  B
 0.169603731  1  1  3  B
 0.169605357  1  1  0  B
 0.182914358  1  1  1  B
 0.208759391  1  1  2  B
 0.232380910  1  1  3  B
 0.232381977  1  1  0  B
 0.279599305  1  1  1  B
 0.303740621  1  1  2  B
 0.341380173  1  1  3  B
 0.341381247  1  1  0  B
 0.373746935  1  1  1  B
 0.376727839  1  1  2  B
 0.405379991  1  1  3  B
 0.405381771  1  1  0  B
 0.441364066  1  1  1  B
 0.477782756  1  1  2  B
 0.494157557  1  1  3  B
 0.494158785  1  1  0  B
 0.530634425  1  1  1  B
 0.536421686  1  1  2  B
 0.558023311  1  1  3  B
 0.558024196  1  1  0  B
 0.587959718  1  1  1  B
 0.619722823  1  1  2  B
 0.630101797  1  1  3  B
 0.630102873  1  1  0  B
 0.663069645  1  1  1  B
 0.686642855  1  1  2  B
 0.731815853  1  1  3  B
 0.731817588  1  1  0  B
 0.768486840  1  1  1  B
 0.773620340  1  1  2  B
 0.803041298  1  1  3  B
 0.803042464  1  1  0  B
 0.825159497  1  1  1  B
 0.841937755  1  1  2  B
 0.871397053  1  1  3  B
 0.871397724  1  1  0  B
 0.882613026  1  1  1  B
 0.918929921  1  1  2  B
 0.935062145  1  1  3  B
 0.935063019  1  1  0  B
 0.977300053  1  1  1  B
 0.977301705  1  1  2  B
 0.988455253  1  1  3  B
 0.988455744  1  1  0  B
 1.036020334  1  1  1  B
 1.036021559  1  1  2  B
 1.070109120  1  1  3  B
 1.070110602  1  1  0  B
 1.092567862  1  1  1  B
 1.118396045  1  1  2  B
 1.140925208  1  1  3  B
 1.140926633  1  1  0  B
 1.166451279  1  1  1  B
 1.166452495  1  1  2  B
 1.183422475  1  1  3  B
 1.183423567  1  1  0  B
 0.001024846  0  0  0  A
 0.040860296  0  0  1  A
 0.041433809  0  0  2  A
 0.061062762  0  0  3  A
 0.061063923  0  0  0  A
 0.082696767  0  0  1  A
 0.088871230  0  0  2  A
 0.136817563  0  0  3  A
 0.136819891  0  0  0  A
 0.160255414  0  0  1  A
 0.169606453  0  0  2  A
 0.208756708  0  0  3  A
 0.208758347  0  0  0  A
 0.232889418  0  0  1  A
 0.232890634  0  0  2  A
 0.253651857  0  0  3  A
 0.253653038  0  0  0  A
 0.274159354  0  0  1  A
 0.274160583  0  0  2  A
 0.303738360  0  0  3  A
 0.303740041  0  0  0  A
 0.350831023  0  0  1  A
 0.350832328  0  0  2  A
 0.376725092  0  0  3  A
 0.376726538  0  0  0  A
 0.404363303  0  0  1  A
 0.405382844  0  0  2  A
 0.419236042  0  0  3  A
 0.419237197  0  0  0  A
 0.437541541  0  0  1  A
 0.437542493  0  0  2  A
 0.477781739  0  0  3  A
 0.477782331  0  0  0  A
 0.488077917  0  0  1  A
 0.494160437  0  0  2  A
 0.536419768  0  0  3  A
 0.536420652  0  0  0  A
 0.571862493  0  0  1  A
 0.571863459  0  0  2  A
 0.619720583  0  0  3  A
 0.619722010  0  0  0  A
 0.658119699  0  0  1  A
 0.658121223  0  0  2  A
 0.686639921  0  0  3  A
 0.686641431  0  0  0  A
 0.722516224  0  0  1  A
 0.731819145  0  0  2  A
 0.773617413  0  0  3  A
 0.773618896  0  0  0  A
 0.822696992  0  0  1  A
 0.822698368  0  0  2  A
 0.841935086  0  0  3  A
 0.841936399  0  0  0  A
 0.873024570  0  0  1  A
 0.873025262  0  0  2  A
 0.918928263  0  0  3  A
 0.918929392  0  0  0  A
 0.940591159  0  0  1  A
 0.940591558  0  0  2  A
 0.951216839  0  0  3  A
 0.951217714  0  0  0  A
 0.978083202  0  0  1  A
 0.988456229  0  0  2  A
 1.035376983  0  0  3  A
 1.035378600  0  0  0  A
 1.054840121  0  0  1  A
 1.070112578  0  0  2  A
 1.118391629  0  0  3  A
 1.118394438  0  0  0  A
 1.167260923  0  0  1  A
 1.183424293  0  0  2  A
 1.222315462  0  0  3  A
 1.222317926  0  0  0  A
 1.265035245  0  0  1  A
 1.265036205  0  0  2  A
 1.287381950  0  0  3  A
 1.287383021  0  0  0  A
 1.303651861  0  0  1  A
 1.303652857  0  0  2  A
 1.345402980  0  0  3  A
 1.345404044  0  0  0  A
 1.382706722  0  0  1  A
 1.382708431  0  0  2  A
 1.401637734  0  0  3  A
 1.401640624  0  0  0  A
-1  2  2  4 LOCAL_SECTION;ENTRY_PROTOCOL;CRITICAL_SECTION;EXIT_PROTOCOL;EXTRA_LABEL;
