-1  15  15  15
 0.000000000  6  6  6  G
 0.014479760  6  6  7  G
 0.039665795  6  6  8  G
 0.081113248  6  6  9  G
 0.095290450  6  6  10  G
 0.131044101  6  6  11  G
 0.180432032  6  6  12  G
 0.198663935  6  6  13  G
 0.213415454  6  6  14  G
 0.241740115  6  6  0  G
 0.259691186  6  6  1  G
 0.294302004  6  6  2  G
 0.310870431  6  6  3  G
 0.000000000  3  3  3  D
 0.050495894  3  4  3  D
 0.062759204  3  5  3  D
 0.080127519  3  6  3  D
 0.105962767  3  7  3  D
 0.143973797  3  8  3  D
 0.181398916  3  9  3  D
 0.209565065  3  10  3  D
 0.228085430  3  11  3  D
 0.277106416  3  12  3  D
 0.311734318  3  13  3  D
 0.358407105  3  14  3  D
 0.402579754  3  0  3  D
 0.431047895  3  1  3  D
 0.451595146  3  2  3  D
 0.481618692  3  3  3  D
 0.510990312  3  4  3  D
 0.542029994  3  5  3  D
 0.542029994  3  5  3  d
 0.000000000  14  14  14  O
 0.043060762  14  14  13  O
 0.057637393  14  14  12  O
 0.091510815  14  14  11  O
 0.119197094  14  14  10  O
 0.146988047  14  14  9  O
 0.195853020  14  14  8  O
 0.210592784  14  14  7  O
 0.250786644  14  14  6  O
 0.278950837  14  14  5  O
 0.310824167  14  14  4  O
 0.344202038  14  14  3  O
 0.358358713  14  14  2  O
 0.377064567  14  14  1  O
 0.387599250  14  14  0  O
 0.433729325  14  14  14  O
 0.473787022  14  14  13  O
 0.507399115  14  14  12  O
 0.528807032  14  14  11  O
 0.562954775  14  14  10  O
 0.575592644  14  14  9  O
 0.595666633  14  14  8  O
 0.619006368  14  14  7  O
 0.633294618  14  14  6  O
 0.709958104  14  14  5  O
 0.720991714  14  14  4  O
 0.746255901  14  14  3  O
 0.000000000  9  9  9  J
 0.050609120  9  10  9  J
 0.081699317  9  11  9  J
 0.116087723  9  12  9  J
 0.135867674  9  13  9  J
 0.195861560  9  14  9  J
 0.215013771  9  0  9  J
 0.238764132  9  1  9  J
 0.249473263  9  2  9  J
 0.290146500  9  3  9  J
 0.314687484  9  4  9  J
 0.363726280  9  5  9  J
 0.401483319  9  6  9  J
 0.439239507  9  7  9  J
 0.513495926  9  8  9  J
 0.529980895  9  9  9  J
 0.552039083  9  10  9  J
 0.570305583  9  11  9  J
 0.598052140  9  12  9  J
 0.634940173  9  13  9  J
 0.652968408  9  14  9  J
 0.696131594  9  0  9  J
 0.740260405  9  1  9  J
 0.769897118  9  2  9  J
 0.784792628  9  3  9  J
 0.828942952  9  4  9  J
 0.861018240  9  5  9  J
 0.000000000  8  8  8  I
 0.049045680  8  8  9  I
 0.067306185  8  8  10  I
 0.078844434  8  8  11  I
 0.116058559  8  8  12  I
 0.144098345  8  8  13  I
 0.171446401  8  8  14  I
 0.186024846  8  8  0  I
 0.228002725  8  8  1  I
 0.246391938  8  8  2  I
 0.258734903  8  8  3  I
 0.300154151  8  8  4  I
 0.321058716  8  8  5  I
 0.360814499  8  8  6  I
 0.390672885  8  8  7  I
 0.431731492  8  8  8  I
 0.481226287  8  8  9  I
 0.513447172  8  8  10  I
 0.526739478  8  8  11  I
 0.550036891  8  8  12  I
 0.599997197  8  8  13  I
 0.614642374  8  8  14  I
 0.647588890  8  8  0  I
 0.658789435  8  8  1  I
 0.699127335  8  8  2  I
 0.746670370  8  8  3  I
 0.786365196  8  8  4  I
 0.827342500  8  8  5  I
 0.861533425  8  8  6  I
 0.000000000  2  2  2  C
 0.014989619  2  2  3  C
 0.046447966  2  2  4  C
 0.086347798  2  2  5  C
 0.114264466  2  2  6  C
 0.176325642  2  2  7  C
 0.201783059  2  2  8  C
 0.290235038  2  2  9  C
 0.322509104  2  2  10  C
 0.355768313  2  2  11  C
 0.375203785  2  2  12  C
 0.389176071  2  2  13  C
 0.408028484  2  2  14  C
 0.449699306  2  2  0  C
 0.469269587  2  2  1  C
 0.491614169  2  2  2  C
 0.531453181  2  2  3  C
 0.541601069  2  2  4  C
 0.573051686  2  2  5  C
 0.599513424  2  2  6  C
 0.643805073  2  2  7  C
 0.675360772  2  2  8  C
 0.698782385  2  2  9  C
 0.725093669  2  2  10  C
 0.765902030  2  2  11  C
 0.784777625  2  2  12  C
 0.804514292  2  2  13  C
 0.817958970  2  2  14  C
 0.843029920  2  2  0  C
 0.892782469  2  2  1  C
 0.930586816  2  2  2  C
 0.961635255  2  2  3  C
 0.000000000  7  7  7  H
 0.040055875  7  6  7  H
 0.050495896  7  5  7  H
 0.086036139  7  4  7  H
 0.118010500  7  3  7  H
 0.149591425  7  2  7  H
 0.176298894  7  1  7  H
 0.202565454  7  0  7  H
 0.250849471  7  14  7  H
 0.270957672  7  13  7  H
 0.318057218  7  12  7  H
 0.346515236  7  11  7  H
 0.360568617  7  10  7  H
 0.378092119  7  9  7  H
 0.431817897  7  8  7  H
 0.462812892  7  7  7  H
 0.481773545  7  6  7  H
 0.501852588  7  5  7  H
 0.540417401  7  4  7  H
 0.565162915  7  3  7  H
 0.607119810  7  2  7  H
 0.643752845  7  1  7  H
 0.687209578  7  0  7  H
 0.700127665  7  14  7  H
 0.740205666  7  13  7  H
 0.784950845  7  12  7  H
 0.819982287  7  11  7  H
 0.839608614  7  10  7  H
 0.867782718  7  9  7  H
 0.912741358  7  8  7  H
 0.939012031  7  7  7  H
 0.953956478  7  6  7  H
 0.985735290  7  5  7  H
 0.996555634  7  4  7  H
 1.037638853  7  3  7  H
 0.000000000  1  1  1  B
 0.045574095  1  2  1  B
 0.082798027  1  3  1  B
 0.132070858  1  4  1  B
 0.151534424  1  5  1  B
 0.178983389  1  6  1  B
 0.217001505  1  7  1  B
 0.246464163  1  8  1  B
 0.257394676  1  9  1  B
 0.296999439  1  10  1  B
 0.331820914  1  11  1  B
 0.377203694  1  12  1  B
 0.406693359  1  13  1  B
 0.426396754  1  14  1  B
 0.449576778  1  0  1  B
 0.496440809  1  1  1  B
 0.518130466  1  2  1  B
 0.550077248  1  3  1  B
 0.591251253  1  4  1  B
 0.633013904  1  5  1  B
 0.683084062  1  6  1  B
 0.726721907  1  7  1  B
 0.771869650  1  8  1  B
 0.792035413  1  9  1  B
 0.827484276  1  10  1  B
 0.845980973  1  11  1  B
 0.867850382  1  12  1  B
 0.896388548  1  13  1  B
 0.934595192  1  14  1  B
 0.981506713  1  0  1  B
 0.992084931  1  1  1  B
 1.027481006  1  2  1  B
 1.048975361  1  3  1  B
 1.064268370  1  4  1  B
 1.079869856  1  5  1  B
 1.122049911  1  6  1  B
 1.156937118  1  7  1  B
 0.000000000  4  4  4  E
 0.020672226  4  4  3  E
 0.047911303  4  4  2  E
 0.083507376  4  4  1  E
 0.113739074  4  4  0  E
 0.159575637  4  4  14  E
 0.174705523  4  4  13  E
 0.212196918  4  4  12  E
 0.246592835  4  4  11  E
 0.280264016  4  4  10  E
 0.363775023  4  4  9  E
 0.375960867  4  4  8  E
 0.416634322  4  4  7  E
 0.452497921  4  4  6  E
 0.498303907  4  4  5  E
 0.511678510  4  4  4  E
 0.542066180  4  4  3  E
 0.564018920  4  4  2  E
 0.633063920  4  4  1  E
 0.681995186  4  4  0  E
 0.719363362  4  4  14  E
 0.764065755  4  4  13  E
 0.780655859  4  4  12  E
 0.808125134  4  4  11  E
 0.837157592  4  4  10  E
 0.879050216  4  4  9  E
 0.925442592  4  4  8  E
 0.964164323  4  4  7  E
 0.995852548  4  4  6  E
 1.037748583  4  4  5  E
 1.081275437  4  4  4  E
 1.127020882  4  4  3  E
 1.169187254  4  4  2  E
 1.185665049  4  4  1  E
 1.217432864  4  4  0  E
 1.264353200  4  4  14  E
 0.000000000  12  12  12  M
 0.052270977  12  12  13  M
 0.081800392  12  12  14  M
 0.100094117  12  12  0  M
 0.111545996  12  12  1  M
 0.158401160  12  12  2  M
 0.196750979  12  12  3  M
 0.231331701  12  12  4  M
 0.281798367  12  12  5  M
 0.321713316  12  12  6  M
 0.354330938  12  12  7  M
 0.382477620  12  12  8  M
 0.420440686  12  12  9  M
 0.455452601  12  12  10  M
 0.483296636  12  12  11  M
 0.503994408  12  12  12  M
 0.539214910  12  12  13  M
 0.550955937  12  12  14  M
 0.581006694  12  12  0  M
 0.624984789  12  12  1  M
 0.651434871  12  12  2  M
 0.681995193  12  12  3  M
 0.724925463  12  12  4  M
 0.759368190  12  12  5  M
 0.770714912  12  12  6  M
 0.820028064  12  12  7  M
 0.854821126  12  12  8  M
 0.870783776  12  12  9  M
 0.890593417  12  12  10  M
 0.902434053  12  12  11  M
 0.947587740  12  12  12  M
 0.993215897  12  12  13  M
 1.019549940  12  12  14  M
 1.047589130  12  12  0  M
 1.091408817  12  12  1  M
 1.114400900  12  12  2  M
 1.130237398  12  12  3  M
 1.142702140  12  12  4  M
 1.183202942  12  12  5  M
 1.194040927  12  12  6  M
 1.233654297  12  12  7  M
 1.249594278  12  12  8  M
 1.280969584  12  12  9  M
 1.297671729  12  12  10  M
 1.315112528  12  12  11  M
 1.364373562  12  12  12  M
 1.376967070  12  12  13  M
 1.425333208  12  12  14  M
 1.462026043  12  12  0  M
 1.506721283  12  12  1  M
 1.536591824  12  12  2  M
 1.561634536  12  12  3  M
 1.583431934  12  12  4  M
 1.608653744  12  12  5  M
 1.655738558  12  12  6  M
 1.695227675  12  12  7  M
 1.740035386  12  12  8  M
 1.789721879  12  12  9  M
 1.814278596  12  12  10  M
 1.832120424  12  12  11  M
 1.880997771  12  12  12  M
 1.892793400  12  12  13  M
 1.936289940  12  12  14  M
 1.956282153  12  12  0  M
 1.970390793  12  12  1  M
 1.983907393  12  12  2  M
 1.996161317  12  12  3  M
 2.027024523  12  12  4  M
 0.000000000  0  0  0  A
 0.026366562  0  0  14  A
 0.064307474  0  0  13  A
 0.102321509  0  0  12  A
 0.138314039  0  0  11  A
 0.179604546  0  0  10  A
 0.238810381  0  0  9  A
 0.269638100  0  0  8  A
 0.283122048  0  0  7  A
 0.319971288  0  0  6  A
 0.341018583  0  0  5  A
 0.384592095  0  0  4  A
 0.431128714  0  0  3  A
 0.441343494  0  0  2  A
 0.496537092  0  0  1  A
 0.525694850  0  0  0  A
 0.536838908  0  0  14  A
 0.570416933  0  0  13  A
 0.591389868  0  0  12  A
 0.624175903  0  0  11  A
 0.642535591  0  0  10  A
 0.666870279  0  0  9  A
 0.696038866  0  0  8  A
 0.713090555  0  0  7  A
 0.741101450  0  0  6  A
 0.766671628  0  0  5  A
 0.781184448  0  0  4  A
 0.807079613  0  0  3  A
 0.837021715  0  0  2  A
 0.857017998  0  0  1  A
 0.881384954  0  0  0  A
 0.931341485  0  0  14  A
 0.972965767  0  0  13  A
 0.989607080  0  0  12  A
 1.009262952  0  0  11  A
 1.021701147  0  0  10  A
 1.065966322  0  0  9  A
 1.082579999  0  0  8  A
 1.126192846  0  0  7  A
 1.145940083  0  0  6  A
 1.209962386  0  0  5  A
 1.254911266  0  0  4  A
 1.286098881  0  0  3  A
 1.317319603  0  0  2  A
 1.346023653  0  0  1  A
 1.379566225  0  0  0  A
 1.411748499  0  0  14  A
 1.428155842  0  0  13  A
 1.463320225  0  0  12  A
 1.497966625  0  0  11  A
 1.544234153  0  0  10  A
 1.579232115  0  0  9  A
 1.594417422  0  0  8  A
 1.626827760  0  0  7  A
 1.648117215  0  0  6  A
 1.680040687  0  0  5  A
 1.722557795  0  0  4  A
 1.748820489  0  0  3  A
 1.798453453  0  0  2  A
 1.839205346  0  0  1  A
 1.864131627  0  0  0  A
 1.889247541  0  0  14  A
 1.900002571  0  0  13  A
 1.937028432  0  0  12  A
 1.950782030  0  0  11  A
 1.971413152  0  0  10  A
 2.001313670  0  0  9  A
 2.041976151  0  0  8  A
 2.072478548  0  0  7  A
 2.100484491  0  0  6  A
 2.123451474  0  0  5  A
 2.150218337  0  0  4  A
 2.183435692  0  0  3  A
 2.193602622  0  0  2  A
 2.216636969  0  0  1  A
 2.229832811  0  0  0  A
 0.000000000  13  13  13  N
 0.025989719  13  12  13  N
 0.052259957  13  11  13  N
 0.081580361  13  10  13  N
 0.095158557  13  9  13  N
 0.129816390  13  8  13  N
 0.144001159  13  7  13  N
 0.162673658  13  6  13  N
 0.190094913  13  5  13  N
 0.230439386  13  4  13  N
 0.264786612  13  3  13  N
 0.279624742  13  2  13  N
 0.311027605  13  1  13  N
 0.348618557  13  0  13  N
 0.364941815  13  14  13  N
 0.412660579  13  13  13  N
 0.433268286  13  12  13  N
 0.469985940  13  11  13  N
 0.482555121  13  10  13  N
 0.501465250  13  9  13  N
 0.526534642  13  8  13  N
 0.562965166  13  7  13  N
 0.574459778  13  6  13  N
 0.586496719  13  5  13  N
 0.608404484  13  4  13  N
 0.620102334  13  3  13  N
 0.643302357  13  2  13  N
 0.659300571  13  1  13  N
 0.696398780  13  0  13  N
 0.718728027  13  14  13  N
 0.734158059  13  13  13  N
 0.775054571  13  12  13  N
 0.805029594  13  11  13  N
 0.819635386  13  10  13  N
 0.847727881  13  9  13  N
 0.858712952  13  8  13  N
 0.903302498  13  7  13  N
 0.942842118  13  6  13  N
 0.989632664  13  5  13  N
 1.033553008  13  4  13  N
 1.051747668  13  3  13  N
 1.062151488  13  2  13  N
 1.094256737  13  1  13  N
 1.127684980  13  0  13  N
 1.160178004  13  14  13  N
 1.198929407  13  13  13  N
 1.246284783  13  12  13  N
 1.289468944  13  11  13  N
 1.338547837  13  10  13  N
 1.379350619  13  9  13  N
 1.428160330  13  8  13  N
 1.460910307  13  7  13  N
 1.476038139  13  6  13  N
 1.525496424  13  5  13  N
 1.545757132  13  4  13  N
 1.590997383  13  3  13  N
 1.608788562  13  2  13  N
 1.648207744  13  1  13  N
 1.664220222  13  0  13  N
 1.705211679  13  14  13  N
 1.744037991  13  13  13  N
 1.768034480  13  12  13  N
 1.788152743  13  11  13  N
 1.800455421  13  10  13  N
 1.815983311  13  9  13  N
 1.854978588  13  8  13  N
 1.874770895  13  7  13  N
 1.908117047  13  6  13  N
 1.953060037  13  5  13  N
 1.977253154  13  4  13  N
 2.015035708  13  3  13  N
 2.044600368  13  2  13  N
 2.088982277  13  1  13  N
 2.138966207  13  0  13  N
 2.155715629  13  14  13  N
 2.198423890  13  13  13  N
 2.236903179  13  12  13  N
 2.278078229  13  11  13  N
 2.304742453  13  10  13  N
 2.324799568  13  9  13  N
 2.366262795  13  8  13  N
 0.000000000  5  5  5  F
 0.037649915  5  6  5  F
 0.062697797  5  7  5  F
 0.095290440  5  8  5  F
 0.132633668  5  9  5  F
 0.170825906  5  10  5  F
 0.207545678  5  11  5  F
 0.241753382  5  12  5  F
 0.281706646  5  13  5  F
 0.310944698  5  14  5  F
 0.325115622  5  0  5  F
 0.340996249  5  1  5  F
 0.357371734  5  2  5  F
 0.377790881  5  3  5  F
 0.391521698  5  4  5  F
 0.437114533  5  5  5  F
 0.454484366  5  6  5  F
 0.483042796  5  7  5  F
 0.509992257  5  8  5  F
 0.520943159  5  9  5  F
 0.563027041  5  10  5  F
 0.573647828  5  11  5  F
 0.597170984  5  12  5  F
 0.618807652  5  13  5  F
 0.663433581  5  14  5  F
 0.709842417  5  0  5  F
 0.755901175  5  1  5  F
 0.792649281  5  2  5  F
 0.812761358  5  3  5  F
 0.848401554  5  4  5  F
 0.873611173  5  5  5  F
 0.918354707  5  6  5  F
 0.936619329  5  7  5  F
 0.978018505  5  8  5  F
 1.017600799  5  9  5  F
 1.039735193  5  10  5  F
 1.066155313  5  11  5  F
 1.085872340  5  12  5  F
 1.122547623  5  13  5  F
 1.165011653  5  14  5  F
 1.176957984  5  0  5  F
 1.209937670  5  1  5  F
 1.225735858  5  2  5  F
 1.262253057  5  3  5  F
 1.285048795  5  4  5  F
 1.327958773  5  5  5  F
 1.355104436  5  6  5  F
 1.392039688  5  7  5  F
 1.408319509  5  8  5  F
 1.441110318  5  9  5  F
 1.462550899  5  10  5  F
 1.511091463  5  11  5  F
 1.542303197  5  12  5  F
 1.587268338  5  13  5  F
 1.599809838  5  14  5  F
 1.613171816  5  0  5  F
 1.631028176  5  1  5  F
 1.678492986  5  2  5  F
 1.715033664  5  3  5  F
 1.765032168  5  4  5  F
 1.787512294  5  5  5  F
 1.830994636  5  6  5  F
 1.868187370  5  7  5  F
 1.888098817  5  8  5  F
 1.924629460  5  9  5  F
 1.971322521  5  10  5  F
 2.010276172  5  11  5  F
 2.058387447  5  12  5  F
 2.093257432  5  13  5  F
 2.141641245  5  14  5  F
 2.185717149  5  0  5  F
 2.219651780  5  1  5  F
 2.266362275  5  2  5  F
 2.290970083  5  3  5  F
 2.335341867  5  4  5  F
 2.365854954  5  5  5  F
 2.405549010  5  6  5  F
 2.428868562  5  7  5  F
 2.466397731  5  8  5  F
 2.494660299  5  9  5  F
 2.507966331  5  10  5  F
 2.543038616  5  11  5  F
 2.575397770  5  12  5  F
 2.603461306  5  13  5  F
 2.623165866  5  14  5  F
 2.637142900  5  0  5  F
 2.682846075  5  1  5  F
 2.701874109  5  2  5  F
 2.740983816  5  3  5  F
 2.778026804  5  4  5  F
 2.791582862  5  5  5  F
 2.836334937  5  6  5  F
 2.871874121  5  7  5  F
 2.883494076  5  8  5  F
 2.926148000  5  9  5  F
 2.950787098  5  10  5  F
 2.978192617  5  11  5  F
 3.024465545  5  12  5  F
 0.000000000  10  10  10  K
 0.015509707  10  10  11  K
 0.047885542  10  10  12  K
 0.095198133  10  10  13  K
 0.133568338  10  10  14  K
 0.167657551  10  10  0  K
 0.181192292  10  10  1  K
 0.203649509  10  10  2  K
 0.228135305  10  10  3  K
 0.267468559  10  10  4  K
 0.316978283  10  10  5  K
 0.348088052  10  10  6  K
 0.378101583  10  10  7  K
 0.421657280  10  10  8  K
 0.471778963  10  10  9  K
 0.487412924  10  10  10  K
 0.509942119  10  10  11  K
 0.538520309  10  10  12  K
 0.578495512  10  10  13  K
 0.625545339  10  10  14  K
 0.665377467  10  10  0  K
 0.710973422  10  10  1  K
 0.743430447  10  10  2  K
 0.785799639  10  10  3  K
 0.833699165  10  10  4  K
 0.847891804  10  10  5  K
 0.883474288  10  10  6  K
 0.932537782  10  10  7  K
 0.979270802  10  10  8  K
 0.997285700  10  10  9  K
 1.045272736  10  10  10  K
 1.092878756  10  10  11  K
 1.116069721  10  10  12  K
 1.159942372  10  10  13  K
 1.205223151  10  10  14  K
 1.224513552  10  10  0  K
 1.273158457  10  10  1  K
 1.319777032  10  10  2  K
 1.357060763  10  10  3  K
 1.382541095  10  10  4  K
 1.408139237  10  10  5  K
 1.449136437  10  10  6  K
 1.481888363  10  10  7  K
 1.520948080  10  10  8  K
 1.550630536  10  10  9  K
 1.600648036  10  10  10  K
 1.629106048  10  10  11  K
 1.653472858  10  10  12  K
 1.684896609  10  10  13  K
 1.727041234  10  10  14  K
 1.744121813  10  10  0  K
 1.781322343  10  10  1  K
 1.820114428  10  10  2  K
 1.858837288  10  10  3  K
 1.899275941  10  10  4  K
 1.934951074  10  10  5  K
 1.948119686  10  10  6  K
 1.981265527  10  10  7  K
 2.012822397  10  10  8  K
 2.044186159  10  10  9  K
 2.078549634  10  10  10  K
 2.107190331  10  10  11  K
 2.137524818  10  10  12  K
 2.174892851  10  10  13  K
 2.193027944  10  10  14  K
 2.205255727  10  10  0  K
 2.224133917  10  10  1  K
 2.240073154  10  10  2  K
 2.262423335  10  10  3  K
 2.287471228  10  10  4  K
 2.326611549  10  10  5  K
 2.338891900  10  10  6  K
 2.375015891  10  10  7  K
 2.386638854  10  10  8  K
 2.435541647  10  10  9  K
 2.452991834  10  10  10  K
 2.510125388  10  10  11  K
 2.545486482  10  10  12  K
 2.571193257  10  10  13  K
 2.600158432  10  10  14  K
 2.648368984  10  10  0  K
 2.679489521  10  10  1  K
 2.718141158  10  10  2  K
 2.757743268  10  10  3  K
 2.796522209  10  10  4  K
 2.812439377  10  10  5  K
 2.857074738  10  10  6  K
 2.867613057  10  10  7  K
 2.883873699  10  10  8  K
 2.910302932  10  10  9  K
 2.942890803  10  10  10  K
 2.973051514  10  10  11  K
 2.985693433  10  10  12  K
 3.018097789  10  10  13  K
 3.030042562  10  10  14  K
 3.068406005  10  10  0  K
 3.115064536  10  10  1  K
 3.129036514  10  10  2  K
 3.174762556  10  10  3  K
 3.185156834  10  10  4  K
 3.229039290  10  10  5  K
 0.000000000  11  11  11  L
 0.047903746  11  10  11  L
 0.085615525  11  9  11  L
 0.120571559  11  8  11  L
 0.156045562  11  7  11  L
 0.197804810  11  6  11  L
 0.225224634  11  5  11  L
 0.280352506  11  4  11  L
 0.321419366  11  3  11  L
 0.375249875  11  2  11  L
 0.402599938  11  1  11  L
 0.419685872  11  0  11  L
 0.465541279  11  14  11  L
 0.512941909  11  13  11  L
 0.544213408  11  12  11  L
 0.576078586  11  11  11  L
 0.600775471  11  10  11  L
 0.644972653  11  9  11  L
 0.679773270  11  8  11  L
 0.714080463  11  7  11  L
 0.739782698  11  6  11  L
 0.755679425  11  5  11  L
 0.775681587  11  4  11  L
 0.808037970  11  3  11  L
 0.820600045  11  2  11  L
 0.851623120  11  1  11  L
 0.872990621  11  0  11  L
 0.903414541  11  14  11  L
 0.931519012  11  13  11  L
 0.973049615  11  12  11  L
 0.997285688  11  11  11  L
 1.042675978  11  10  11  L
 1.085320393  11  9  11  L
 1.137944032  11  8  11  L
 1.167411640  11  7  11  L
 1.213560612  11  6  11  L
 1.246430810  11  5  11  L
 1.285308111  11  4  11  L
 1.300506652  11  3  11  L
 1.311898107  11  2  11  L
 1.352663428  11  1  11  L
 1.376512490  11  0  11  L
 1.422295309  11  14  11  L
 1.468228795  11  13  11  L
 1.509997116  11  12  11  L
 1.525811714  11  11  11  L
 1.539194791  11  10  11  L
 1.577086220  11  9  11  L
 1.618727047  11  8  11  L
 1.650553528  11  7  11  L
 1.664816637  11  6  11  L
 1.680638094  11  5  11  L
 1.709041309  11  4  11  L
 1.745104728  11  3  11  L
 1.765976318  11  2  11  L
 1.811645250  11  1  11  L
 1.850267003  11  0  11  L
 1.868537474  11  14  11  L
 1.905046461  11  13  11  L
 1.953941119  11  12  11  L
 1.992187022  11  11  11  L
 2.041220782  11  10  11  L
 2.080658303  11  9  11  L
 2.100813644  11  8  11  L
 2.141136537  11  7  11  L
 2.177528064  11  6  11  L
 2.189024399  11  5  11  L
 2.208540573  11  4  11  L
 2.247901596  11  3  11  L
 2.283678709  11  2  11  L
 2.302491030  11  1  11  L
 2.323630003  11  0  11  L
 2.354609225  11  14  11  L
 2.387202459  11  13  11  L
 2.408995244  11  12  11  L
 2.424686275  11  11  11  L
 2.459966533  11  10  11  L
 2.510038219  11  9  11  L
 2.522258485  11  8  11  L
 2.538778555  11  7  11  L
 2.555980376  11  6  11  L
 2.567557668  11  5  11  L
 2.612559154  11  4  11  L
 2.644533407  11  3  11  L
 2.693143385  11  2  11  L
 2.727804540  11  1  11  L
 2.768190496  11  0  11  L
 2.814863780  11  14  11  L
 2.847759206  11  13  11  L
 2.863837638  11  12  11  L
 2.904123081  11  11  11  L
 2.940958405  11  10  11  L
 2.972955321  11  9  11  L
 3.008381500  11  8  11  L
 3.055101806  11  7  11  L
 3.082523455  11  6  11  L
 3.108864232  11  5  11  L
 3.149304048  11  4  11  L
 3.195076518  11  3  11  L
 3.205681718  11  2  11  L
 3.232879482  11  1  11  L
