 0.005714977  12  12  0  M
 0.027998373  12  12  1  M
 0.027999363  12  12  2  M
 0.040350671  12  12  3  M
 0.040351705  12  12  0  M
 0.084143350  12  12  1  M
 0.084144352  12  12  2  M
 0.129046098  12  12  3  M
 0.129047109  12  12  0  M
 0.159378741  12  12  1  M
 0.159379714  12  12  2  M
 0.182623115  12  12  3  M
 0.182624120  12  12  0  M
 0.197014830  12  12  1  M
 0.197015838  12  12  2  M
 0.207492926  12  12  3  M
 0.207493934  12  12  0  M
 0.236578596  12  12  1  M
 0.236579594  12  12  2  M
 0.258682706  12  12  3  M
 0.258683710  12  12  0  M
 0.274998530  12  12  1  M
 0.274998755  12  12  2  M
 0.301126356  12  12  3  M
 0.301126898  12  12  0  M
 0.325451532  12  12  1  M
 0.325452536  12  12  2  M
 0.356745312  12  12  3  M
 0.356746330  12  12  0  M
 0.394331268  12  12  1  M
 0.394332603  12  12  2  M
 0.419815652  12  12  3  M
 0.419816655  12  12  0  M
 0.459881827  12  12  1  M
 0.459883116  12  12  2  M
 0.491696285  12  12  3  M
 0.491697357  12  12  0  M
 0.527881171  12  12  1  M
 0.527882177  12  12  2  M
 0.560617269  12  12  3  M
 0.560618257  12  12  0  M
 0.606599117  12  12  1  M
 0.606599432  12  12  2  M
 0.627293514  12  12  3  M
 0.627293833  12  12  0  M
 0.644059165  12  12  1  M
 0.644059503  12  12  2  M
 0.693290711  12  12  3  M
 0.693292400  12  12  0  M
 0.714302083  12  12  1  M
 0.714303322  12  12  2  M
 0.745744578  12  12  3  M
 0.745745612  12  12  0  M
 0.005548693  10  10  0  K
 0.029017249  10  10  1  K
 0.029018328  10  10  2  K
 0.051368764  10  10  3  K
 0.051369848  10  10  0  K
 0.090187926  10  10  1  K
 0.090189028  10  10  2  K
 0.126854574  10  10  3  K
 0.126855595  10  10  0  K
 0.160884193  10  10  1  K
 0.160885304  10  10  2  K
 0.189987954  10  10  3  K
 0.189989028  10  10  0  K
 0.237264951  10  10  1  K
 0.237266308  10  10  2  K
 0.263299265  10  10  3  K
 0.263300292  10  10  0  K
 0.285436416  10  10  1  K
 0.285436696  10  10  2  K
 0.309239508  10  10  3  K
 0.309240065  10  10  0  K
 0.329029033  10  10  1  K
 0.329030043  10  10  2  K
 0.363991964  10  10  3  K
 0.363992981  10  10  0  K
 0.402613831  10  10  1  K
 0.402614868  10  10  2  K
 0.427407087  10  10  3  K
 0.427408126  10  10  0  K
 0.440509145  10  10  1  K
 0.440510160  10  10  2  K
 0.487773989  10  10  3  K
 0.487775119  10  10  0  K
 0.520924025  10  10  1  K
 0.520925041  10  10  2  K
 0.564911756  10  10  3  K
 0.564912783  10  10  0  K
 0.599772155  10  10  1  K
 0.599772418  10  10  2  K
 0.637759856  10  10  3  K
 0.637760147  10  10  0  K
 0.680214009  10  10  1  K
 0.680246664  10  10  2  K
 0.707066253  10  10  3  K
 0.707067353  10  10  0  K
 0.733894235  10  10  1  K
 0.733895251  10  10  2  K
 0.777710070  10  10  3  K
 0.777711093  10  10  0  K
 0.005845332  13  13  0  N
 0.020481335  13  13  1  N
 0.020482472  13  13  2  N
 0.052528253  13  13  3  N
 0.052529325  13  13  0  N
 0.064718233  13  13  1  N
 0.064719308  13  13  2  N
 0.088190028  13  13  3  N
 0.088191098  13  13  0  N
 0.127048842  13  13  1  N
 0.127049460  13  13  2  N
 0.140209886  13  13  3  N
 0.140210352  13  13  0  N
 0.184302052  13  13  1  N
 0.184303133  13  13  2  N
 0.216009988  13  13  3  N
 0.216011014  13  13  0  N
 0.245327603  13  13  1  N
 0.245328684  13  13  2  N
 0.256888096  13  13  3  N
 0.256889119  13  13  0  N
 0.291644729  13  13  1  N
 0.291645054  13  13  2  N
 0.334821187  13  13  3  N
 0.334822280  13  13  0  N
 0.363134080  13  13  1  N
 0.363135099  13  13  2  N
 0.396803338  13  13  3  N
 0.396804367  13  13  0  N
 0.421257434  13  13  1  N
 0.421258507  13  13  2  N
 0.448965949  13  13  3  N
 0.448966965  13  13  0  N
 0.487322026  13  13  1  N
 0.487323101  13  13  2  N
 0.514006227  13  13  3  N
 0.514007234  13  13  0  N
 0.561995566  13  13  1  N
 0.561996173  13  13  2  N
 0.610821579  13  13  3  N
 0.610822025  13  13  0  N
 0.650712661  13  13  1  N
 0.650712879  13  13  2  N
 0.691712254  13  13  3  N
 0.691713531  13  13  0  N
 0.731388295  13  13  1  N
 0.731389370  13  13  2  N
 0.745817593  13  13  3  N
 0.745818880  13  13  0  N
 0.762588614  13  13  1  N
 0.762589648  13  13  2  N
 0.778380888  13  13  3  N
 0.778381932  13  13  0  N
 0.792889540  13  13  1  N
 0.792890569  13  13  2  N
 0.819179884  13  13  3  N
 0.819180439  13  13  0  N
 0.856523319  13  13  1  N
 0.856524342  13  13  2  N
 0.867109065  13  13  3  N
 0.867110128  13  13  0  N
 0.004629575  1  1  0  B
 0.041324692  1  1  1  B
 0.041325680  1  1  2  B
 0.052717141  1  1  3  B
 0.052718155  1  1  0  B
 0.073061878  1  1  1  B
 0.073063487  1  1  2  B
 0.118903614  1  1  3  B
 0.118904648  1  1  0  B
 0.154781560  1  1  1  B
 0.154782604  1  1  2  B
 0.181720292  1  1  3  B
 0.181721325  1  1  0  B
 0.217105535  1  1  1  B
 0.217106564  1  1  2  B
 0.254952864  1  1  3  B
 0.254953869  1  1  0  B
 0.297249193  1  1  1  B
 0.297249636  1  1  2  B
 0.330609892  1  1  3  B
 0.330610899  1  1  0  B
 0.368880176  1  1  1  B
 0.368881203  1  1  2  B
 0.393409464  1  1  3  B
 0.393410469  1  1  0  B
 0.435791738  1  1  1  B
 0.435792761  1  1  2  B
 0.482090187  1  1  3  B
 0.482090774  1  1  0  B
 0.499903876  1  1  1  B
 0.499904910  1  1  2  B
 0.536780597  1  1  3  B
 0.536781639  1  1  0  B
 0.581605133  1  1  1  B
 0.581605740  1  1  2  B
 0.625143688  1  1  3  B
 0.625143950  1  1  0  B
 0.659569701  1  1  1  B
 0.659570310  1  1  2  B
 0.694555855  1  1  3  B
 0.694557174  1  1  0  B
 0.723645342  1  1  1  B
 0.723646373  1  1  2  B
 0.770016654  1  1  3  B
 0.770017691  1  1  0  B
 0.798674171  1  1  1  B
 0.798675177  1  1  2  B
 0.836347504  1  1  3  B
 0.836348516  1  1  0  B
 0.853046173  1  1  1  B
 0.853047176  1  1  2  B
 0.888864810  1  1  3  B
 0.888865853  1  1  0  B
 0.914645449  1  1  1  B
 0.914646455  1  1  2  B
 0.931518072  1  1  3  B
 0.931519082  1  1  0  B
 0.960077895  1  1  1  B
 0.960078894  1  1  2  B
 0.972749523  1  1  3  B
 0.972750570  1  1  0  B
 0.004818269  2  2  0  C
 0.053805590  2  2  1  C
 0.053806660  2  2  2  C
 0.075551884  2  2  3  C
 0.075552935  2  2  0  C
 0.118563120  2  2  1  C
 0.118564199  2  2  2  C
 0.140055361  2  2  3  C
 0.140056444  2  2  0  C
 0.180987108  2  2  1  C
 0.180988185  2  2  2  C
 0.194102744  2  2  3  C
 0.194103841  2  2  0  C
 0.221774922  2  2  1  C
 0.221775936  2  2  2  C
 0.244703268  2  2  3  C
 0.244704280  2  2  0  C
 0.290647291  2  2  1  C
 0.290647608  2  2  2  C
 0.316883462  2  2  3  C
 0.316884536  2  2  0  C
 0.341461116  2  2  1  C
 0.341462125  2  2  2  C
 0.378132531  2  2  3  C
 0.378133615  2  2  0  C
 0.408172070  2  2  1  C
 0.408173108  2  2  2  C
 0.443923576  2  2  3  C
 0.443924603  2  2  0  C
 0.484339900  2  2  1  C
 0.484340948  2  2  2  C
 0.513331911  2  2  3  C
 0.513332927  2  2  0  C
 0.533750265  2  2  1  C
 0.533751353  2  2  2  C
 0.564243151  2  2  3  C
 0.564244376  2  2  0  C
 0.601659354  2  2  1  C
 0.601659617  2  2  2  C
 0.630738862  2  2  3  C
 0.630739127  2  2  0  C
 0.671349040  2  2  1  C
 0.671350400  2  2  2  C
 0.684969219  2  2  3  C
 0.684970230  2  2  0  C
 0.723956738  2  2  1  C
 0.723957728  2  2  2  C
 0.767067135  2  2  3  C
 0.767068209  2  2  0  C
 0.784841742  2  2  1  C
 0.784842768  2  2  2  C
 0.820915548  2  2  3  C
 0.820916878  2  2  0  C
 0.834787664  2  2  1  C
 0.834788867  2  2  2  C
 0.845258739  2  2  3  C
 0.845259836  2  2  0  C
 0.867169791  2  2  1  C
 0.867171122  2  2  2  C
 0.910446763  2  2  3  C
 0.910447780  2  2  0  C
 0.939153959  2  2  1  C
 0.939154965  2  2  2  C
 0.988120458  2  2  3  C
 0.988121468  2  2  0  C
 1.035334625  2  2  1  C
 1.035335602  2  2  2  C
 1.051797419  2  2  3  C
 1.051798425  2  2  0  C
 0.004990636  4  4  0  E
 0.046112194  4  4  1  E
 0.046113222  4  4  2  E
 0.069295524  4  4  3  E
 0.069296651  4  4  0  E
 0.101959135  4  4  1  E
 0.101960153  4  4  2  E
 0.141011034  4  4  3  E
 0.141012047  4  4  0  E
 0.151944900  4  4  1  E
 0.151945979  4  4  2  E
 0.198441735  4  4  3  E
 0.198442764  4  4  0  E
 0.232069640  4  4  1  E
 0.232070808  4  4  2  E
 0.281152256  4  4  3  E
 0.281152509  4  4  0  E
 0.314494322  4  4  1  E
 0.314495067  4  4  2  E
 0.343314682  4  4  3  E
 0.343315794  4  4  0  E
 0.385850814  4  4  1  E
 0.385851898  4  4  2  E
 0.412803670  4  4  3  E
 0.412804746  4  4  0  E
 0.432280683  4  4  1  E
 0.432281966  4  4  2  E
 0.476406588  4  4  3  E
 0.476407612  4  4  0  E
 0.504022318  4  4  1  E
 0.504023407  4  4  2  E
 0.538193658  4  4  3  E
 0.538194670  4  4  0  E
 0.559785124  4  4  1  E
 0.559786152  4  4  2  E
 0.579803737  4  4  3  E
 0.579804134  4  4  0  E
 0.594855593  4  4  1  E
 0.594856849  4  4  2  E
 0.610236897  4  4  3  E
 0.610237802  4  4  0  E
 0.654615271  4  4  1  E
 0.654615740  4  4  2  E
 0.702428637  4  4  3  E
 0.702429694  4  4  0  E
 0.714380187  4  4  1  E
 0.714381280  4  4  2  E
 0.738821916  4  4  3  E
 0.738823022  4  4  0  E
 0.773663945  4  4  1  E
 0.773665025  4  4  2  E
 0.818929591  4  4  3  E
 0.818930661  4  4  0  E
 0.852578217  4  4  1  E
 0.852579273  4  4  2  E
 0.890329672  4  4  3  E
 0.890330722  4  4  0  E
 0.930998188  4  4  1  E
 0.930999266  4  4  2  E
 0.970667071  4  4  3  E
 0.970668143  4  4  0  E
 0.998974285  4  4  1  E
 0.998975362  4  4  2  E
 1.030779423  4  4  3  E
 1.030780503  4  4  0  E
 1.044520714  4  4  1  E
 1.044521743  4  4  2  E
 1.065185108  4  4  3  E
 1.065186208  4  4  0  E
 1.097887336  4  4  1  E
 1.097887625  4  4  2  E
 1.123651827  4  4  3  E
 1.123652299  4  4  0  E
 0.005119594  5  5  0  F
 0.020212745  5  5  1  F
 0.020233192  5  5  2  F
 0.070026598  5  5  3  F
 0.070027640  5  5  0  F
 0.084849739  5  5  1  F
 0.084850800  5  5  2  F
 0.113935612  5  5  3  F
 0.113936616  5  5  0  F
 0.142075908  5  5  1  F
 0.142076920  5  5  2  F
 0.166782038  5  5  3  F
 0.166783086  5  5  0  F
 0.185359286  5  5  1  F
 0.185360308  5  5  2  F
 0.201910382  5  5  3  F
 0.201911418  5  5  0  F
 0.242335996  5  5  1  F
 0.242337002  5  5  2  F
 0.274273380  5  5  3  F
 0.274273579  5  5  0  F
 0.288274189  5  5  1  F
 0.288274462  5  5  2  F
 0.319563504  5  5  3  F
 0.319564582  5  5  0  F
 0.349778111  5  5  1  F
 0.349779152  5  5  2  F
 0.391700850  5  5  3  F
 0.391701864  5  5  0  F
 0.427675258  5  5  1  F
 0.427676255  5  5  2  F
 0.452046199  5  5  3  F
 0.452047199  5  5  0  F
 0.499338180  5  5  1  F
 0.499339178  5  5  2  F
 0.548684070  5  5  3  F
 0.548685063  5  5  0  F
 0.566329535  5  5  1  F
 0.566330552  5  5  2  F
 0.589833107  5  5  3  F
 0.589834308  5  5  0  F
 0.603277972  5  5  1  F
 0.603278340  5  5  2  F
 0.617055380  5  5  3  F
 0.617055635  5  5  0  F
 0.629128595  5  5  1  F
 0.629128910  5  5  2  F
 0.657682554  5  5  3  F
 0.657683124  5  5  0  F
 0.687895009  5  5  1  F
 0.687896024  5  5  2  F
 0.727261572  5  5  3  F
 0.727262615  5  5  0  F
 0.756354074  5  5  1  F
 0.756355077  5  5  2  F
 0.788658750  5  5  3  F
 0.788659795  5  5  0  F
 0.820136972  5  5  1  F
 0.820137951  5  5  2  F
 0.839212538  5  5  3  F
 0.839213531  5  5  0  F
 0.875086609  5  5  1  F
 0.875087793  5  5  2  F
 0.897703272  5  5  3  F
 0.897704290  5  5  0  F
 0.935505665  5  5  1  F
 0.935506669  5  5  2  F
 0.966469395  5  5  3  F
 0.966470416  5  5  0  F
 1.012290735  5  5  1  F
 1.012291729  5  5  2  F
 1.022825400  5  5  3  F
 1.022826410  5  5  0  F
 1.051088327  5  5  1  F
 1.051089323  5  5  2  F
 1.096881519  5  5  3  F
 1.096881932  5  5  0  F
 1.132846712  5  5  1  F
 1.132847472  5  5  2  F
 1.164373032  5  5  3  F
 1.164374436  5  5  0  F
 0.005492468  9  9  0  J
 0.055156634  9  9  1  J
 0.055157612  9  9  2  J
 0.096122130  9  9  3  J
 0.096123419  9  9  0  J
 0.132671419  9  9  1  J
 0.132672427  9  9  2  J
 0.172322879  9  9  3  J
 0.172323909  9  9  0  J
 0.214196349  9  9  1  J
 0.214197357  9  9  2  J
 0.263743497  9  9  3  J
 0.263744477  9  9  0  J
 0.310041049  9  9  1  J
 0.310041722  9  9  2  J
 0.325303949  9  9  3  J
 0.325304924  9  9  0  J
 0.342065466  9  9  1  J
 0.342066456  9  9  2  J
 0.376787327  9  9  3  J
 0.376788313  9  9  0  J
 0.388427333  9  9  1  J
 0.388428628  9  9  2  J
 0.405429882  9  9  3  J
 0.405430840  9  9  0  J
 0.433386324  9  9  1  J
 0.433387297  9  9  2  J
 0.478682609  9  9  3  J
 0.478683603  9  9  0  J
 0.497192030  9  9  1  J
 0.497193017  9  9  2  J
 0.512915347  9  9  3  J
 0.512916326  9  9  0  J
 0.561096241  9  9  1  J
 0.561097574  9  9  2  J
 0.575558602  9  9  3  J
 0.575559707  9  9  0  J
 0.604719791  9  9  1  J
 0.604720050  9  9  2  J
 0.624821839  9  9  3  J
 0.624822100  9  9  0  J
 0.659572092  9  9  1  J
 0.659572838  9  9  2  J
 0.696212163  9  9  3  J
 0.696213172  9  9  0  J
 0.738879760  9  9  1  J
 0.738880748  9  9  2  J
 0.750759340  9  9  3  J
 0.750760327  9  9  0  J
 0.777437814  9  9  1  J
 0.777438793  9  9  2  J
 0.818955222  9  9  3  J
 0.818956497  9  9  0  J
 0.848239621  9  9  1  J
 0.848240592  9  9  2  J
 0.860399166  9  9  3  J
 0.860400145  9  9  0  J
 0.896434778  9  9  1  J
 0.896435772  9  9  2  J
 0.923920746  9  9  3  J
 0.923921852  9  9  0  J
 0.955862411  9  9  1  J
 0.955863388  9  9  2  J
 0.999513163  9  9  3  J
 0.999514148  9  9  0  J
 1.027256639  9  9  1  J
 1.027257914  9  9  2  J
 1.044178893  9  9  3  J
 1.044179875  9  9  0  J
 1.092142917  9  9  1  J
 1.092144314  9  9  2  J
 1.126626702  9  9  3  J
 1.126627274  9  9  0  J
 1.151131295  9  9  1  J
 1.151132258  9  9  2  J
 1.179298078  9  9  3  J
 1.179299265  9  9  0  J
 0.004528046  0  0  0  A
 0.046129356  0  0  1  A
 0.046130730  0  0  2  A
 0.061415957  0  0  3  A
 0.061416981  0  0  0  A
 0.093355016  0  0  1  A
 0.093356017  0  0  2  A
 0.124258033  0  0  3  A
 0.124259358  0  0  0  A
 0.143945389  0  0  1  A
 0.143946465  0  0  2  A
 0.190052328  0  0  3  A
 0.190052862  0  0  0  A
 0.208445284  0  0  1  A
 0.208446326  0  0  2  A
 0.223620541  0  0  3  A
 0.223621568  0  0  0  A
 0.248985966  0  0  1  A
 0.248987038  0  0  2  A
 0.283032333  0  0  3  A
 0.283032583  0  0  0  A
 0.321512829  0  0  1  A
 0.321513916  0  0  2  A
 0.347638032  0  0  3  A
 0.347639043  0  0  0  A
 0.358371828  0  0  1  A
 0.358372916  0  0  2  A
 0.383032699  0  0  3  A
 0.383033827  0  0  0  A
 0.432332744  0  0  1  A
 0.432333233  0  0  2  A
 0.462518699  0  0  3  A
 0.462519994  0  0  0  A
 0.508296044  0  0  1  A
 0.508297051  0  0  2  A
 0.524628816  0  0  3  A
 0.524629889  0  0  0  A
 0.549113478  0  0  1  A
 0.549114535  0  0  2  A
 0.561643107  0  0  3  A
 0.561644146  0  0  0  A
 0.583082081  0  0  1  A
 0.583082377  0  0  2  A
 0.629687363  0  0  3  A
 0.629687629  0  0  0  A
 0.643600906  0  0  1  A
 0.643601307  0  0  2  A
 0.688558883  0  0  3  A
 0.688559986  0  0  0  A
 0.703301055  0  0  1  A
 0.703302125  0  0  2  A
 0.730708581  0  0  3  A
 0.730709630  0  0  0  A
 0.769243642  0  0  1  A
 0.769244715  0  0  2  A
 0.793373701  0  0  3  A
 0.793374753  0  0  0  A
 0.839628960  0  0  1  A
 0.839630031  0  0  2  A
 0.882426891  0  0  3  A
 0.882427915  0  0  0  A
 0.898338082  0  0  1  A
 0.898339155  0  0  2  A
 0.922947819  0  0  3  A
 0.922948846  0  0  0  A
 0.941844588  0  0  1  A
 0.941845663  0  0  2  A
 0.963546621  0  0  3  A
 0.963547684  0  0  0  A
 1.008834326  0  0  1  A
 1.008835387  0  0  2  A
 1.029721784  0  0  3  A
 1.029722870  0  0  0  A
 1.064852574  0  0  1  A
 1.064853655  0  0  2  A
 1.080062916  0  0  3  A
 1.080063966  0  0  0  A
 1.105731961  0  0  1  A
 1.105732267  0  0  2  A
 1.129334077  0  0  3  A
 1.129334666  0  0  0  A
 1.165804783  0  0  1  A
 1.165806131  0  0  2  A
 1.179647021  0  0  3  A
 1.179648131  0  0  0  A
 0.005968949  14  14  0  O
 0.050135616  14  14  1  O
 0.050136597  14  14  2  O
 0.098999942  14  14  3  O
 0.099000925  14  14  0  O
 0.148326078  14  14  1  O
 0.148327098  14  14  2  O
 0.173262247  14  14  3  O
 0.173263240  14  14  0  O
 0.194929896  14  14  1  O
 0.194930882  14  14  2  O
 0.222864946  14  14  3  O
 0.222865936  14  14  0  O
 0.261066685  14  14  1  O
 0.261067698  14  14  2  O
 0.295341505  14  14  3  O
 0.295341870  14  14  0  O
 0.331669562  14  14  1  O
 0.331670564  14  14  2  O
 0.372260818  14  14  3  O
 0.372262203  14  14  0  O
 0.410307073  14  14  1  O
 0.410308073  14  14  2  O
 0.450920233  14  14  3  O
 0.450921241  14  14  0  O
 0.495349964  14  14  1  O
 0.495350978  14  14  2  O
 0.540476960  14  14  3  O
 0.540477938  14  14  0  O
 0.575045707  14  14  1  O
 0.575047702  14  14  2  O
 0.595595169  14  14  3  O
 0.595595484  14  14  0  O
 0.638491403  14  14  1  O
 0.638491699  14  14  2  O
 0.658046826  14  14  3  O
 0.658047406  14  14  0  O
 0.707592010  14  14  1  O
 0.707593030  14  14  2  O
 0.746142006  14  14  3  O
 0.746143337  14  14  0  O
 0.783678818  14  14  1  O
 0.783679822  14  14  2  O
 0.801747590  14  14  3  O
 0.801748627  14  14  0  O
 0.822263962  14  14  1  O
 0.822265466  14  14  2  O
 0.863151306  14  14  3  O
 0.863152358  14  14  0  O
 0.908557105  14  14  1  O
 0.908558152  14  14  2  O
 0.958183290  14  14  3  O
 0.958184301  14  14  0  O
 0.989700441  14  14  1  O
 0.989701092  14  14  2  O
 1.032344850  14  14  3  O
 1.032345862  14  14  0  O
 1.050341079  14  14  1  O
 1.050342127  14  14  2  O
 1.061278000  14  14  3  O
 1.061280123  14  14  0  O
 1.106159145  14  14  1  O
 1.106159427  14  14  2  O
 1.126093404  14  14  3  O
 1.126093983  14  14  0  O
 1.174989956  14  14  1  O
 1.174991002  14  14  2  O
 1.216399035  14  14  3  O
 1.216399281  14  14  0  O
 0.005285052  7  7  0  H
 0.029615122  7  7  1  H
 0.029616119  7  7  2  H
 0.057311110  7  7  3  H
 0.057312100  7  7  0  H
 0.085340794  7  7  1  H
 0.085341794  7  7  2  H
 0.124258007  7  7  3  H
 0.124259324  7  7  0  H
 0.143213001  7  7  1  H
 0.143214025  7  7  2  H
 0.182481315  7  7  3  H
 0.182482361  7  7  0  H
 0.227498591  7  7  1  H
 0.227499585  7  7  2  H
 0.275446851  7  7  3  H
 0.275447081  7  7  0  H
 0.307810618  7  7  1  H
 0.307811161  7  7  2  H
 0.342873073  7  7  3  H
 0.342874384  7  7  0  H
 0.356962381  7  7  1  H
 0.356963409  7  7  2  H
 0.367205412  7  7  3  H
 0.367206421  7  7  0  H
 0.401129594  7  7  1  H
 0.401130618  7  7  2  H
 0.438289164  7  7  3  H
 0.438290208  7  7  0  H
 0.464195740  7  7  1  H
 0.464197121  7  7  2  H
 0.480407867  7  7  3  H
 0.480408928  7  7  0  H
 0.500598325  7  7  1  H
 0.500599383  7  7  2  H
 0.543886663  7  7  3  H
 0.543887670  7  7  0  H
 0.592014338  7  7  1  H
 0.592014782  7  7  2  H
 0.618750180  7  7  3  H
 0.618750443  7  7  0  H
 0.658367131  7  7  1  H
 0.658367726  7  7  2  H
 0.702248095  7  7  3  H
 0.702249098  7  7  0  H
 0.730021857  7  7  1  H
 0.730022865  7  7  2  H
 0.774105270  7  7  3  H
 0.774106274  7  7  0  H
 0.824264731  7  7  1  H
 0.824265817  7  7  2  H
 0.843831576  7  7  3  H
 0.843832585  7  7  0  H
 0.878738754  7  7  1  H
 0.878739777  7  7  2  H
 0.894412982  7  7  3  H
 0.894413997  7  7  0  H
 0.917294506  7  7  1  H
 0.917295542  7  7  2  H
 0.935244380  7  7  3  H
 0.935245809  7  7  0  H
 0.967703247  7  7  1  H
 0.967704286  7  7  2  H
 0.989446915  7  7  3  H
 0.989447960  7  7  0  H
 1.036846466  7  7  1  H
 1.036847469  7  7  2  H
 1.051581244  7  7  3  H
 1.051582238  7  7  0  H
 1.100302101  7  7  1  H
 1.100303096  7  7  2  H
 1.121137427  7  7  3  H
 1.121137897  7  7  0  H
 1.145123330  7  7  1  H
 1.145124345  7  7  2  H
 1.175537899  7  7  3  H
 1.175538948  7  7  0  H
 1.208159136  7  7  1  H
 1.208160089  7  7  2  H
 1.228902812  7  7  3  H
 1.228903259  7  7  0  H
 1.251233456  7  7  1  H
 1.251233689  7  7  2  H
 1.292047969  7  7  3  H
 1.292048203  7  7  0  H
 1.316193340  7  7  1  H
 1.316193567  7  7  2  H
 1.336825689  7  7  3  H
 1.336825917  7  7  0  H
 1.350012192  7  7  1  H
 1.350013090  7  7  2  H
 1.372653007  7  7  3  H
 1.372653492  7  7  0  H
 0.005203323  6  6  0  G
 0.046872165  6  6  1  G
 0.046873191  6  6  2  G
 0.075499058  6  6  3  G
 0.075500085  6  6  0  G
 0.089333498  6  6  1  G
 0.089334529  6  6  2  G
 0.132308063  6  6  3  G
 0.132309538  6  6  0  G
 0.168001236  6  6  1  G
 0.168002266  6  6  2  G
 0.194076847  6  6  3  G
 0.194078101  6  6  0  G
 0.237246609  6  6  1  G
 0.237247900  6  6  2  G
 0.286506991  6  6  3  G
 0.286507288  6  6  0  G
 0.297980361  6  6  1  G
 0.297980724  6  6  2  G
 0.342873080  6  6  3  G
 0.342874406  6  6  0  G
 0.388933815  6  6  1  G
 0.388935143  6  6  2  G
 0.404486031  6  6  3  G
 0.404487080  6  6  0  G
 0.433874247  6  6  1  G
 0.433875293  6  6  2  G
 0.462337586  6  6  3  G
 0.462338660  6  6  0  G
 0.499363130  6  6  1  G
 0.499364434  6  6  2  G
 0.511668779  6  6  3  G
 0.511669798  6  6  0  G
 0.549258329  6  6  1  G
 0.549259345  6  6  2  G
 0.579467063  6  6  3  G
 0.579468135  6  6  0  G
 0.613322188  6  6  1  G
 0.613322441  6  6  2  G
 0.626135267  6  6  3  G
 0.626135528  6  6  0  G
 0.646639794  6  6  1  G
 0.646640191  6  6  2  G
 0.676552275  6  6  3  G
 0.676553288  6  6  0  G
 0.701573425  6  6  1  G
 0.701574460  6  6  2  G
 0.748260290  6  6  3  G
 0.748261545  6  6  0  G
 0.761674643  6  6  1  G
 0.761675692  6  6  2  G
 0.801955368  6  6  3  G
 0.801955653  6  6  0  G
 0.841389401  6  6  1  G
 0.841390666  6  6  2  G
 0.870684600  6  6  3  G
 0.870685594  6  6  0  G
 0.889965722  6  6  1  G
 0.889966769  6  6  2  G
 0.915283131  6  6  3  G
 0.915284219  6  6  0  G
 0.942899108  6  6  1  G
 0.942900127  6  6  2  G
 0.975956791  6  6  3  G
 0.975957884  6  6  0  G
 1.001535058  6  6  1  G
 1.001536084  6  6  2  G
 1.044559056  6  6  3  G
 1.044560324  6  6  0  G
 1.061428271  6  6  1  G
 1.061428768  6  6  2  G
 1.083522967  6  6  3  G
 1.083523997  6  6  0  G
 1.097408107  6  6  1  G
 1.097408342  6  6  2  G
 1.146040031  6  6  3  G
 1.146041058  6  6  0  G
 1.169297207  6  6  1  G
 1.169298498  6  6  2  G
 1.200540326  6  6  3  G
 1.200541421  6  6  0  G
 1.241415417  6  6  1  G
 1.241415648  6  6  2  G
 1.260225602  6  6  3  G
 1.260225955  6  6  0  G
 1.296342118  6  6  1  G
 1.296342351  6  6  2  G
 1.336477479  6  6  3  G
 1.336477708  6  6  0  G
 1.367137082  6  6  1  G
 1.367138052  6  6  2  G
 1.397554550  6  6  3  G
 1.397556447  6  6  0  G
 0.005600464  11  11  0  L
 0.032482355  11  11  1  L
 0.032483348  11  11  2  L
 0.075741193  11  11  3  L
 0.075742193  11  11  0  L
 0.120181213  11  11  1  L
 0.120182189  11  11  2  L
 0.159928180  11  11  3  L
 0.159929163  11  11  0  L
 0.199378800  11  11  1  L
 0.199379788  11  11  2  L
 0.224813741  11  11  3  L
 0.224814729  11  11  0  L
 0.237727032  11  11  1  L
 0.237728011  11  11  2  L
 0.256020301  11  11  3  L
 0.256021318  11  11  0  L
 0.278172804  11  11  1  L
 0.278173026  11  11  2  L
 0.326499681  11  11  3  L
 0.326500675  11  11  0  L
 0.339896866  11  11  1  L
 0.339897869  11  11  2  L
 0.379326331  11  11  3  L
 0.379327346  11  11  0  L
 0.420983906  11  11  1  L
 0.420984916  11  11  2  L
 0.451157328  11  11  3  L
 0.451157614  11  11  0  L
 0.498072011  11  11  1  L
 0.498073011  11  11  2  L
 0.531691710  11  11  3  L
 0.531692753  11  11  0  L
 0.562113062  11  11  1  L
 0.562114062  11  11  2  L
 0.583014299  11  11  3  L
 0.583014762  11  11  0  L
 0.601057902  11  11  1  L
 0.601058162  11  11  2  L
 0.643611379  11  11  3  L
 0.643611719  11  11  0  L
 0.665337102  11  11  1  L
 0.665338413  11  11  2  L
 0.681551650  11  11  3  L
 0.681552647  11  11  0  L
 0.725516955  11  11  1  L
 0.725518077  11  11  2  L
 0.765858570  11  11  3  L
 0.765859561  11  11  0  L
 0.813179961  11  11  1  L
 0.813180962  11  11  2  L
 0.856131688  11  11  3  L
 0.856132694  11  11  0  L
 0.892433113  11  11  1  L
 0.892434097  11  11  2  L
 0.934133887  11  11  3  L
 0.934134891  11  11  0  L
 0.975936475  11  11  1  L
 0.975937668  11  11  2  L
 0.998443057  11  11  3  L
 0.998444071  11  11  0  L
 1.046145583  11  11  1  L
 1.046146597  11  11  2  L
 1.063643750  11  11  3  L
 1.063644746  11  11  0  L
 1.074100243  11  11  1  L
 1.074101234  11  11  2  L
 1.117063318  11  11  3  L
 1.117063706  11  11  0  L
 1.133751189  11  11  1  L
 1.133751977  11  11  2  L
 1.183170085  11  11  3  L
 1.183171324  11  11  0  L
 1.213501599  11  11  1  L
 1.213501860  11  11  2  L
 1.239154574  11  11  3  L
 1.239154812  11  11  0  L
 1.251025257  11  11  1  L
 1.251025499  11  11  2  L
 1.287269665  11  11  3  L
 1.287270319  11  11  0  L
 1.311001800  11  11  1  L
 1.311003236  11  11  2  L
 1.328376255  11  11  3  L
 1.328376490  11  11  0  L
 1.342430412  11  11  1  L
 1.342430702  11  11  2  L
 1.368721351  11  11  3  L
 1.368721742  11  11  0  L
 1.379927123  11  11  1  L
 1.379927968  11  11  2  L
 1.427784723  11  11  3  L
 1.427785814  11  11  0  L
 0.005426774  8  8  0  I
 0.055432601  8  8  1  I
 0.055433663  8  8  2  I
 0.087711000  8  8  3  I
 0.087712073  8  8  0  I
 0.111924867  8  8  1  I
 0.111925943  8  8  2  I
 0.144566805  8  8  3  I
 0.144567862  8  8  0  I
 0.184538906  8  8  1  I
 0.184539207  8  8  2  I
 0.233281188  8  8  3  I
 0.233282249  8  8  0  I
 0.271758414  8  8  1  I
 0.271759508  8  8  2  I
 0.315087648  8  8  3  I
 0.315088637  8  8  0  I
 0.357142019  8  8  1  I
 0.357143051  8  8  2  I
 0.389271738  8  8  3  I
 0.389273083  8  8  0  I
 0.438322792  8  8  1  I
 0.438324147  8  8  2  I
 0.487774858  8  8  3  I
 0.487775237  8  8  0  I
 0.532868828  8  8  1  I
 0.532869815  8  8  2  I
 0.557105469  8  8  3  I
 0.557106493  8  8  0  I
 0.605416768  8  8  1  I
 0.605417030  8  8  2  I
 0.650602117  8  8  3  I
 0.650602606  8  8  0  I
 0.679879043  8  8  1  I
 0.679880109  8  8  2  I
 0.712327697  8  8  3  I
 0.712328756  8  8  0  I
 0.746210379  8  8  1  I
 0.746211864  8  8  2  I
 0.760891249  8  8  3  I
 0.760892308  8  8  0  I
 0.791430954  8  8  1  I
 0.791432027  8  8  2  I
 0.841428703  8  8  3  I
 0.841429723  8  8  0  I
 0.889466262  8  8  1  I
 0.889467335  8  8  2  I
 0.936782752  8  8  3  I
 0.936783816  8  8  0  I
 0.951428167  8  8  1  I
 0.951429208  8  8  2  I
 0.983497742  8  8  3  I
 0.983498763  8  8  0  I
 1.010966455  8  8  1  I
 1.010967532  8  8  2  I
 1.054717326  8  8  3  I
 1.054718400  8  8  0  I
 1.071266264  8  8  1  I
 1.071267290  8  8  2  I
 1.116327135  8  8  3  I
 1.116327523  8  8  0  I
 1.157448604  8  8  1  I
 1.157449660  8  8  2  I
 1.192539971  8  8  3  I
 1.192540719  8  8  0  I
 1.242289031  8  8  1  I
 1.242289267  8  8  2  I
 1.288212695  8  8  3  I
 1.288212935  8  8  0  I
 1.318439958  8  8  1  I
 1.318440196  8  8  2  I
 1.356283807  8  8  3  I
 1.356284108  8  8  0  I
 1.406126083  8  8  1  I
 1.406127093  8  8  2  I
 1.439011465  8  8  3  I
 1.439012542  8  8  0  I
 0.004904543  3  3  0  D
 0.050663965  3  3  1  D
 0.050664969  3  3  2  D
 0.065005400  3  3  3  D
 0.065006406  3  3  0  D
 0.107466758  3  3  1  D
 0.107467760  3  3  2  D
 0.141210148  3  3  3  D
 0.141211477  3  3  0  D
 0.158599980  3  3  1  D
 0.158600986  3  3  2  D
 0.187494071  3  3  3  D
 0.187495081  3  3  0  D
 0.212850536  3  3  1  D
 0.212851549  3  3  2  D
 0.246337169  3  3  3  D
 0.246338166  3  3  0  D
 0.284550790  3  3  1  D
 0.284551038  3  3  2  D
 0.307121966  3  3  3  D
 0.307122501  3  3  0  D
 0.351285172  3  3  1  D
 0.351286170  3  3  2  D
 0.394396684  3  3  3  D
 0.394397655  3  3  0  D
 0.439262571  3  3  1  D
 0.439263586  3  3  2  D
 0.481795593  3  3  3  D
 0.481796621  3  3  0  D
 0.507665781  3  3  1  D
 0.507666816  3  3  2  D
 0.524692295  3  3  3  D
 0.524693326  3  3  0  D
 0.564272165  3  3  1  D
 0.564273426  3  3  2  D
 0.587230534  3  3  3  D
 0.587231320  3  3  0  D
 0.597668245  3  3  1  D
 0.597668507  3  3  2  D
 0.611662257  3  3  3  D
 0.611662583  3  3  0  D
 0.661617028  3  3  1  D
 0.661617801  3  3  2  D
 0.694270492  3  3  3  D
 0.694271468  3  3  0  D
 0.739936230  3  3  1  D
 0.739937213  3  3  2  D
 0.767475032  3  3  3  D
 0.767476013  3  3  0  D
 0.787417965  3  3  1  D
 0.787418938  3  3  2  D
 0.798097029  3  3  3  D
 0.798098148  3  3  0  D
 0.824540646  3  3  1  D
 0.824541962  3  3  2  D
 0.837427832  3  3  3  D
 0.837428854  3  3  0  D
 0.853514119  3  3  1  D
 0.853514697  3  3  2  D
 0.881309553  3  3  3  D
 0.881310558  3  3  0  D
 0.925265243  3  3  1  D
 0.925266472  3  3  2  D
 0.963781461  3  3  3  D
 0.963782466  3  3  0  D
 0.987461250  3  3  1  D
 0.987462274  3  3  2  D
 1.009127269  3  3  3  D
 1.009128281  3  3  0  D
 1.052623526  3  3  1  D
 1.052624725  3  3  2  D
 1.102700010  3  3  3  D
 1.102700534  3  3  0  D
 1.128787690  3  3  1  D
 1.128788283  3  3  2  D
 1.152625435  3  3  3  D
 1.152626444  3  3  0  D
 1.172488631  3  3  1  D
 1.172489681  3  3  2  D
 1.186350601  3  3  3  D
 1.186351758  3  3  0  D
 1.209752072  3  3  1  D
 1.209752374  3  3  2  D
 1.248790067  3  3  3  D
 1.248790300  3  3  0  D
 1.295056485  3  3  1  D
 1.295056719  3  3  2  D
 1.340764016  3  3  3  D
 1.340764255  3  3  0  D
 1.377020920  3  3  1  D
 1.377021504  3  3  2  D
 1.421261093  3  3  3  D
 1.421262104  3  3  0  D
 1.438149174  3  3  1  D
 1.438150200  3  3  2  D
 1.465171204  3  3  3  D
 1.465172452  3  3  0  D
 1.483935570  3  3  1  D
 1.483936584  3  3  2  D
 1.521584945  3  3  3  D
 1.521586068  3  3  0  D
-1  15  15  4 LOCAL_SECTION;ENTRY_PROTOCOL;CRITICAL_SECTION;EXIT_PROTOCOL;EXTRA_LABEL;
