0.0002053810 7 7 0 R
0.0193203740 7 7 1 R
0.0193519060 7 7 2 R
0.0647170140 7 7 3 R
0.0647178660 7 7 0 R
0.0983718690 7 7 1 R
0.2449613810 7 7 2 R
0.2642952890 7 7 3 R
0.2642955140 7 7 0 R
0.3074424870 7 7 1 R
0.4649968710 7 7 2 R
0.4969211320 7 7 3 R
0.4969219320 7 7 0 R
0.5160105450 7 7 1 R
0.7473469360 7 7 2 R
0.7801522150 7 7 3 R
0.7801524320 7 7 0 R
0.8077798970 7 7 1 R
0.9596009080 7 7 2 R
0.9989091200 7 7 3 R
0.9989098840 7 7 0 R
1.0363646710 7 7 1 R
1.2186080160 7 7 2 R
1.2695053730 7 7 3 R
1.2695061460 7 7 0 R
1.2957256200 7 7 1 R
1.4788132850 7 7 2 R
1.5134584560 7 7 3 R
1.5134592570 7 7 0 R
1.5609660300 7 7 1 R
1.6606922220 7 7 2 R
1.6843095010 7 7 3 R
1.6843099860 7 7 0 R
1.7253599490 7 7 1 R
1.8653107590 7 7 2 R
1.8765780050 7 7 3 R
1.8765787460 7 7 0 R
1.9246621770 7 7 1 R
2.1013001230 7 7 2 R
2.1233072330 7 7 3 R
2.1233079800 7 7 0 R
2.1545662490 7 7 1 R
2.3728098340 7 7 2 R
2.3968517790 7 7 3 R
2.3968525730 7 7 0 R
2.4364437400 7 7 1 R
2.5779856720 7 7 2 R
2.5979233170 7 7 3 R
2.5979240410 7 7 0 R
2.6484887360 7 7 1 R
2.8047041560 7 7 2 R
2.8518734270 7 7 3 R
2.8518741890 7 7 0 R
2.8736681910 7 7 1 R
3.0634614390 7 7 2 R
3.0822967080 7 7 3 R
3.0822975000 7 7 0 R
3.1166510290 7 7 1 R
3.2469885310 7 7 2 R
3.2802258370 7 7 3 R
3.2802261490 7 7 0 R
3.3088920690 7 7 1 R
3.4723663920 7 7 2 R
3.4903326500 7 7 3 R
3.4903334150 7 7 0 R
3.5356994360 7 7 1 R
3.6383325040 7 7 2 R
3.6888439280 7 7 3 R
3.6888449430 7 7 0 R
3.7324418210 7 7 1 R
3.8638638440 7 7 2 R
3.8790103530 7 7 3 R
3.8790111720 7 7 0 R
3.8929300600 7 7 1 R
3.8929308350 7 7 2 R
3.9206204100 7 7 3 R
3.9206219660 7 7 0 R
3.9672793590 7 7 1 R
4.0843327280 7 7 2 R
4.1202901960 7 7 3 R
4.1202912810 7 7 0 R
4.1452756510 7 7 1 R
4.2903979480 7 7 2 R
4.3139491030 7 7 3 R
4.3139494100 7 7 0 R
0.0002166450 3 3 0 R
0.0335594120 3 3 1 R
0.0335601700 3 3 2 R
0.0529570710 3 3 3 R
0.0529579000 3 3 0 R
0.0742958300 3 3 1 R
0.2449574960 3 3 2 R
0.2642905020 3 3 3 R
0.2642912380 3 3 0 R
0.3051961670 3 3 1 R
0.4649946780 3 3 2 R
0.4783547600 3 3 3 R
0.4783555170 3 3 0 R
0.5067851480 3 3 1 R
0.5067860300 3 3 2 R
0.5516392130 3 3 3 R
0.5516428550 3 3 0 R
0.5943843670 3 3 1 R
0.7473568420 3 3 2 R
0.7620279110 3 3 3 R
0.7620287060 3 3 0 R
0.7768370100 3 3 1 R
0.7768376840 3 3 2 R
0.7943533360 3 3 3 R
0.7943541370 3 3 0 R
0.8399502070 3 3 1 R
0.9596113860 3 3 2 R
0.9989143070 3 3 3 R
0.9989145580 3 3 0 R
1.0167638030 3 3 1 R
1.2186121810 3 3 2 R
1.2329298250 3 3 3 R
1.2329305750 3 3 0 R
1.2638256960 3 3 1 R
1.2638263960 3 3 2 R
1.2853121830 3 3 3 R
1.2853146950 3 3 0 R
1.3202918150 3 3 1 R
1.4788192200 3 3 2 R
1.5011287520 3 3 3 R
1.5011289660 3 3 0 R
1.5210914990 3 3 1 R
1.5210923670 3 3 2 R
1.5448924510 3 3 3 R
1.5448946430 3 3 0 R
1.5571949820 3 3 1 R
1.6606907500 3 3 2 R
1.6744837860 3 3 3 R
1.6744845390 3 3 0 R
1.7207339440 3 3 1 R
1.8653162030 3 3 2 R
1.8779289140 3 3 3 R
1.8779296790 3 3 0 R
1.9010136590 3 3 1 R
1.9010142800 3 3 2 R
1.9309679240 3 3 3 R
1.9309701640 3 3 0 R
1.9701193700 3 3 1 R
2.1013093050 3 3 2 R
2.1478483650 3 3 3 R
2.1478486070 3 3 0 R
2.1895900600 3 3 1 R
2.3728727990 3 3 2 R
2.4064084500 3 3 3 R
2.4064092130 3 3 0 R
2.4454716030 3 3 1 R
2.5779899780 3 3 2 R
2.5992941800 3 3 3 R
2.5992949520 3 3 0 R
2.6240690970 3 3 1 R
2.6240699690 3 3 2 R
2.6523529550 3 3 3 R
2.6523570770 3 3 0 R
2.6925189190 3 3 1 R
2.8047286970 3 3 2 R
2.8494299430 3 3 3 R
2.8494305260 3 3 0 R
2.8958644520 3 3 1 R
3.0634548000 3 3 2 R
3.0768009020 3 3 3 R
3.0768016680 3 3 0 R
3.1241375030 3 3 1 R
3.2469848890 3 3 2 R
3.2640445000 3 3 3 R
3.2640452820 3 3 0 R
3.3089881300 3 3 1 R
3.4723681010 3 3 2 R
3.4916722740 3 3 3 R
3.4916730530 3 3 0 R
3.5298846830 3 3 1 R
3.6383232820 3 3 2 R
3.6784670450 3 3 3 R
3.6784680870 3 3 0 R
3.7066262750 3 3 1 R
3.8638526890 3 3 2 R
3.8766613380 3 3 3 R
3.8766621620 3 3 0 R
3.9087229690 3 3 1 R
4.0843260920 3 3 2 R
4.1070178350 3 3 3 R
4.1070184440 3 3 0 R
4.1429852140 3 3 1 R
4.2903520440 3 3 2 R
4.3321123510 3 3 3 R
4.3321128780 3 3 0 R
4.3797624390 3 3 1 R
4.5091203430 3 3 2 R
4.5351935450 3 3 3 R
4.5351942800 3 3 0 R
4.5647854570 3 3 1 R
4.7046479060 3 3 2 R
4.7367272390 3 3 3 R
4.7367279850 3 3 0 R
4.7535503370 3 3 1 R
4.7535511180 3 3 2 R
4.7697572780 3 3 3 R
4.7697608290 3 3 0 R
4.8111445700 3 3 1 R
4.9535534700 3 3 2 R
4.9743488590 3 3 3 R
4.9743496390 3 3 0 R
0.0001901320 12 12 0 W
0.0255979090 12 12 1 W
0.1163932120 12 12 2 W
0.1277163820 12 12 3 W
0.1277207730 12 12 0 W
0.1770489090 12 12 1 W
0.3565612320 12 12 2 W
0.3708492320 12 12 3 W
0.3708529730 12 12 0 W
0.4105785990 12 12 1 W
0.5516493370 12 12 2 W
0.5986124170 12 12 3 W
0.5986171810 12 12 0 W
0.6149396070 12 12 1 W
0.8901168790 12 12 2 W
0.9250313480 12 12 3 W
0.9250356610 12 12 0 W
0.9352163290 12 12 1 W
1.1214830980 12 12 2 W
1.1466595880 12 12 3 W
1.1466633170 12 12 0 W
1.1892987450 12 12 1 W
1.3381510070 12 12 2 W
1.3887090720 12 12 3 W
1.3887130360 12 12 0 W
1.4308920490 12 12 1 W
1.5596407600 12 12 2 W
1.5961308400 12 12 3 W
1.5961352750 12 12 0 W
1.6093227860 12 12 1 W
1.7362952430 12 12 2 W
1.7608972110 12 12 3 W
1.7609006120 12 12 0 W
1.8043188170 12 12 1 W
2.0074431290 12 12 2 W
2.0267639870 12 12 3 W
2.0267682020 12 12 0 W
2.0656693180 12 12 1 W
2.2308520060 12 12 2 W
2.2684597250 12 12 3 W
2.2684646040 12 12 0 W
2.3042055650 12 12 1 W
2.4180872420 12 12 2 W
2.4656349670 12 12 3 W
2.4656388400 12 12 0 W
2.5113376320 12 12 1 W
2.6936877400 12 12 2 W
2.7060012860 12 12 3 W
2.7060053570 12 12 0 W
2.7398310880 12 12 1 W
2.9351610110 12 12 2 W
2.9788391500 12 12 3 W
2.9788431300 12 12 0 W
3.0092031500 12 12 1 W
3.1242887570 12 12 2 W
3.1482335780 12 12 3 W
3.1482376920 12 12 0 W
3.1896202910 12 12 1 W
3.3790436960 12 12 2 W
3.3948296950 12 12 3 W
3.3948341140 12 12 0 W
3.4325524120 12 12 1 W
3.5401053680 12 12 2 W
3.5536499710 12 12 3 W
3.5536564980 12 12 0 W
3.5743507930 12 12 1 W
3.7109829340 12 12 2 W
3.7334622100 12 12 3 W
3.7334672770 12 12 0 W
3.7582312170 12 12 1 W
3.9715999240 12 12 2 W
4.0141852310 12 12 3 W
4.0141898150 12 12 0 W
4.0403551630 12 12 1 W
4.1808733060 12 12 2 W
4.2118445250 12 12 3 W
4.2118492370 12 12 0 W
4.2584925490 12 12 1 W
4.3374988470 12 12 2 W
4.3641799250 12 12 3 W
4.3641832440 12 12 0 W
4.4113917420 12 12 1 W
4.6571991130 12 12 2 W
4.6714684940 12 12 3 W
4.6714728230 12 12 0 W
4.7023497060 12 12 1 W
4.8498151240 12 12 2 W
4.8935364130 12 12 3 W
4.8935430530 12 12 0 W
4.9248464940 12 12 1 W
5.0794501070 12 12 2 W
5.1291710640 12 12 3 W
5.1291750570 12 12 0 W
5.1543637100 12 12 1 W
5.3080511500 12 12 2 W
5.3358665370 12 12 3 W
5.3358696950 12 12 0 W
0.0001767000 6 6 0 R
0.0158095630 6 6 1 R
0.0158346490 6 6 2 R
0.0577453930 6 6 3 R
0.0577461640 6 6 0 R
0.1071140380 6 6 1 R
0.2450072280 6 6 2 R
0.2783510000 6 6 3 R
0.2783517610 6 6 0 R
0.3041371720 6 6 1 R
0.4649931090 6 6 2 R
0.5103062780 6 6 3 R
0.5103071240 6 6 0 R
0.5551340800 6 6 1 R
0.7473553870 6 6 2 R
0.7733534850 6 6 3 R
0.7733542530 6 6 0 R
0.8064363880 6 6 1 R
0.9595993030 6 6 2 R
0.9744689880 6 6 3 R
0.9744697440 6 6 0 R
1.0102945740 6 6 1 R
1.2186172540 6 6 2 R
1.2409573830 6 6 3 R
1.2409581860 6 6 0 R
1.2637326270 6 6 1 R
1.2637328700 6 6 2 R
1.2792811020 6 6 3 R
1.2792829780 6 6 0 R
1.3284593570 6 6 1 R
1.4788206730 6 6 2 R
1.5011235080 6 6 3 R
1.5011242840 6 6 0 R
1.5135497530 6 6 1 R
1.5135506030 6 6 2 R
1.5327136400 6 6 3 R
1.5327144650 6 6 0 R
1.5662175840 6 6 1 R
1.6606936710 6 6 2 R
1.6733733420 6 6 3 R
1.6733741880 6 6 0 R
1.6919167550 6 6 1 R
1.6919174350 6 6 2 R
1.7362817180 6 6 3 R
1.7362869650 6 6 0 R
1.7784869240 6 6 1 R
1.8653640450 6 6 2 R
1.8779336280 6 6 3 R
1.8779338580 6 6 0 R
1.8913070830 6 6 1 R
1.8913077020 6 6 2 R
1.9323355580 6 6 3 R
1.9323377040 6 6 0 R
1.9472579200 6 6 1 R
2.1013044200 6 6 2 R
2.1413612820 6 6 3 R
2.1413620380 6 6 0 R
2.1799250260 6 6 1 R
2.3728416700 6 6 2 R
2.4004868390 6 6 3 R
2.4004876020 6 6 0 R
2.4297516320 6 6 1 R
2.5779823960 6 6 2 R
2.6108210400 6 6 3 R
2.6108217960 6 6 0 R
2.6597502530 6 6 1 R
2.8047256920 6 6 2 R
2.8530344660 6 6 3 R
2.8530352390 6 6 0 R
2.8735750520 6 6 1 R
3.0634630360 6 6 2 R
3.1059852280 6 6 3 R
3.1059860180 6 6 0 R
3.1516978830 6 6 1 R
3.2470430640 6 6 2 R
3.2824582360 6 6 3 R
3.2824589980 6 6 0 R
3.3218887050 6 6 1 R
3.4723698420 6 6 2 R
3.5162347490 6 6 3 R
3.5162355440 6 6 0 R
3.5344523850 6 6 1 R
3.6383302660 6 6 2 R
3.6711639650 6 6 3 R
3.6711647710 6 6 0 R
3.7041592250 6 6 1 R
3.8638559860 6 6 2 R
3.9049876290 6 6 3 R
3.9049878690 6 6 0 R
3.9327585060 6 6 1 R
4.0843280800 6 6 2 R
4.1025994750 6 6 3 R
4.1025999180 6 6 0 R
4.1428935120 6 6 1 R
4.2903505790 6 6 2 R
4.3021781810 6 6 3 R
4.3021790000 6 6 0 R
4.3529214610 6 6 1 R
4.5090848980 6 6 2 R
4.5245263880 6 6 3 R
4.5245273630 6 6 0 R
4.5557671060 6 6 1 R
4.7045915700 6 6 2 R
4.7470934600 6 6 3 R
4.7470942560 6 6 0 R
4.7733856630 6 6 1 R
4.9536179570 6 6 2 R
4.9825366180 6 6 3 R
4.9825376730 6 6 0 R
4.9951880770 6 6 1 R
4.9951888570 6 6 2 R
5.0243494710 6 6 3 R
5.0243520490 6 6 0 R
5.0498301370 6 6 1 R
5.2570109540 6 6 2 R
5.2773742590 6 6 3 R
5.2773753590 6 6 0 R
5.3047321610 6 6 1 R
5.4295963010 6 6 2 R
5.4463573800 6 6 3 R
5.4463576670 6 6 0 R
5.4606060280 6 6 1 R
5.5600850750 6 6 2 R
5.5801717000 6 6 3 R
5.5801724570 6 6 0 R
5.6237834100 6 6 1 R
5.7251486720 6 6 2 R
5.7539245650 6 6 3 R
5.7539253930 6 6 0 R
0.0001001420 9 9 0 R
0.0377653630 9 9 1 R
0.0377660950 9 9 2 R
0.0612391370 9 9 3 R
0.0612591530 9 9 0 R
0.0970909610 9 9 1 R
0.2449601180 9 9 2 R
0.2945955650 9 9 3 R
0.2945963180 9 9 0 R
0.3233507240 9 9 1 R
0.4649984420 9 9 2 R
0.5125142750 9 9 3 R
0.5125151220 9 9 0 R
0.5343509750 9 9 1 R
0.7473541010 9 9 2 R
0.7856558700 9 9 3 R
0.7856566610 9 9 0 R
0.8164458630 9 9 1 R
0.9596037290 9 9 2 R
0.9789459110 9 9 3 R
0.9789466690 9 9 0 R
1.0101670680 9 9 1 R
1.2186156710 9 9 2 R
1.2384745800 9 9 3 R
1.2384753300 9 9 0 R
1.2817375690 9 9 1 R
1.4788086110 9 9 2 R
1.5253483200 9 9 3 R
1.5253490980 9 9 0 R
1.5483600870 9 9 1 R
1.6606847520 9 9 2 R
1.6944037840 9 9 3 R
1.6944045670 9 9 0 R
1.7132204540 9 9 1 R
1.8653553000 9 9 2 R
1.8822317560 9 9 3 R
1.8822325250 9 9 0 R
1.9174363570 9 9 1 R
2.1012985580 9 9 2 R
2.1391240850 9 9 3 R
2.1391243040 9 9 0 R
2.1812862140 9 9 1 R
2.3728060540 9 9 2 R
2.3840431980 9 9 3 R
2.3840439900 9 9 0 R
2.4041376410 9 9 1 R
2.4041383790 9 9 2 R
2.4169177820 9 9 3 R
2.4169185560 9 9 0 R
2.4481485530 9 9 1 R
2.5779927450 9 9 2 R
2.6264959820 9 9 3 R
2.6264967310 9 9 0 R
2.6510666130 9 9 1 R
2.8046654180 9 9 2 R
2.8160342040 9 9 3 R
2.8160349640 9 9 0 R
2.8373720980 9 9 1 R
2.8373728870 9 9 2 R
2.8854616170 9 9 3 R
2.8854666140 9 9 0 R
2.9023678810 9 9 1 R
3.0634680860 9 9 2 R
3.1034686290 9 9 3 R
3.1034693870 9 9 0 R
3.1306415960 9 9 1 R
3.2469920360 9 9 2 R
3.2887997720 9 9 3 R
3.2888005550 9 9 0 R
3.3316078260 9 9 1 R
3.4723729450 9 9 2 R
3.5087359300 9 9 3 R
3.5087366930 9 9 0 R
3.5483760740 9 9 1 R
3.6383340320 9 9 2 R
3.6674520990 9 9 3 R
3.6674528630 9 9 0 R
3.7065805580 9 9 1 R
3.8638545940 9 9 2 R
3.9049827900 9 9 3 R
3.9049836060 9 9 0 R
3.9370544860 9 9 1 R
4.0843293900 9 9 2 R
4.1247356560 9 9 3 R
4.1247364690 9 9 0 R
4.1678444420 9 9 1 R
4.2903445390 9 9 2 R
4.3374925700 9 9 3 R
4.3374942790 9 9 0 R
4.3694561870 9 9 1 R
4.5091252080 9 9 2 R
4.5474536930 9 9 3 R
4.5474545470 9 9 0 R
4.5963624390 9 9 1 R
4.7046529510 9 9 2 R
4.7424511570 9 9 3 R
4.7424519170 9 9 0 R
4.7599826830 9 9 1 R
4.9534965290 9 9 2 R
4.9776681340 9 9 3 R
4.9776690710 9 9 0 R
4.9987668520 9 9 1 R
5.2569261370 9 9 2 R
5.2868516950 9 9 3 R
5.2868525220 9 9 0 R
5.3358631190 9 9 1 R
5.4296054990 9 9 2 R
5.4559408960 9 9 3 R
5.4559417990 9 9 0 R
5.4839183000 9 9 1 R
5.5600884210 9 9 2 R
5.6054967170 9 9 3 R
5.6054987890 9 9 0 R
5.6447492400 9 9 1 R
5.7251552320 9 9 2 R
5.7603455670 9 9 3 R
5.7603464610 9 9 0 R
0.0002040890 8 8 0 R
0.0336716900 8 8 1 R
0.0337025690 8 8 2 R
0.0832960800 8 8 3 R
0.0832989890 8 8 0 R
0.1016026500 8 8 1 R
0.2449629990 8 8 2 R
0.2573339140 8 8 3 R
0.2573342080 8 8 0 R
0.2697573970 8 8 1 R
0.2697581060 8 8 2 R
0.3150612410 8 8 3 R
0.3150648210 8 8 0 R
0.3422814350 8 8 1 R
0.4650510310 8 8 2 R
0.4808181140 8 8 3 R
0.4808189180 8 8 0 R
0.5160084830 8 8 1 R
0.7473454040 8 8 2 R
0.7801506780 8 8 3 R
0.7801509210 8 8 0 R
0.8189068950 8 8 1 R
0.9596071530 8 8 2 R
0.9733595150 8 8 3 R
0.9733603230 8 8 0 R
0.9869107730 8 8 1 R
0.9869114820 8 8 2 R
1.0310712760 8 8 3 R
1.0310736140 8 8 0 R
1.0570737500 8 8 1 R
1.2186201590 8 8 2 R
1.2582899040 8 8 3 R
1.2582906860 8 8 0 R
1.3024513250 8 8 1 R
1.4788147830 8 8 2 R
1.5177373650 8 8 3 R
1.5177381100 8 8 0 R
1.5350168050 8 8 1 R
1.6606829710 8 8 2 R
1.6856187950 8 8 3 R
1.6856190690 8 8 0 R
1.7363795770 8 8 1 R
1.8653585210 8 8 2 R
1.9105130000 8 8 3 R
1.9105138290 8 8 0 R
1.9504408360 8 8 1 R
2.1012967650 8 8 2 R
2.1354983780 8 8 3 R
2.1354991930 8 8 0 R
2.1724442490 8 8 1 R
2.3728131650 8 8 2 R
2.3893530580 8 8 3 R
2.3893538320 8 8 0 R
2.4387236870 8 8 1 R
2.5779871120 8 8 2 R
2.6096570110 8 8 3 R
2.6096578710 8 8 0 R
2.6420826310 8 8 1 R
2.8047024250 8 8 2 R
2.8430180010 8 8 3 R
2.8430187540 8 8 0 R
2.8648498280 8 8 1 R
3.0634600030 8 8 2 R
3.0939061500 8 8 3 R
3.0939069470 8 8 0 R
3.1349466210 8 8 1 R
3.2469933900 8 8 2 R
3.2747394860 8 8 3 R
3.2747402450 8 8 0 R
3.2862975780 8 8 1 R
3.2862983030 8 8 2 R
3.3164575370 8 8 3 R
3.3164619700 8 8 0 R
3.3597218700 8 8 1 R
3.4723760610 8 8 2 R
3.4891628670 8 8 3 R
3.4891636510 8 8 0 R
3.5234337050 8 8 1 R
3.6383162860 8 8 2 R
3.6808618960 8 8 3 R
3.6808629330 8 8 0 R
3.7053525850 8 8 1 R
3.8638572510 8 8 2 R
3.9141973110 8 8 3 R
3.9141988680 8 8 0 R
3.9544333100 8 8 1 R
4.0843320220 8 8 2 R
4.1157879900 8 8 3 R
4.1157887570 8 8 0 R
4.1395952620 8 8 1 R
4.2903492590 8 8 2 R
4.3321158780 8 8 3 R
4.3321161330 8 8 0 R
4.3484094050 8 8 1 R
4.5090832200 8 8 2 R
4.5283679110 8 8 3 R
4.5283686670 8 8 0 R
4.5593676200 8 8 1 R
4.7046458980 8 8 2 R
4.7264145140 8 8 3 R
4.7264153140 8 8 0 R
4.7733398690 8 8 1 R
4.9535563660 8 8 2 R
4.9974594970 8 8 3 R
4.9974603250 8 8 0 R
5.0256868480 8 8 1 R
5.2569217540 8 8 2 R
5.2748165590 8 8 3 R
5.2748173870 8 8 0 R
5.2900126460 8 8 1 R
5.4295997870 8 8 2 R
5.4559459540 8 8 3 R
5.4559461740 8 8 0 R
5.4883515050 8 8 1 R
5.5600914990 8 8 2 R
5.5935870750 8 8 3 R
5.5935873910 8 8 0 R
5.6224409500 8 8 1 R
5.7251445180 8 8 2 R
5.7438131170 8 8 3 R
5.7438138330 8 8 0 R
5.7647900040 8 8 1 R
5.7647907100 8 8 2 R
5.7847615570 8 8 3 R
5.7847638930 8 8 0 R
5.8273709820 8 8 1 R
5.9259117040 8 8 2 R
5.9750343900 8 8 3 R
5.9750351650 8 8 0 R
6.0182229780 8 8 1 R
6.1176574060 8 8 2 R
6.1332093770 8 8 3 R
6.1332096660 8 8 0 R
6.1603005160 8 8 1 R
6.1603012290 8 8 2 R
6.2051134530 8 8 3 R
6.2051153000 8 8 0 R
0.0001605510 4 4 0 R
0.0302200510 4 4 1 R
0.0302208670 4 4 2 R
0.0765053920 4 4 3 R
0.0765074740 4 4 0 R
0.0945964450 4 4 1 R
0.2449588570 4 4 2 R
0.2797113640 4 4 3 R
0.2797121440 4 4 0 R
0.3040387800 4 4 1 R
0.4649901040 4 4 2 R
0.4876586940 4 4 3 R
0.4876594580 4 4 0 R
0.5285905840 4 4 1 R
0.7473513930 4 4 2 R
0.7606753630 4 4 3 R
0.7606761230 4 4 0 R
0.7981707800 4 4 1 R
0.9595974570 4 4 2 R
0.9699115630 4 4 3 R
0.9699123180 4 4 0 R
0.9955974780 4 4 1 R
0.9955981430 4 4 2 R
1.0407507980 4 4 3 R
1.0407546520 4 4 0 R
1.0806538120 4 4 1 R
1.2186229420 4 4 2 R
1.2373615440 4 4 3 R
1.2373623110 4 4 0 R
1.2757912750 4 4 1 R
1.4788099730 4 4 2 R
1.5112250440 4 4 3 R
1.5112258070 4 4 0 R
1.5558444810 4 4 1 R
1.6606878480 4 4 2 R
1.7061607020 4 4 3 R
1.7061615730 4 4 0 R
1.7229423360 4 4 1 R
1.8653570250 4 4 2 R
1.8965374500 4 4 3 R
1.8965382170 4 4 0 R
1.9368117020 4 4 1 R
2.1013016720 4 4 2 R
2.1257959730 4 4 3 R
2.1257967400 4 4 0 R
2.1366335930 4 4 1 R
2.1366343020 4 4 2 R
2.1857433120 4 4 3 R
2.1857462860 4 4 0 R
2.2351655190 4 4 1 R
2.3728745340 4 4 2 R
2.4180808000 4 4 3 R
2.4180824800 4 4 0 R
2.4493476290 4 4 1 R
2.5780227430 4 4 2 R
2.6241640820 4 4 3 R
2.6241651310 4 4 0 R
2.6629832280 4 4 1 R
2.8047271890 4 4 2 R
2.8183480950 4 4 3 R
2.8183488770 4 4 0 R
2.8494245440 4 4 1 R
2.8494252110 4 4 2 R
2.8980309590 4 4 3 R
2.8980361510 4 4 0 R
2.9257706190 4 4 1 R
3.0634694090 4 4 2 R
3.1034734600 4 4 3 R
3.1034737360 4 4 0 R
3.1438594350 4 4 1 R
3.2470400400 4 4 2 R
3.2617360430 4 4 3 R
3.2617367930 4 4 0 R
3.2849435740 4 4 1 R
3.2849440040 4 4 2 R
3.3025803400 4 4 3 R
3.3025818710 4 4 0 R
3.3493244900 4 4 1 R
3.4723744910 4 4 2 R
3.4836854450 4 4 3 R
3.4836856740 4 4 0 R
3.5298263020 4 4 1 R
3.6383211390 4 4 2 R
3.6796076950 4 4 3 R
3.6796087740 4 4 0 R
3.7190716190 4 4 1 R
3.8638612230 4 4 2 R
3.9005057700 4 4 3 R
3.9005065920 4 4 0 R
3.9253012340 4 4 1 R
4.0843272790 4 4 2 R
4.1081578080 4 4 3 R
4.1081584020 4 4 0 R
4.1246439760 4 4 1 R
4.1246447300 4 4 2 R
4.1701943050 4 4 3 R
4.1701978210 4 4 0 R
4.1881874740 4 4 1 R
4.2904024850 4 4 2 R
4.3139442570 4 4 3 R
4.3139450340 4 4 0 R
4.3628418920 4 4 1 R
4.5090903950 4 4 2 R
4.5243184380 4 4 3 R
4.5243193000 4 4 0 R
4.5400717830 4 4 1 R
4.5400725300 4 4 2 R
4.5713566480 4 4 3 R
4.5713600650 4 4 0 R
4.5910650370 4 4 1 R
4.7046513990 4 4 2 R
4.7459318560 4 4 3 R
4.7459326070 4 4 0 R
4.7709326060 4 4 1 R
4.9536204330 4 4 2 R
4.9729874530 4 4 3 R
4.9729882730 4 4 0 R
5.0218512340 4 4 1 R
5.2569240960 4 4 2 R
5.2713271120 4 4 3 R
5.2713279630 4 4 0 R
5.2833500480 4 4 1 R
5.2833508190 4 4 2 R
5.3080388070 4 4 3 R
5.3080410930 4 4 0 R
5.3335806720 4 4 1 R
5.4296027970 4 4 2 R
5.4463524510 4 4 3 R
5.4463532740 4 4 0 R
5.4606025330 4 4 1 R
5.5600834280 4 4 2 R
5.5988056970 4 4 3 R
5.5988064890 4 4 0 R
5.6275815490 4 4 1 R
5.7251523480 4 4 2 R
5.7451481950 4 4 3 R
5.7451490180 4 4 0 R
5.7822764880 4 4 1 R
5.9259042660 4 4 2 R
5.9607181040 4 4 3 R
5.9607189140 4 4 0 R
5.9987783020 4 4 1 R
6.1176555980 4 4 2 R
6.1449420400 4 4 3 R
6.1449428160 4 4 0 R
6.1747149740 4 4 1 R
6.3701365880 4 4 2 R
6.4188357290 4 4 3 R
6.4188370270 4 4 0 R
0.0002060280 2 2 0 R
0.0466053580 2 2 1 R
0.0466061670 2 2 2 R
0.0703784740 2 2 3 R
0.0703803350 2 2 0 R
0.1016889770 2 2 1 R
0.2449643820 2 2 2 R
0.2934607480 2 2 3 R
0.2934615350 2 2 0 R
0.3305488730 2 2 1 R
0.4650474100 2 2 2 R
0.4865229170 2 2 3 R
0.4865231490 2 2 0 R
0.5320724230 2 2 1 R
0.7473528390 2 2 2 R
0.7968362680 2 2 3 R
0.7968379530 2 2 0 R
0.8091197700 2 2 1 R
0.9596022290 2 2 2 R
1.0043603150 2 2 3 R
1.0043610850 2 2 0 R
1.0154289850 2 2 1 R
1.2186187240 2 2 2 R
1.2682160600 2 2 3 R
1.2682168040 2 2 0 R
1.3061196270 2 2 1 R
1.4788179500 2 2 2 R
1.5264642100 2 2 3 R
1.5264644590 2 2 0 R
1.5754442750 2 2 1 R
1.6606950920 2 2 2 R
1.6856137450 2 2 3 R
1.6856145340 2 2 0 R
1.7206336460 2 2 1 R
1.8653146560 2 2 2 R
1.9091747990 2 2 3 R
1.9091755670 2 2 0 R
1.9571981210 2 2 1 R
2.1013062820 2 2 2 R
2.1310987850 2 2 3 R
2.1310995170 2 2 0 R
2.1620555850 2 2 1 R
2.3728117730 2 2 2 R
2.4004916720 2 2 3 R
2.4004919540 2 2 0 R
2.4254719350 2 2 1 R
2.5779803050 2 2 2 R
2.5981209070 2 2 3 R
2.5981219280 2 2 0 R
2.6420790980 2 2 1 R
2.8046708920 2 2 2 R
2.8387319500 2 2 3 R
2.8387327290 2 2 0 R
2.8693492390 2 2 1 R
3.0634666120 2 2 2 R
3.0834089030 2 2 3 R
3.0834096730 2 2 0 R
3.1023532410 2 2 1 R
3.1023541440 2 2 2 R
3.1242385290 2 2 3 R
3.1242794460 2 2 0 R
3.1504623380 2 2 1 R
3.2470415810 2 2 2 R
3.2694517010 2 2 3 R
3.2694525520 2 2 0 R
3.3003515860 2 2 1 R
3.4723621930 2 2 2 R
3.5162396060 2 2 3 R
3.5162606910 2 2 0 R
3.5484177930 2 2 1 R
3.6383545650 2 2 2 R
3.6650363370 2 2 3 R
3.6650371070 2 2 0 R
3.6841905630 2 2 1 R
3.6841913530 2 2 2 R
3.7109734670 2 2 3 R
3.7109764870 2 2 0 R
3.7323482730 2 2 1 R
3.8638624440 2 2 2 R
3.8942993990 2 2 3 R
3.8943005530 2 2 0 R
3.9402099580 2 2 1 R
4.0843301850 2 2 2 R
4.1268528310 2 2 3 R
4.1268536250 2 2 0 R
4.1766318090 2 2 1 R
4.2904008760 2 2 2 R
4.3309487050 2 2 3 R
4.3309495250 2 2 0 R
4.3616847250 2 2 1 R
4.5090886560 2 2 2 R
4.5271203900 2 2 3 R
4.5271212180 2 2 0 R
4.5592766670 2 2 1 R
4.7046441940 2 2 2 R
4.7545833040 2 2 3 R
4.7545843820 2 2 0 R
4.7957598060 2 2 1 R
4.9535516160 2 2 2 R
4.9790090960 2 2 3 R
4.9790099360 2 2 0 R
5.0113634490 2 2 1 R
5.2569748600 2 2 2 R
5.2786688710 2 2 3 R
5.2786697050 2 2 0 R
5.3241997930 2 2 1 R
5.4296041970 2 2 2 R
5.4474630580 2 2 3 R
5.4474639640 2 2 0 R
5.4709702870 2 2 1 R
5.5600810370 2 2 2 R
5.5713524250 2 2 3 R
5.5713532630 2 2 0 R
5.6066931340 2 2 1 R
5.7251358580 2 2 2 R
5.7504264830 2 2 3 R
5.7504273170 2 2 0 R
5.7767650020 2 2 1 R
5.9259076370 2 2 2 R
5.9607233310 2 2 3 R
5.9607236270 2 2 0 R
6.0012899830 2 2 1 R
6.1176510480 2 2 2 R
6.1354482300 2 2 3 R
6.1354491360 2 2 0 R
6.1628510730 2 2 1 R
6.1628517600 2 2 2 R
6.2118028870 2 2 3 R
6.2118060190 2 2 0 R
6.2321182670 2 2 1 R
6.3701396800 2 2 2 R
6.4053315360 2 2 3 R
6.4053324510 2 2 0 R
6.4372692140 2 2 1 R
6.5343644380 2 2 2 R
6.5635361390 2 2 3 R
6.5635370110 2 2 0 R
0.0001520000 1 1 0 R
0.0135222790 1 1 1 R
0.0135224620 1 1 2 R
0.0552827360 1 1 3 R
0.0552837900 1 1 0 R
0.0660775610 1 1 1 R
0.2449538910 1 1 2 R
0.2910217730 1 1 3 R
0.2910225270 1 1 0 R
0.3378686230 1 1 1 R
0.4650492880 1 1 2 R
0.4865178580 1 1 3 R
0.4865186990 1 1 0 R
0.5275527790 1 1 1 R
0.7473498770 1 1 2 R
0.7814218700 1 1 3 R
0.7814226750 1 1 0 R
0.8263605750 1 1 1 R
0.9596085320 1 1 2 R
0.9944657190 1 1 3 R
0.9944662730 1 1 0 R
1.0056937280 1 1 1 R
1.2186140560 1 1 2 R
1.2409621580 1 1 3 R
1.2409624090 1 1 0 R
1.2637279750 1 1 1 R
1.2637287250 1 1 2 R
1.2852182290 1 1 3 R
1.2852205580 1 1 0 R
1.3047820720 1 1 1 R
1.4788163920 1 1 2 R
1.5059157160 1 1 3 R
1.5059164890 1 1 0 R
1.5374533570 1 1 1 R
1.6606809780 1 1 2 R
1.6719988230 1 1 3 R
1.6719995830 1 1 0 R
1.7060604990 1 1 1 R
1.7060613130 1 1 2 R
1.7207261100 1 1 3 R
1.7207278390 1 1 0 R
1.7515871780 1 1 1 R
1.8653599080 1 1 2 R
1.8835302630 1 1 3 R
1.8835310230 1 1 0 R
1.9138199840 1 1 1 R
1.9138206330 1 1 2 R
1.9547183800 1 1 3 R
1.9547213580 1 1 0 R
2.0007922100 1 1 1 R
2.1013106750 1 1 2 R
2.1311035120 1 1 3 R
2.1311037420 1 1 0 R
2.1523398980 1 1 1 R
2.3728081300 1 1 2 R
2.4169224780 1 1 3 R
2.4169227170 1 1 0 R
2.4332378340 1 1 1 R
2.5779843490 1 1 2 R
2.6154284480 1 1 3 R
2.6154292330 1 1 0 R
2.6378705660 1 1 1 R
2.8046692760 1 1 2 R
2.8360580680 1 1 3 R
2.8360588450 1 1 0 R
2.8781356580 1 1 1 R
3.0634567800 1 1 2 R
3.1012193030 1 1 3 R
3.1012200830 1 1 0 R
3.1264092230 1 1 1 R
3.2469902780 1 1 2 R
3.2802210260 1 1 3 R
3.2802218220 1 1 0 R
3.3261649650 1 1 1 R
3.4723713840 1 1 2 R
3.5014241960 1 1 3 R
3.5014250000 1 1 0 R
3.5298882030 1 1 1 R
3.6383257330 1 1 2 R
3.6663396280 1 1 3 R
3.6663404060 1 1 0 R
3.6820278480 1 1 1 R
3.6820286640 1 1 2 R
3.7065885970 1 1 3 R
3.7065911050 1 1 0 R
3.7570695880 1 1 1 R
3.8638653240 1 1 2 R
3.8779050660 1 1 3 R
3.8779058560 1 1 0 R
3.8904534800 1 1 1 R
3.8904541870 1 1 2 R
3.9061448180 1 1 3 R
3.9061456000 1 1 0 R
3.9328567810 1 1 1 R
4.0843287520 1 1 2 R
4.1115076540 1 1 3 R
4.1115084500 1 1 0 R
4.1384592410 1 1 1 R
4.2903463730 1 1 2 R
4.3273584960 1 1 3 R
4.3273592770 1 1 0 R
4.3437990200 1 1 1 R
4.5090387910 1 1 2 R
4.5297047020 1 1 3 R
4.5297055650 1 1 0 R
4.5557706170 1 1 1 R
4.7046423300 1 1 2 R
4.7534444830 1 1 3 R
4.7534455740 1 1 0 R
4.7744459850 1 1 1 R
4.9535498270 1 1 2 R
4.9904226430 1 1 3 R
4.9904234720 1 1 0 R
5.0080776880 1 1 1 R
5.2569730770 1 1 2 R
5.2820090160 1 1 3 R
5.2820100550 1 1 0 R
5.3117026490 1 1 1 R
5.4295942040 1 1 2 R
5.4786047650 1 1 3 R
5.4786077280 1 1 0 R
5.5190336010 1 1 1 R
5.5600928320 1 1 2 R
5.5935812330 1 1 3 R
5.5935821670 1 1 0 R
5.6350612430 1 1 1 R
5.7251537480 1 1 2 R
5.7703001300 1 1 3 R
5.7703009100 1 1 0 R
5.7892739000 1 1 1 R
5.9259022430 1 1 2 R
5.9360819000 1 1 3 R
5.9360826440 1 1 0 R
5.9802335270 1 1 1 R
6.1176528990 1 1 2 R
6.1672248430 1 1 3 R
6.1672256980 1 1 0 R
6.1882102050 1 1 1 R
6.3701381370 1 1 2 R
6.4075422540 1 1 3 R
6.4075431100 1 1 0 R
6.4189319680 1 1 1 R
6.5343585130 1 1 2 R
6.5647945420 1 1 3 R
6.5647953140 1 1 0 R
6.5857523810 1 1 1 R
6.7039585760 1 1 2 R
6.7192912320 1 1 3 R
6.7192920390 1 1 0 R
6.7576689910 1 1 1 R
6.8584717490 1 1 2 R
6.8814247180 1 1 3 R
6.8814265520 1 1 0 R
6.9224915920 1 1 1 R
6.9797086630 1 1 2 R
7.0073509760 1 1 3 R
7.0073517550 1 1 0 R
7.0533846760 1 1 1 R
7.1737914210 1 1 2 R
7.1923489200 1 1 3 R
7.1923497290 1 1 0 R
0.0001584000 11 11 0 W
0.0452802870 11 11 1 W
0.1277258600 11 11 2 W
0.1544939810 11 11 3 W
0.1544976120 11 11 0 W
0.1666578590 11 11 1 W
0.3150711700 11 11 2 W
0.3565517320 11 11 3 W
0.3565560430 11 11 0 W
0.3992043820 11 11 1 W
0.6373578560 11 11 2 W
0.6646853820 11 11 3 W
0.6646898070 11 11 0 W
0.7016005290 11 11 1 W
0.8442967010 11 11 2 W
0.8595140090 11 11 3 W
0.8595185530 11 11 0 W
0.9057165000 11 11 1 W
1.0858981430 11 11 2 W
1.1214739050 11 11 3 W
1.1214781980 11 11 0 W
1.1591574800 11 11 1 W
1.2853209780 11 11 2 W
1.2980402760 11 11 3 W
1.2980435910 11 11 0 W
1.3338384710 11 11 1 W
1.6125947320 11 11 2 W
1.6389029750 11 11 3 W
1.6389079870 11 11 0 W
1.6843054320 11 11 1 W
1.8230332570 11 11 2 W
1.8453529500 11 11 3 W
1.8453574010 11 11 0 W
1.8913346250 11 11 1 W
2.0267738140 11 11 2 W
2.0739397040 11 11 3 W
2.0739444280 11 11 0 W
2.1076048620 11 11 1 W
2.3144846430 11 11 2 W
2.3298061530 11 11 3 W
2.3298105150 11 11 0 W
2.3504847330 11 11 1 W
2.5099781250 11 11 2 W
2.5247407540 11 11 3 W
2.5247449980 11 11 0 W
2.5544158240 11 11 1 W
2.6641496040 11 11 2 W
2.6936786440 11 11 3 W
2.6936826620 11 11 0 W
2.7234427330 11 11 1 W
2.8980447910 11 11 2 W
2.9351515630 11 11 3 W
2.9351558190 11 11 0 W
2.9754489630 11 11 1 W
3.1823668370 11 11 2 W
3.2090954690 11 11 3 W
3.2091000360 11 11 0 W
3.2523783550 11 11 1 W
3.3948390450 11 11 2 W
3.4336875610 11 11 3 W
3.4336917430 11 11 0 W
3.4599794840 11 11 1 W
3.5536627360 11 11 2 W
3.5743551040 11 11 3 W
3.5743603460 11 11 0 W
3.6169507740 11 11 1 W
3.7334731240 11 11 2 W
3.7466647360 11 11 3 W
3.7466709370 11 11 0 W
3.7899453850 11 11 1 W
3.9251030950 11 11 2 W
3.9476366440 11 11 3 W
3.9476398810 11 11 0 W
3.9659229790 11 11 1 W
4.2360445410 11 11 2 W
4.2651911040 11 11 3 W
4.2651956330 11 11 0 W
4.2997964650 11 11 1 W
4.4227838180 11 11 2 W
4.4649614800 11 11 3 W
4.4649657640 11 11 0 W
4.4947225870 11 11 1 W
4.6200533000 11 11 2 W
4.6571884910 11 11 3 W
4.6571932290 11 11 0 W
4.6929635100 11 11 1 W
4.8111555600 11 11 2 W
4.8498067830 11 11 3 W
4.8498103530 11 11 0 W
4.8821374170 11 11 1 W
5.0340011670 11 11 2 W
5.0794408830 11 11 3 W
5.0794446490 11 11 0 W
5.0967708270 11 11 1 W
5.3858925370 11 11 2 W
5.4295836630 11 11 3 W
5.4295876610 11 11 0 W
5.4752895520 11 11 1 W
5.6671455370 11 11 2 W
5.7137989860 11 11 3 W
5.7138026550 11 11 0 W
5.7615061610 11 11 1 W
5.9022374990 11 11 2 W
5.9258919240 11 11 3 W
5.9258954500 11 11 0 W
5.9716362470 11 11 1 W
6.0959919750 11 11 2 W
6.1176412830 11 11 3 W
6.1176448400 11 11 0 W
6.1278235470 11 11 1 W
6.3357995960 11 11 2 W
6.3701247070 11 11 3 W
6.3701281130 11 11 0 W
6.3876728000 11 11 1 W
6.5134817740 11 11 2 W
6.5343491470 11 11 3 W
6.5343519680 11 11 0 W
6.5470457790 11 11 1 W
6.6670035500 11 11 2 W
6.7039489870 11 11 3 W
6.7039520360 11 11 0 W
6.7276249710 11 11 1 W
6.8442223680 11 11 2 W
6.8584614880 11 11 3 W
6.8584646490 11 11 0 W
6.8761475140 11 11 1 W
6.9308081580 11 11 2 W
6.9541281890 11 11 3 W
6.9541309530 11 11 0 W
6.9643183730 11 11 1 W
7.0281006930 11 11 2 W
7.0700092610 11 11 3 W
7.0700126790 11 11 0 W
7.1128532930 11 11 1 W
7.2559618620 11 11 2 W
7.2990508220 11 11 3 W
7.2990537590 11 11 0 W
0.0001884550 13 13 0 W
0.0479677260 13 13 1 W
0.1545025880 13 13 2 W
0.2012256190 13 13 3 W
0.2012302070 13 13 0 W
0.2165523110 13 13 1 W
0.3708581970 13 13 2 W
0.4128778090 13 13 3 W
0.4128820100 13 13 0 W
0.4445832860 13 13 1 W
0.5986226580 13 13 2 W
0.6373490790 13 13 3 W
0.6373530590 13 13 0 W
0.6680249220 13 13 1 W
0.7968426270 13 13 2 W
0.8442830300 13 13 3 W
0.8442891990 13 13 0 W
0.8900172770 13 13 1 W
1.1466683110 13 13 2 W
1.1715737960 13 13 3 W
1.1715782780 13 13 0 W
1.1859115230 13 13 1 W
1.2980488270 13 13 2 W
1.3381413700 13 13 3 W
1.3381456480 13 13 0 W
1.3853410660 13 13 1 W
1.5449011350 13 13 2 W
1.5596323570 13 13 3 W
1.5596357490 13 13 0 W
1.5898274500 13 13 1 W
1.7968109260 13 13 2 W
1.8230230290 13 13 3 W
1.8230277780 13 13 0 W
1.8538474350 13 13 1 W
1.9914757510 13 13 2 W
2.0074336130 13 13 3 W
2.0074377440 13 13 0 W
2.0502772620 13 13 1 W
2.1857524760 13 13 2 W
2.2308425160 13 13 3 W
2.2308469900 13 13 0 W
2.2757898110 13 13 1 W
2.5247500480 13 13 2 W
2.5606483450 13 13 3 W
2.5606523490 13 13 0 W
2.5803610260 13 13 1 W
2.7060104260 13 13 2 W
2.7560076520 13 13 3 W
2.7560088120 13 13 0 W
2.7722886170 13 13 1 W
2.9788480770 13 13 2 W
3.0092065630 13 13 3 W
3.0092101400 13 13 0 W
3.0562035150 13 13 1 W
3.1710208020 13 13 2 W
3.1823566740 13 13 3 W
3.1823612370 13 13 0 W
3.2245886150 13 13 1 W
3.3460006270 13 13 2 W
3.3790341820 13 13 3 W
3.3790385870 13 13 0 W
3.4191645740 13 13 1 W
3.5162634350 13 13 2 W
3.5400937170 13 13 3 W
3.5400992080 13 13 0 W
3.5630456990 13 13 1 W
3.7466772190 13 13 2 W
3.7694455450 13 13 3 W
3.7694503100 13 13 0 W
3.8013390880 13 13 1 W
3.9476447600 13 13 2 W
3.9715902600 13 13 3 W
3.9715949160 13 13 0 W
3.9899372270 13 13 1 W
4.1702048950 13 13 2 W
4.1808648720 13 13 3 W
4.1808685570 13 13 0 W
4.1965388330 13 13 1 W
4.4070887170 13 13 2 W
4.4227765380 13 13 3 W
4.4227800750 13 13 0 W
4.4723244670 13 13 1 W
4.5987323830 13 13 2 W
4.6200443990 13 13 3 W
4.6200480990 13 13 0 W
4.6488669650 13 13 1 W
4.7697693940 13 13 2 W
4.8111481880 13 13 3 W
4.8111518070 13 13 0 W
4.8314247320 13 13 1 W
5.1291800270 13 13 2 W
5.1767155890 13 13 3 W
5.1767197420 13 13 0 W
5.2189137280 13 13 1 W
5.3359822030 13 13 2 W
5.3603156680 13 13 3 W
5.3603198850 13 13 0 W
5.3815039490 13 13 1 W
5.4786151360 13 13 2 W
5.4917048600 13 13 3 W
5.4917085940 13 13 0 W
5.5292910690 13 13 1 W
5.6055042490 13 13 2 W
5.6394103510 13 13 3 W
5.6394144890 13 13 0 W
5.6671475930 13 13 1 W
5.8180912230 13 13 2 W
5.8679803090 13 13 3 W
5.8679847410 13 13 0 W
5.9035002390 13 13 1 W
6.0057619850 13 13 2 W
6.0215065780 13 13 3 W
6.0215097690 13 13 0 W
6.0592152320 13 13 1 W
6.2889195720 13 13 2 W
6.3357899790 13 13 3 W
6.3357938760 13 13 0 W
6.3815003490 13 13 1 W
6.4832064710 13 13 2 W
6.5134728930 13 13 3 W
6.5134760630 13 13 0 W
6.5436620690 13 13 1 W
6.6481627110 13 13 2 W
6.6669952140 13 13 3 W
6.6669984790 13 13 0 W
6.6986465190 13 13 1 W
6.7621730090 13 13 2 W
6.7960099150 13 13 3 W
6.7960125970 13 13 0 W
6.8218170440 13 13 1 W
6.8814313920 13 13 2 W
6.9011255390 13 13 3 W
6.9011272580 13 13 0 W
6.9172084050 13 13 1 W
7.0983667680 13 13 2 W
7.1362684830 13 13 3 W
7.1362720820 13 13 0 W
7.1861034540 13 13 1 W
7.2991529500 13 13 2 W
7.3274343430 13 13 3 W
7.3274373700 13 13 0 W
0.0000906410 5 5 0 R
0.0334668910 5 5 1 R
0.0334677410 5 5 2 R
0.0807943490 5 5 3 R
0.0807964780 5 5 0 R
0.1016946460 5 5 1 R
0.2450057310 5 5 2 R
0.2573291650 5 5 3 R
0.2573298920 5 5 0 R
0.2750631880 5 5 1 R
0.2750638650 5 5 2 R
0.2946005110 5 5 3 R
0.2946007370 5 5 0 R
0.3085803490 5 5 1 R
0.4649882600 5 5 2 R
0.4924372800 5 5 3 R
0.4924380200 5 5 0 R
0.5054444020 5 5 1 R
0.5054453430 5 5 2 R
0.5160037090 5 5 3 R
0.5160044700 5 5 0 R
0.5344469010 5 5 1 R
0.7473433890 5 5 2 R
0.7920821060 5 5 3 R
0.7920829480 5 5 0 R
0.8346458610 5 5 1 R
0.9596100140 5 5 2 R
0.9933490360 5 5 3 R
0.9933498020 5 5 0 R
1.0395902960 5 5 1 R
1.2186106520 5 5 2 R
1.2648960350 5 5 3 R
1.2648968070 5 5 0 R
1.2757878380 5 5 1 R
1.4788066790 5 5 2 R
1.5264595870 5 5 3 R
1.5264603520 5 5 0 R
1.5560378830 5 5 1 R
1.6606892030 5 5 2 R
1.6809768210 5 5 3 R
1.6809776070 5 5 0 R
1.7298518300 5 5 1 R
1.8653130990 5 5 2 R
1.9151067850 5 5 3 R
1.9151078130 5 5 0 R
1.9626322370 5 5 1 R
2.1013078660 5 5 2 R
2.1478437040 5 5 3 R
2.1478444890 5 5 0 R
2.1882712330 5 5 1 R
2.3728628350 5 5 2 R
2.4016505830 5 5 3 R
2.4016514210 5 5 0 R
2.4412090500 5 5 1 R
2.5779884860 5 5 2 R
2.5947587730 5 5 3 R
2.5947595550 5 5 0 R
2.6377771880 5 5 1 R
2.8046674230 5 5 2 R
2.8285746430 5 5 3 R
2.8285753970 5 5 0 R
2.8768765630 5 5 1 R
3.0634650170 5 5 2 R
3.0768057030 5 5 3 R
3.0768059360 5 5 0 R
3.1153079730 5 5 1 R
3.2469870960 5 5 2 R
3.2849388770 5 5 3 R
3.2849396790 5 5 0 R
3.3025883950 5 5 1 R
3.4723646090 5 5 2 R
3.4836806660 5 5 3 R
3.4836814310 5 5 0 R
3.5321348250 5 5 1 R
3.6383279340 5 5 2 R
3.6710708500 5 5 3 R
3.6710716150 5 5 0 R
3.7147686680 5 5 1 R
3.8638599580 5 5 2 R
3.8779100780 5 5 3 R
3.8779103240 5 5 0 R
3.8943050810 5 5 1 R
3.8943054980 5 5 2 R
3.9250946830 5 5 3 R
3.9250968340 5 5 0 R
3.9501706150 5 5 1 R
4.0843314230 5 5 2 R
4.1213671310 5 5 3 R
4.1213678900 5 5 0 R
4.1545368910 5 5 1 R
4.2903994510 5 5 2 R
4.3054450240 5 5 3 R
4.3054458110 5 5 0 R
4.3459649350 5 5 1 R
4.5090816860 5 5 2 R
4.5375904990 5 5 3 R
4.5375913080 5 5 0 R
4.5856851390 5 5 1 R
4.7046497030 5 5 2 R
4.7199624980 5 5 3 R
4.7199632520 5 5 0 R
4.7622985790 5 5 1 R
4.9534990750 5 5 2 R
4.9869775700 5 5 3 R
4.9869783910 5 5 0 R
5.0364385380 5 5 1 R
5.2569986680 5 5 2 R
5.2773163020 5 5 3 R
5.2773170680 5 5 0 R
5.3080473030 5 5 1 R
5.4295978620 5 5 2 R
5.4439137920 5 5 3 R
5.4439145320 5 5 0 R
5.4606958300 5 5 1 R
5.5600868670 5 5 2 R
5.6012355630 5 5 3 R
5.6012366500 5 5 0 R
5.6262874670 5 5 1 R
5.7251508150 5 5 2 R
5.7426517880 5 5 3 R
5.7426525500 5 5 0 R
5.7915379020 5 5 1 R
5.9259061000 5 5 2 R
5.9414954890 5 5 3 R
5.9414963100 5 5 0 R
5.9573612540 5 5 1 R
5.9573619280 5 5 2 R
5.9749342190 5 5 3 R
5.9749360890 5 5 0 R
5.9964992480 5 5 1 R
6.1176542370 5 5 2 R
6.1332044910 5 5 3 R
6.1332053050 5 5 0 R
6.1627607700 5 5 1 R
6.1627616230 5 5 2 R
6.1979373260 5 5 3 R
6.1979394130 5 5 0 R
6.2104596780 5 5 1 R
6.3701347650 5 5 2 R
6.3959778370 5 5 3 R
6.3959785970 5 5 0 R
6.4282759730 5 5 1 R
6.5343622150 5 5 2 R
6.5501854630 5 5 3 R
6.5501864750 5 5 0 R
6.5731173700 5 5 1 R
6.5731183290 5 5 2 R
6.5869541380 5 5 3 R
6.5869563210 5 5 0 R
6.6235219990 5 5 1 R
6.7039627040 5 5 2 R
6.7379398340 5 5 3 R
6.7379406310 5 5 0 R
6.7846223360 5 5 1 R
6.8584739500 5 5 2 R
6.8761515150 5 5 3 R
6.8761519740 5 5 0 R
6.9125179750 5 5 1 R
6.9797052340 5 5 2 R
7.0280918690 5 5 3 R
7.0280940980 5 5 0 R
7.0607514460 5 5 1 R
7.1737930000 5 5 2 R
7.1996638940 5 5 3 R
7.1996646590 5 5 0 R
7.2437648290 5 5 1 R
7.3638613420 5 5 2 R
7.3921738080 5 5 3 R
7.3921745900 5 5 0 R
7.4081848990 5 5 1 R
7.4550889150 5 5 2 R
7.4842033960 5 5 3 R
7.4842050960 5 5 0 R
0.0001910760 0 0 0 R
0.0124521080 0 0 1 R
0.0124591100 0 0 2 R
0.0289517820 0 0 3 R
0.0289527360 0 0 0 R
0.0717552330 0 0 1 R
0.2449558030 0 0 2 R
0.2617849360 0 0 3 R
0.2617857140 0 0 0 R
0.3040422820 0 0 1 R
0.4649915860 0 0 2 R
0.5022266730 0 0 3 R
0.5022274230 0 0 0 R
0.5274576620 0 0 1 R
0.7473484740 0 0 2 R
0.7801458370 0 0 3 R
0.7801465940 0 0 0 R
0.8175597860 0 0 1 R
0.9596056220 0 0 2 R
0.9826089990 0 0 3 R
0.9826097980 0 0 0 R
0.9944605200 0 0 1 R
0.9944613290 0 0 2 R
1.0396737130 0 0 3 R
1.0396766370 0 0 0 R
1.0673481910 0 0 1 R
1.2186215950 0 0 2 R
1.2373662020 0 0 3 R
1.2373664480 0 0 0 R
1.2874493580 0 0 1 R
1.4788118320 0 0 2 R
1.5036013910 0 0 3 R
1.5036021540 0 0 0 R
1.5484526930 0 0 1 R
1.6606862200 0 0 2 R
1.6932889450 0 0 3 R
1.6932902740 0 0 0 R
1.7047514530 0 0 1 R
1.7047521560 0 0 2 R
1.7298558240 0 0 3 R
1.7298582190 0 0 0 R
1.7692309290 0 0 1 R
1.8653618720 0 0 2 R
1.8878112410 0 0 3 R
1.8878119950 0 0 0 R
1.9368152550 0 0 1 R
2.1013030820 0 0 2 R
2.1391191580 0 0 3 R
2.1391199080 0 0 0 R
2.1870937200 0 0 1 R
2.3728432760 0 0 2 R
2.3991620650 0 0 3 R
2.3991625910 0 0 0 R
2.4468064020 0 0 1 R
2.5779913220 0 0 2 R
2.6143192370 0 0 3 R
2.6143200150 0 0 0 R
2.6509661320 0 0 1 R
2.8047240520 0 0 2 R
2.8160389440 0 0 3 R
2.8160391790 0 0 0 R
2.8573571230 0 0 1 R
3.0634584320 0 0 2 R
3.1127968060 0 0 3 R
3.1127975700 0 0 0 R
3.1393787740 0 0 1 R
3.2469946560 0 0 2 R
3.2694566260 0 0 3 R
3.2694568940 0 0 0 R
3.3163621530 0 0 1 R
3.4723599790 0 0 2 R
3.4949760330 0 0 3 R
3.4949767950 0 0 0 R
3.5245472390 0 0 1 R
3.6383187720 0 0 2 R
3.6699079790 0 0 3 R
3.6699087820 0 0 0 R
3.7134113150 0 0 1 R
3.8638585430 0 0 2 R
3.9073950540 0 0 3 R
3.9073958380 0 0 0 R
3.9499668210 0 0 1 R
4.0843307500 0 0 2 R
4.1245524160 0 0 3 R
4.1245532050 0 0 0 R
4.1384626050 0 0 1 R
4.2903478270 0 0 2 R
4.3284710870 0 0 3 R
4.3284718370 0 0 0 R
4.3553487840 0 0 1 R
4.5090870570 0 0 2 R
4.5375953390 0 0 3 R
4.5375955830 0 0 0 R
4.5691076410 0 0 1 R
4.7045895140 0 0 2 R
4.7392180320 0 0 3 R
4.7392188310 0 0 0 R
4.7675062280 0 0 1 R
4.9534935890 0 0 2 R
4.9790139710 0 0 3 R
4.9790142430 0 0 0 R
4.9916971120 0 0 1 R
4.9916979930 0 0 2 R
5.0339914680 0 0 3 R
5.0339946880 0 0 0 R
5.0711321750 0 0 1 R
5.2569947980 0 0 2 R
5.2820147100 0 0 3 R
5.2820151240 0 0 0 R
5.3103625510 0 0 1 R
5.4296011470 0 0 2 R
5.4592733590 0 0 3 R
5.4592742000 0 0 0 R
5.4850762080 0 0 1 R
5.5600898170 0 0 2 R
5.5758570540 0 0 3 R
5.5758578970 0 0 0 R
5.6089990750 0 0 1 R
5.7251407090 0 0 2 R
5.7591651690 0 0 3 R
5.7591659870 0 0 0 R
5.8068486450 0 0 1 R
5.9259096620 0 0 2 R
5.9426313910 0 0 3 R
5.9426320950 0 0 0 R
5.9662229500 0 0 1 R
5.9662236770 0 0 2 R
6.0057526300 0 0 3 R
6.0057558720 0 0 0 R
6.0508405640 0 0 1 R
6.1176589620 0 0 2 R
6.1449472270 0 0 3 R
6.1449474870 0 0 0 R
6.1639203150 0 0 1 R
6.1639211290 0 0 2 R
6.1956265850 0 0 3 R
6.1956284140 0 0 0 R
6.2433535070 0 0 1 R
6.3701410530 0 0 2 R
6.4188304890 0 0 3 R
6.4188313710 0 0 0 R
6.4545383070 0 0 1 R
6.5343664090 0 0 2 R
6.5843739610 0 0 3 R
6.5843747750 0 0 0 R
6.6182392270 0 0 1 R
6.7039606300 0 0 2 R
6.7483044950 0 0 3 R
6.7483063090 0 0 0 R
6.7993293720 0 0 1 R
6.8584756670 0 0 2 R
6.8686558050 0 0 3 R
6.8686565430 0 0 0 R
6.9149051100 0 0 1 R
6.9797072540 0 0 2 R
7.0038812970 0 0 3 R
7.0038820790 0 0 0 R
7.0208474450 0 0 1 R
7.1737895040 0 0 2 R
7.2079785670 0 0 3 R
7.2079802830 0 0 0 R
7.2583525820 0 0 1 R
7.3638636130 0 0 2 R
7.3996969540 0 0 3 R
7.3996981290 0 0 0 R
7.4155752760 0 0 1 R
7.4550867600 0 0 2 R
7.4809016570 0 0 3 R
7.4809024850 0 0 0 R
7.5286963420 0 0 1 R
7.5926649530 0 0 2 R
7.6270404400 0 0 3 R
7.6270423190 0 0 0 R
7.6588575700 0 0 1 R
7.6812782110 0 0 2 R
7.7007690730 0 0 3 R
7.7007710450 0 0 0 R
0.0001435380 10 10 0 W
0.0192047900 10 10 1 W
0.0833053170 10 10 2 W
0.1163795830 10 10 3 W
0.1163860540 10 10 0 W
0.1482209550 10 10 1 W
0.4128871730 10 10 2 W
0.4351999420 10 10 3 W
0.4352048820 10 10 0 W
0.4841264790 10 10 1 W
0.6646950200 10 10 2 W
0.6993560370 10 10 3 W
0.6993605900 10 10 0 W
0.7399986800 10 10 1 W
0.8595238140 10 10 2 W
0.8901079580 10 10 3 W
0.8901119320 10 10 0 W
0.9023611200 10 10 1 W
1.0407614710 10 10 2 W
1.0858887610 10 10 3 W
1.0858930170 10 10 0 W
1.1002165110 10 10 1 W
1.3887180480 10 10 2 W
1.4321287740 10 10 3 W
1.4321330720 10 10 0 W
1.4684204030 10 10 1 W
1.5961405350 10 10 2 W
1.6125856950 10 10 3 W
1.6125898620 10 10 0 W
1.6493574270 10 10 1 W
1.7609058220 10 10 2 W
1.7968015760 10 10 3 W
1.7968057130 10 10 0 W
1.8127066600 10 10 1 W
1.9547278260 10 10 2 W
1.9914664590 10 10 3 W
1.9914706910 10 10 0 W
2.0041710850 10 10 1 W
2.2684697240 10 10 2 W
2.3144755440 10 10 3 W
2.3144794160 10 10 0 W
2.3311436350 10 10 1 W
2.4656438920 10 10 2 W
2.5099692220 10 10 3 W
2.5099731670 10 10 0 W
2.5510720880 10 10 1 W
2.6523642800 10 10 2 W
2.6641407010 10 10 3 W
2.6641445310 10 10 0 W
2.6793465970 10 10 1 W
3.0092142090 10 10 2 W
3.0245269840 10 10 3 W
3.0245315660 10 10 0 W
3.0408888960 10 10 1 W
3.1482711610 10 10 2 W
3.1710120150 10 10 3 W
3.1710158910 10 10 0 W
3.1929258020 10 10 1 W
3.3164705450 10 10 2 W
3.3459916340 10 10 3 W
3.3459957240 10 10 0 W
3.3814444990 10 10 1 W
3.5743655950 10 10 2 W
3.6157048650 10 10 3 W
3.6157110340 10 10 0 W
3.6405328370 10 10 1 W
3.7694554340 10 10 2 W
3.8175157640 10 10 3 W
3.8175203210 10 10 0 W
3.8671765960 10 10 1 W
4.0141948400 10 10 2 W
4.0557630740 10 10 3 W
4.0557681500 10 10 0 W
4.0831127180 10 10 1 W
4.2118546970 10 10 2 W
4.2360344190 10 10 3 W
4.2360390790 10 10 0 W
4.2618917120 10 10 1 W
4.3641881900 10 10 2 W
4.4070782800 10 10 3 W
4.4070829260 10 10 0 W
4.4227730450 10 10 1 W
4.5713666870 10 10 2 W
4.5987232820 10 10 3 W
4.5987272540 10 10 0 W
4.6344919230 10 10 1 W
4.8935491830 10 10 2 W
4.9371860790 10 10 3 W
4.9371921440 10 10 0 W
4.9791017920 10 10 1 W
5.1767247100 10 10 2 W
5.2233045320 10 10 3 W
5.2233087080 10 10 0 W
5.2515273370 10 10 1 W
5.3603256710 10 10 2 W
5.3858832200 10 10 3 W
5.3858873030 10 10 0 W
5.4082126190 10 10 1 W
5.4917134070 10 10 2 W
5.5304000420 10 10 3 W
5.5304036090 10 10 0 W
5.5466781930 10 10 1 W
5.6394196230 10 10 2 W
5.6671367810 10 10 3 W
5.6671406960 10 10 0 W
5.6914170040 10 10 1 W
5.7847704440 10 10 2 W
5.8180825250 10 10 3 W
5.8180861110 10 10 0 W
5.8527658420 10 10 1 W
6.0215147120 10 10 2 W
6.0603549910 10 10 3 W
6.0603587110 10 10 0 W
6.0785946330 10 10 1 W
6.2118131210 10 10 2 W
6.2555844730 10 10 3 W
6.2555874870 10 10 0 W
6.2902757250 10 10 1 W
6.4347578630 10 10 2 W
6.4831966070 10 10 3 W
6.4832002440 10 10 0 W
6.5279694280 10 10 1 W
6.5869628770 10 10 2 W
6.6318299070 10 10 3 W
6.6318331620 10 10 0 W
6.6516012120 10 10 1 W
6.7960175620 10 10 2 W
6.8442150200 10 10 3 W
6.8442175070 10 10 0 W
6.8876611680 10 10 1 W
6.9541359810 10 10 2 W
6.9796957730 10 10 3 W
6.9796983850 10 10 0 W
7.0073563300 10 10 1 W
7.1362797600 10 10 2 W
7.1737803760 10 10 3 W
7.1737828650 10 10 0 W
7.2114473280 10 10 1 W
7.3275393860 10 10 2 W
7.3638521390 10 10 3 W
7.3638546010 10 10 0 W
7.3996928700 10 10 1 W
7.4227469640 10 10 2 W
7.4550781730 10 10 3 W
7.4550811750 10 10 0 W
7.4990974510 10 10 1 W
7.4990984160 10 10 2 W
7.5430017760 10 10 3 W
7.5430040780 10 10 0 W
7.5873435290 10 10 1 W
7.6270472810 10 10 2 W
7.6563764370 10 10 3 W
7.6563793060 10 10 0 W
7.6995397100 10 10 1 W
7.7008655950 10 10 2 W
7.7181909340 10 10 3 W
7.7181919900 10 10 0 W
7.7599506050 10 10 1 W
7.7682007070 10 10 2 W
7.7988363670 10 10 3 W
7.7988381180 10 10 0 W
7.8221594220 10 10 1 W
7.8324987810 10 10 2 W
7.8567806540 10 10 3 W
7.8567817020 10 10 0 W
7.8958397460 10 10 1 W
7.8958406580 10 10 2 W
7.9366058400 10 10 3 W
7.9366075750 10 10 0 W
7.9803557130 10 10 1 W
7.9803566550 10 10 2 W
7.9980822240 10 10 3 W
7.9980839630 10 10 0 W
8.0418112370 10 10 1 W
8.0418121640 10 10 2 W
8.0576842390 10 10 3 W
8.0576859950 10 10 0 W
8.0974559220 10 10 1 W
8.0974568390 10 10 2 W
8.1332901610 10 10 3 W
8.1332921380 10 10 0 W
8.1465098130 10 10 1 W
8.1729118270 10 10 2 W
8.2156004590 10 10 3 W
8.2156021050 10 10 0 W
8.2547858490 10 10 1 W
8.2641819380 10 10 2 W
8.2888404120 10 10 3 W
8.2888421200 10 10 0 W
0.0000862280 14 14 0 W
0.0504349700 14 14 1 W
0.2012358050 14 14 2 W
0.2449423780 14 14 3 W
0.2449469630 14 14 0 W
0.2629430680 14 14 1 W
0.4352109100 14 14 2 W
0.4649777010 14 14 3 W
0.4649815550 14 14 0 W
0.4901538170 14 14 1 W
0.6993653630 14 14 2 W
0.7473321220 14 14 3 W
0.7473360770 14 14 0 W
0.7801538070 14 14 1 W
0.9250408160 14 14 2 W
0.9595869000 14 14 3 W
0.9595911860 14 14 0 W
0.9812682530 14 14 1 W
1.1715834260 14 14 2 W
1.2185971230 14 14 3 W
1.2186014710 14 14 0 W
1.2582946480 14 14 1 W
1.4321386720 14 14 2 W
1.4787960790 14 14 3 W
1.4788002810 14 14 0 W
1.5011884260 14 14 1 W
1.6389132090 14 14 2 W
1.6606696380 14 14 3 W
1.6606737720 14 14 0 W
1.7061661970 14 14 1 W
1.8453627950 14 14 2 W
1.8653006310 14 14 3 W
1.8653044620 14 14 0 W
1.9138254400 14 14 1 W
2.0739499570 14 14 2 W
2.1012853730 14 14 3 W
2.1012895490 14 14 0 W
2.1209950810 14 14 1 W
2.3298155070 14 14 2 W
2.3727953900 14 14 3 W
2.3727996550 14 14 0 W
2.3991583540 14 14 1 W
2.5606573240 14 14 2 W
2.5779695050 14 14 3 W
2.5779739830 14 14 0 W
2.6229138520 14 14 1 W
2.7560103540 14 14 2 W
2.8046543100 14 14 3 W
2.8046586990 14 14 0 W
2.8505358410 14 14 1 W
3.0245367300 14 14 2 W
3.0634437970 14 14 3 W
3.0634481030 14 14 0 W
3.1083100820 14 14 1 W
3.2091055180 14 14 2 W
3.2469739640 14 14 3 W
3.2469786260 14 14 0 W
3.2951059310 14 14 1 W
3.4336968810 14 14 2 W
3.4723480120 14 14 3 W
3.4723530040 14 14 0 W
3.5162650320 14 14 1 W
3.6157172190 14 14 2 W
3.6383018920 14 14 3 W
3.6383079260 14 14 0 W
3.6864483560 14 14 1 W
3.8175253490 14 14 2 W
3.8638426470 14 14 3 W
3.8638465740 14 14 0 W
3.8755227410 14 14 1 W
4.0557734560 14 14 2 W
4.0843220100 14 14 3 W
4.0843238810 14 14 0 W
4.1291913370 14 14 1 W
4.2652005850 14 14 2 W
4.2903337720 14 14 3 W
4.2903377450 14 14 0 W
4.3321086200 14 14 1 W
4.4649708230 14 14 2 W
4.5090280660 14 14 3 W
4.5090321850 14 14 0 W
4.5258160900 14 14 1 W
4.6714778640 14 14 2 W
4.7045782990 14 14 3 W
4.7045823890 14 14 0 W
4.7392228720 14 14 1 W
4.9371985010 14 14 2 W
4.9534783070 14 14 3 W
4.9534845450 14 14 0 W
4.9824431140 14 14 1 W
5.2233136300 14 14 2 W
5.2569107550 14 14 3 W
5.2569148650 14 14 0 W
5.2984520800 14 14 1 W
5.5304086430 14 14 2 W
5.5600707150 14 14 3 W
5.5600745980 14 14 0 W
5.5758618150 14 14 1 W
5.7138076120 14 14 2 W
5.7251247570 14 14 3 W
5.7251286840 14 14 0 W
5.7403270580 14 14 1 W
5.8679910330 14 14 2 W
5.9022272630 14 14 3 W
5.9022309850 14 14 0 W
5.9451232050 14 14 1 W
6.0603644310 14 14 2 W
6.0959840960 14 14 3 W
6.0959872180 14 14 0 W
6.1153274260 14 14 1 W
6.2555926970 14 14 2 W
6.2889113490 14 14 3 W
6.2889143090 14 14 0 W
6.3125314170 14 14 1 W
6.4189385660 14 14 2 W
6.4347500330 14 14 3 W
6.4347527470 14 14 0 W
6.4758208030 14 14 1 W
6.6318383310 14 14 2 W
6.6481544990 14 14 3 W
6.6481575320 14 14 0 W
6.6803357980 14 14 1 W
6.7483112130 14 14 2 W
6.7621658110 14 14 3 W
6.7621680030 14 14 0 W
6.8046470960 14 14 1 W
6.9011322410 14 14 2 W
6.9308004210 14 14 3 W
6.9308032080 14 14 0 W
6.9715598590 14 14 1 W
7.0700193150 14 14 2 W
7.0983586360 14 14 3 W
7.0983617910 14 14 0 W
7.1373939120 14 14 1 W
7.2079852220 14 14 2 W
7.2559539260 14 14 3 W
7.2559565140 14 14 0 W
7.2857408700 14 14 1 W
7.3997018380 14 14 2 W
7.4227390950 14 14 3 W
7.4227416430 14 14 0 W
7.4655105100 14 14 1 W
7.4843076580 14 14 2 W
7.4966071570 14 14 3 W
7.4966082060 14 14 0 W
7.5284892170 14 14 1 W
7.5430091850 14 14 2 W
7.5926563080 14 14 3 W
7.5926585700 14 14 0 W
7.6258343270 14 14 1 W
7.6563957060 14 14 2 W
7.6812713060 14 14 3 W
7.6812735010 14 14 0 W
7.7284632360 14 14 1 W
7.7284641540 14 14 2 W
7.7681940340 14 14 3 W
7.7681958360 14 14 0 W
7.7944588800 14 14 1 W
7.7988431570 14 14 2 W
7.8324915710 14 14 3 W
7.8324933670 14 14 0 W
7.8612780530 14 14 1 W
7.8612792010 14 14 2 W
7.8825703150 14 14 3 W
7.8825713770 14 14 0 W
7.9282945590 14 14 1 W
7.9366123510 14 14 2 W
7.9489244850 14 14 3 W
7.9489255230 14 14 0 W
7.9816978070 14 14 1 W
7.9980885470 14 14 2 W
8.0103673750 14 14 3 W
8.0103686530 14 14 0 W
8.0453082460 14 14 1 W
8.0576911990 14 14 2 W
8.0859942620 14 14 3 W
8.0859952980 14 14 0 W
8.1089388760 14 14 1 W
8.1332970820 14 14 2 W
8.1729050140 14 14 3 W
8.1729069370 14 14 0 W
8.1942315270 14 14 1 W
8.2156067510 14 14 2 W
8.2641753990 14 14 3 W
8.2641771030 14 14 0 W
8.2754489460 14 14 1 W
8.2889442340 14 14 2 W
8.3122940420 14 14 3 W
8.3122950650 14 14 0 W
8.3255056870 14 14 1 W
8.3255065840 14 14 2 W
8.3518268360 14 14 3 W
8.3518278300 14 14 0 W
8.3751416850 14 14 1 W
8.3751426990 14 14 2 W
8.3974111860 14 14 3 W
8.3974121450 14 14 0 W
-1 15 15 4 LocalSection;Entry;CriticalSection;Exit;
