0.0001728700 6 6 0 R
0.0113284550 6 6 1 R
0.0113417720 6 6 2 R
0.0530691950 6 6 3 R
0.0530717740 6 6 0 R
0.0744227070 6 6 1 R
0.1549433980 6 6 2 R
0.1939074850 6 6 3 R
0.1939094010 6 6 0 R
0.2077684200 6 6 1 R
0.3415837580 6 6 2 R
0.3695342360 6 6 3 R
0.3695358000 6 6 0 R
0.3970792850 6 6 1 R
0.5734428280 6 6 2 R
0.5958400880 6 6 3 R
0.5958409150 6 6 0 R
0.6241101210 6 6 1 R
0.7366704260 6 6 2 R
0.7640149450 6 6 3 R
0.7640157780 6 6 0 R
0.7916039120 6 6 1 R
0.9376347920 6 6 2 R
0.9493968460 6 6 3 R
0.9493976800 6 6 0 R
0.9633048940 6 6 1 R
0.9633056370 6 6 2 R
0.9746817450 6 6 3 R
0.9746825460 6 6 0 R
1.0251038820 6 6 1 R
1.1675790660 6 6 2 R
1.1959689790 6 6 3 R
1.1959692270 6 6 0 R
1.2157589610 6 6 1 R
1.2157596980 6 6 2 R
1.2393946890 6 6 3 R
1.2393980710 6 6 0 R
1.2801582570 6 6 1 R
1.3844078280 6 6 2 R
1.4160154160 6 6 3 R
1.4160162720 6 6 0 R
1.4522455440 6 6 1 R
1.5690969870 6 6 2 R
1.5876110420 6 6 3 R
1.5876118690 6 6 0 R
1.6125046380 6 6 1 R
1.6125052640 6 6 2 R
1.6461671530 6 6 3 R
1.6461694040 6 6 0 R
1.6747962620 6 6 1 R
1.8240042250 6 6 2 R
1.8588318930 6 6 3 R
1.8588327180 6 6 0 R
1.8705550660 6 6 1 R
2.0135266660 6 6 2 R
2.0586960910 6 6 3 R
2.0586977840 6 6 0 R
2.0868052680 6 6 1 R
2.2522998870 6 6 2 R
2.2637312580 6 6 3 R
2.2637321040 6 6 0 R
2.2866399080 6 6 1 R
2.2866406860 6 6 2 R
2.3364146610 6 6 3 R
2.3364177690 6 6 0 R
2.3715500160 6 6 1 R
2.5047817980 6 6 2 R
2.5444210900 6 6 3 R
2.5444213390 6 6 0 R
2.5872228940 6 6 1 R
2.7395874720 6 6 2 R
2.7798459610 6 6 3 R
2.7798462330 6 6 0 R
2.8248860620 6 6 1 R
2.9763106870 6 6 2 R
2.9910887500 6 6 3 R
2.9910889810 6 6 0 R
3.0349819520 6 6 1 R
3.2105670340 6 6 2 R
3.2421990900 6 6 3 R
3.2421999130 6 6 0 R
3.2677782850 6 6 1 R
3.4309193570 6 6 2 R
3.4573343270 6 6 3 R
3.4573351540 6 6 0 R
0.0001879300 7 7 0 R
0.0475627150 7 7 1 R
0.1548999920 7 7 2 R
0.1883015950 7 7 3 R
0.1883024130 7 7 0 R
0.2014603350 7 7 1 R
0.3415824550 7 7 2 R
0.3838194450 7 7 3 R
0.3838210880 7 7 0 R
0.4055202970 7 7 1 R
0.5734442900 7 7 2 R
0.5857598670 7 7 3 R
0.5857606420 7 7 0 R
0.6206284770 7 7 1 R
0.7366689190 7 7 2 R
0.7595401440 7 7 3 R
0.7595407630 7 7 0 R
0.7849240170 7 7 1 R
0.9376290550 7 7 2 R
0.9574749710 7 7 3 R
0.9574758040 7 7 0 R
0.9832870180 7 7 1 R
1.1675648400 7 7 2 R
1.1864674100 7 7 3 R
1.1864682430 7 7 0 R
1.1972344390 7 7 1 R
1.1972351850 7 7 2 R
1.2271766210 7 7 3 R
1.2271787470 7 7 0 R
1.2688228870 7 7 1 R
1.3844065200 7 7 2 R
1.4046841220 7 7 3 R
1.4046849550 7 7 0 R
1.4468117040 7 7 1 R
1.5690897090 7 7 2 R
1.6161702420 7 7 3 R
1.6161710760 7 7 0 R
1.6414986270 7 7 1 R
1.8239964660 7 7 2 R
1.8415837430 7 7 3 R
1.8415845630 7 7 0 R
1.8646763610 7 7 1 R
1.8646770490 7 7 2 R
1.9113227820 7 7 3 R
1.9113265400 7 7 0 R
1.9266664770 7 7 1 R
2.0135212360 7 7 2 R
2.0410570170 7 7 3 R
2.0410578300 7 7 0 R
2.0802467540 7 7 1 R
2.2522145770 7 7 2 R
2.2867334970 7 7 3 R
2.2867342830 7 7 0 R
2.3033304610 7 7 1 R
2.5047137700 7 7 2 R
2.5389089580 7 7 3 R
2.5389095160 7 7 0 R
2.5637433670 7 7 1 R
2.7395813330 7 7 2 R
2.7696867580 7 7 3 R
2.7696875450 7 7 0 R
2.7891062570 7 7 1 R
2.7891069160 7 7 2 R
2.8194670930 7 7 3 R
2.8194708110 7 7 0 R
2.8577910370 7 7 1 R
2.9763135730 7 7 2 R
3.0253987260 7 7 3 R
3.0253993390 7 7 0 R
3.0414728640 7 7 1 R
3.2105704850 7 7 2 R
3.2383485510 7 7 3 R
3.2383493900 7 7 0 R
3.2667052240 7 7 1 R
3.4309221300 7 7 2 R
3.4572391840 7 7 3 R
3.4572400960 7 7 0 R
3.4887869250 7 7 1 R
3.6896072840 7 7 2 R
3.7009229490 7 7 3 R
3.7009237680 7 7 0 R
3.7425045700 7 7 1 R
3.8706348280 7 7 2 R
3.8839474750 7 7 3 R
3.8839482650 7 7 0 R
3.9340386120 7 7 1 R
4.0650053140 7 7 2 R
4.0784811580 7 7 3 R
4.0784819700 7 7 0 R
0.0002006450 5 5 0 R
0.0335858880 5 5 1 R
0.1548948320 5 5 2 R
0.1811964490 5 5 3 R
0.1811973380 5 5 0 R
0.2004229310 5 5 1 R
0.3415809950 5 5 2 R
0.3838272870 5 5 3 R
0.3838277650 5 5 0 R
0.4055236110 5 5 1 R
0.5734459690 5 5 2 R
0.6085959190 5 5 3 R
0.6085968400 5 5 0 R
0.6539556030 5 5 1 R
0.7366785480 5 5 2 R
0.7796130510 5 5 3 R
0.7796139060 5 5 0 R
0.8295582800 5 5 1 R
0.9376477070 5 5 2 R
0.9655420930 5 5 3 R
0.9655429570 5 5 0 R
0.9891805880 5 5 1 R
1.1675624370 5 5 2 R
1.2170968330 5 5 3 R
1.2170970770 5 5 0 R
1.2361982820 5 5 1 R
1.3843946190 5 5 2 R
1.4253347370 5 5 3 R
1.4253356520 5 5 0 R
1.4511123710 5 5 1 R
1.5690928920 5 5 2 R
1.5828341980 5 5 3 R
1.5828350530 5 5 0 R
1.6150020230 5 5 1 R
1.6150024340 5 5 2 R
1.6344312470 5 5 3 R
1.6344330230 5 5 0 R
1.6556134230 5 5 1 R
1.8239927220 5 5 2 R
1.8623971900 5 5 3 R
1.8623980380 5 5 0 R
1.9113317270 5 5 1 R
2.0135231710 5 5 2 R
2.0368026290 5 5 3 R
2.0368034620 5 5 0 R
2.0770815010 5 5 1 R
2.2522129570 5 5 2 R
2.2824255960 5 5 3 R
2.2824264340 5 5 0 R
2.3197628080 5 5 1 R
2.5047020390 5 5 2 R
2.5444165230 5 5 3 R
2.5444172970 5 5 0 R
2.5637467390 5 5 1 R
2.7395832860 5 5 2 R
2.7798412590 5 5 3 R
2.7798420670 5 5 0 R
2.8011491460 5 5 1 R
2.9763039380 5 5 2 R
2.9910839980 5 5 3 R
2.9910848750 5 5 0 R
3.0029800280 5 5 1 R
3.0029807250 5 5 2 R
3.0317644020 5 5 3 R
3.0317662120 5 5 0 R
3.0525748190 5 5 1 R
3.2105746790 5 5 2 R
3.2408447620 5 5 3 R
3.2408456330 5 5 0 R
3.2611760500 5 5 1 R
3.4309207680 5 5 2 R
3.4628273110 5 5 3 R
3.4628281440 5 5 0 R
3.4742270200 5 5 1 R
3.4742277480 5 5 2 R
3.5017429600 5 5 3 R
3.5017456260 5 5 0 R
3.5457266940 5 5 1 R
3.6896167360 5 5 2 R
3.7022250020 5 5 3 R
3.7022258670 5 5 0 R
3.7488073410 5 5 1 R
3.8706295100 5 5 2 R
3.8940459260 5 5 3 R
3.8940467710 5 5 0 R
3.9265757740 5 5 1 R
4.0650018420 5 5 2 R
4.0838671380 5 5 3 R
4.0838679530 5 5 0 R
4.1188746390 5 5 1 R
4.2627962010 5 5 2 R
4.3016960990 5 5 3 R
4.3016966530 5 5 0 R
4.3183231420 5 5 1 R
4.5032523070 5 5 2 R
4.5211719730 5 5 3 R
4.5211728080 5 5 0 R
0.0001643930 3 3 0 R
0.0167653470 3 3 1 R
0.0167721430 3 3 2 R
0.0595143640 3 3 3 R
0.0595171930 3 3 0 R
0.0859735900 3 3 1 R
0.1549638490 3 3 2 R
0.1858474890 3 3 3 R
0.1858483330 3 3 0 R
0.2307619670 3 3 1 R
0.3416277710 3 3 2 R
0.3849880650 3 3 3 R
0.3849907030 3 3 0 R
0.4268842060 3 3 1 R
0.5734505240 3 3 2 R
0.5913491960 3 3 3 R
0.5913500290 3 3 0 R
0.6183803380 3 3 1 R
0.7366670670 3 3 2 R
0.7479888760 3 3 3 R
0.7479896960 3 3 0 R
0.7917045290 3 3 1 R
0.9376393150 3 3 2 R
0.9678822140 3 3 3 R
0.9678830400 3 3 0 R
0.9890804680 3 3 1 R
1.1675689860 3 3 2 R
1.1828872300 3 3 3 R
1.1828880220 3 3 0 R
1.2259949630 3 3 1 R
1.3843980780 3 3 2 R
1.4092888570 3 3 3 R
1.4092896230 3 3 0 R
1.4511184200 3 3 1 R
1.5690943940 3 3 2 R
1.6186180350 3 3 3 R
1.6186188930 3 3 0 R
1.6504308480 3 3 1 R
1.8240014680 3 3 2 R
1.8440592860 3 3 3 R
1.8440601130 3 3 0 R
1.8692373000 3 3 1 R
2.0135252620 3 3 2 R
2.0344621490 3 3 3 R
2.0344629980 3 3 0 R
2.0726823930 3 3 1 R
2.2522072640 3 3 2 R
2.2883051250 3 3 3 R
2.2883061770 3 3 0 R
2.3067747810 3 3 1 R
2.5047831140 3 3 2 R
2.5279003010 3 3 3 R
2.5279012180 3 3 0 R
2.5443222800 3 3 1 R
2.5443230180 3 3 2 R
2.5636524790 3 3 3 R
2.5636541520 3 3 0 R
2.6022416690 3 3 1 R
2.7395903950 3 3 2 R
2.7893011520 3 3 3 R
2.7893020980 3 3 0 R
2.8098954770 3 3 1 R
2.9763009960 3 3 2 R
3.0042927410 3 3 3 R
3.0042935380 3 3 0 R
3.0494419410 3 3 1 R
3.2105734000 3 3 2 R
3.2296458870 3 3 3 R
3.2296467230 3 3 0 R
3.2490690580 3 3 1 R
3.2490698750 3 3 2 R
3.2966105930 3 3 3 R
3.2966146020 3 3 0 R
3.3201908510 3 3 1 R
3.4309310770 3 3 2 R
3.4788162980 3 3 3 R
3.4788171610 3 3 0 R
3.5017410180 3 3 1 R
3.6896053320 3 3 2 R
3.7068200540 3 3 3 R
3.7068208800 3 3 0 R
3.7350087250 3 3 1 R
3.8706318700 3 3 2 R
3.9006673960 3 3 3 R
3.9006683120 3 3 0 R
3.9252371760 3 3 1 R
4.0650002350 3 3 2 R
4.1032323320 3 3 3 R
4.1032326310 3 3 0 R
4.1262343480 3 3 1 R
4.2627981200 3 3 2 R
4.2993204790 3 3 3 R
4.2993213910 3 3 0 R
4.3266347540 3 3 1 R
4.5032506600 3 3 2 R
4.5485953120 3 3 3 R
4.5485963890 3 3 0 R
4.5923830840 3 3 1 R
4.7205068260 3 3 2 R
4.7562062570 3 3 3 R
4.7562071510 3 3 0 R
4.7865154890 3 3 1 R
4.9157160700 3 3 2 R
4.9556947760 3 3 3 R
4.9556956540 3 3 0 R
4.9943343110 3 3 1 R
5.1257637810 3 3 2 R
5.1652360200 3 3 3 R
5.1652369590 3 3 0 R
0.0001676350 10 10 0 W
0.0134612940 10 10 1 W
0.0733060610 10 10 2 W
0.0926058850 10 10 3 W
0.0926097540 10 10 0 W
0.1263311140 10 10 1 W
0.2110844860 10 10 2 W
0.2526754570 10 10 3 W
0.2526793760 10 10 0 W
0.2668641390 10 10 1 W
0.4222372340 10 10 2 W
0.4441671410 10 10 3 W
0.4441752740 10 10 0 W
0.4799000660 10 10 1 W
0.6170983440 10 10 2 W
0.6344716810 10 10 3 W
0.6344760580 10 10 0 W
0.6562978110 10 10 1 W
0.8468920820 10 10 2 W
0.8745471270 10 10 3 W
0.8745516750 10 10 0 W
0.8891437680 10 10 1 W
1.0073160550 10 10 2 W
1.0507185600 10 10 3 W
1.0507234780 10 10 0 W
1.0720441550 10 10 1 W
1.2394046350 10 10 2 W
1.2603268040 10 10 3 W
1.2603310190 10 10 0 W
1.3049091990 10 10 1 W
1.5188978130 10 10 2 W
1.5547445160 10 10 3 W
1.5547489830 10 10 0 W
1.5784477200 10 10 1 W
1.7639336750 10 10 2 W
1.8034581610 10 10 3 W
1.8034629390 10 10 0 W
1.8216494540 10 10 1 W
1.9528554700 10 10 2 W
1.9746577460 10 10 3 W
1.9746619790 10 10 0 W
1.9898439810 10 10 1 W
2.1004756090 10 10 2 W
2.1350601240 10 10 3 W
2.1350643400 10 10 0 W
2.1613390600 10 10 1 W
2.3364245250 10 10 2 W
2.3768529110 10 10 3 W
2.3768574920 10 10 0 W
2.4062052800 10 10 1 W
2.6584407320 10 10 2 W
2.7042271060 10 10 3 W
2.7042318580 10 10 0 W
2.7395693430 10 10 1 W
2.8813942500 10 10 2 W
2.8997110090 10 10 3 W
2.8997154260 10 10 0 W
2.9170630970 10 10 1 W
3.0459618450 10 10 2 W
3.0842548700 10 10 3 W
3.0842595530 10 10 0 W
3.1075801700 10 10 1 W
3.3365858930 10 10 2 W
3.3865827860 10 10 3 W
3.3865871010 10 10 0 W
3.4162284410 10 10 1 W
3.5513478510 10 10 2 W
3.5766751750 10 10 3 W
3.5766793570 10 10 0 W
3.5908586360 10 10 1 W
3.8413298810 10 10 2 W
3.8706185270 10 10 3 W
3.8706229100 10 10 0 W
3.8963239890 10 10 1 W
4.0300464410 10 10 2 W
4.0649809630 10 10 3 W
4.0649852850 10 10 0 W
4.0963913170 10 10 1 W
4.2503751570 10 10 2 W
4.2627837870 10 10 3 W
4.2627875130 10 10 0 W
4.3016923250 10 10 1 W
4.4685698780 10 10 2 W
4.5032388100 10 10 3 W
4.5032426980 10 10 0 W
4.5319461680 10 10 1 W
4.6912577520 10 10 2 W
4.7204960100 10 10 3 W
4.7204999970 10 10 0 W
4.7549519220 10 10 1 W
4.8749775380 10 10 2 W
4.9156450500 10 10 3 W
4.9156492050 10 10 0 W
4.9532068260 10 10 1 W
5.0922375150 10 10 2 W
5.1257447470 10 10 3 W
5.1257485760 10 10 0 W
5.1527271570 10 10 1 W
5.2867379320 10 10 2 W
5.3346583930 10 10 3 W
5.3346628500 10 10 0 W
5.3611023800 10 10 1 W
5.5588408560 10 10 2 W
5.5805706930 10 10 3 W
5.5805742180 10 10 0 W
5.5919014160 10 10 1 W
5.6771746080 10 10 2 W
5.7054762760 10 10 3 W
5.7054790980 10 10 0 W
5.7247968030 10 10 1 W
5.8969062060 10 10 2 W
5.9076266590 10 10 3 W
5.9076304880 10 10 0 W
5.9476777200 10 10 1 W
6.0359052410 10 10 2 W
6.0474634720 10 10 3 W
6.0474656640 10 10 0 W
0.0000923980 2 2 0 R
0.0298601170 2 2 1 R
0.0298908320 2 2 2 R
0.0732959070 2 2 3 R
0.0732993490 2 2 0 R
0.0893216050 2 2 1 R
0.1549653620 2 2 2 R
0.1960741330 2 2 3 R
0.1960764930 2 2 0 R
0.2420742010 2 2 1 R
0.3416292220 2 2 2 R
0.3793224540 2 2 3 R
0.3793240610 2 2 0 R
0.3947768760 2 2 1 R
0.5734412030 2 2 2 R
0.6170949300 2 2 3 R
0.6170960930 2 2 0 R
0.6288331100 2 2 1 R
0.7366745690 2 2 2 R
0.7733299130 2 2 3 R
0.7733302550 2 2 0 R
0.8072412840 2 2 1 R
0.9376432110 2 2 2 R
0.9722808860 2 2 3 R
0.9722817300 2 2 0 R
1.0030369890 2 2 1 R
1.1675723060 2 2 2 R
1.1853292230 2 2 3 R
1.1853301180 2 2 0 R
1.2006992390 2 2 1 R
1.2006999060 2 2 2 R
1.2328696090 2 2 3 R
1.2328720010 2 2 0 R
1.2467129170 2 2 1 R
1.3844021070 2 2 2 R
1.4117089130 2 2 3 R
1.4117097850 2 2 0 R
1.4403220480 2 2 1 R
1.5690867950 2 2 2 R
1.6030158380 2 2 3 R
1.6030167190 2 2 0 R
1.6357595230 2 2 1 R
1.8239982510 2 2 2 R
1.8657905750 2 2 3 R
1.8657914170 2 2 0 R
1.8893224650 2 2 1 R
2.0135328160 2 2 2 R
2.0511050360 2 2 3 R
2.0511059300 2 2 0 R
2.0921044040 2 2 1 R
2.2522263090 2 2 2 R
2.2880719540 2 2 3 R
2.2880728030 2 2 0 R
2.3124604710 2 2 1 R
2.5046647710 2 2 2 R
2.5225958200 2 2 3 R
2.5225966700 2 2 0 R
2.5375601180 2 2 1 R
2.5375608390 2 2 2 R
2.5689280420 2 2 3 R
2.5689304510 2 2 0 R
2.5923292760 2 2 1 R
2.7396323220 2 2 2 R
2.7892029880 2 2 3 R
2.7892038170 2 2 0 R
2.8260449410 2 2 1 R
2.9763121190 2 2 2 R
2.9993456700 2 2 3 R
2.9993465390 2 2 0 R
3.0414764680 2 2 1 R
3.2105630860 2 2 2 R
3.2454046600 2 2 3 R
3.2454054860 2 2 0 R
3.2889329970 2 2 1 R
3.4309269880 2 2 2 R
3.4651554670 2 2 3 R
3.4651563450 2 2 0 R
3.4801724710 2 2 1 R
3.4801732070 2 2 2 R
3.4982408390 2 2 3 R
3.4982433970 2 2 0 R
3.5470614860 2 2 1 R
3.6896183060 2 2 2 R
3.7109798660 2 2 3 R
3.7109807160 2 2 0 R
3.7603497310 2 2 1 R
3.8706375230 2 2 2 R
3.8864053100 2 2 3 R
3.8864063690 2 2 0 R
3.9073200100 2 2 1 R
4.0649970110 2 2 2 R
4.1065988260 2 2 3 R
4.1065996840 2 2 0 R
4.1492205780 2 2 1 R
4.2628045100 2 2 2 R
4.2903074170 2 2 3 R
4.2903082530 2 2 0 R
4.3015980320 2 2 1 R
4.3015989100 2 2 2 R
4.3287968780 2 2 3 R
4.3287988070 2 2 0 R
4.3544992490 2 2 1 R
4.5033048320 2 2 2 R
4.5186756930 2 2 3 R
4.5186766080 2 2 0 R
4.5295404470 2 2 1 R
4.5295412890 2 2 2 R
4.5483363920 2 2 3 R
4.5483373000 2 2 0 R
4.5766118780 2 2 1 R
4.7205097850 2 2 2 R
4.7328233090 2 2 3 R
4.7328241650 2 2 0 R
4.7673219150 2 2 1 R
4.9156558670 2 2 2 R
4.9320579890 2 2 3 R
4.9320588930 2 2 0 R
4.9482406100 2 2 1 R
4.9482413760 2 2 2 R
4.9657014080 2 2 3 R
4.9657032470 2 2 0 R
5.0109917290 2 2 1 R
5.1257652750 2 2 2 R
5.1641445520 2 2 3 R
5.1641449680 2 2 0 R
5.1743903800 2 2 1 R
5.3346711440 2 2 2 R
5.3512363170 2 2 3 R
5.3512365870 2 2 0 R
5.3645155580 2 2 1 R
5.3645162810 2 2 2 R
5.4041628950 2 2 3 R
5.4041662220 2 2 0 R
5.4458380180 2 2 1 R
5.5805884200 2 2 2 R
5.6045689520 2 2 3 R
5.6045697980 2 2 0 R
5.6250566380 2 2 1 R
5.7481943830 2 2 2 R
5.7929011360 2 2 3 R
5.7929019840 2 2 0 R
5.8347635260 2 2 1 R
5.9613354700 2 2 2 R
5.9896693740 2 2 3 R
5.9896702690 2 2 0 R
6.0272955890 2 2 1 R
6.1486066770 2 2 2 R
6.1707835260 2 2 3 R
6.1707843910 2 2 0 R
0.0002054050 13 13 0 W
0.0462489190 13 13 1 W
0.1961543130 13 13 2 W
0.2110763150 13 13 3 W
0.2110793810 13 13 0 W
0.2483288390 13 13 1 W
0.3849977810 13 13 2 W
0.4222284020 13 13 3 W
0.4222323680 13 13 0 W
0.4624996770 13 13 1 W
0.6882811390 13 13 2 W
0.7101748080 13 13 3 W
0.7101791190 13 13 0 W
0.7595363410 13 13 1 W
0.9094186700 13 13 2 W
0.9376136670 13 13 3 W
0.9376202410 13 13 0 W
0.9552380660 13 13 1 W
1.1237014580 13 13 2 W
1.1675484160 13 13 3 W
1.1675539840 13 13 0 W
1.2059938100 13 13 1 W
1.3587842760 13 13 2 W
1.3843835280 13 13 3 W
1.3843877660 13 13 0 W
1.4092937180 13 13 1 W
1.5547544510 13 13 2 W
1.5690746080 13 13 3 W
1.5690786610 13 13 0 W
1.6174569170 13 13 1 W
1.8034677400 13 13 2 W
1.8239817640 13 13 3 W
1.8239861520 13 13 0 W
1.8718903760 13 13 1 W
2.1747088160 13 13 2 W
2.2173982030 13 13 3 W
2.2174028270 13 13 0 W
2.2367331180 13 13 1 W
2.4095192010 13 13 2 W
2.4482288300 13 13 3 W
2.4482336600 13 13 0 W
2.4685385550 13 13 1 W
2.5910570200 13 13 2 W
2.6325558830 13 13 3 W
2.6325602930 13 13 0 W
2.6648079550 13 13 1 W
2.8194779280 13 13 2 W
2.8434628240 13 13 3 W
2.8434672240 13 13 0 W
2.8791782900 13 13 1 W
3.1675142750 13 13 2 W
3.1827247680 13 13 3 W
3.1827292930 13 13 0 W
3.1940529440 13 13 1 W
3.3166956740 13 13 2 W
3.3365768330 13 13 3 W
3.3365811600 13 13 0 W
3.3532613270 13 13 1 W
3.5017504320 13 13 2 W
3.5513384690 13 13 3 W
3.5513426910 13 13 0 W
3.5994091890 13 13 1 W
3.7499751860 13 13 2 W
3.7614852250 13 13 3 W
3.7614888710 13 13 0 W
3.7834554540 13 13 1 W
3.9147729340 13 13 2 W
3.9476196600 13 13 3 W
3.9476240540 13 13 0 W
3.9677977790 13 13 1 W
4.2044318600 13 13 2 W
4.2503657560 13 13 3 W
4.2503699410 13 13 0 W
4.2626919480 13 13 1 W
4.3993336000 13 13 2 W
4.4320372270 13 13 3 W
4.4320409460 13 13 0 W
4.4573140180 13 13 1 W
4.6209438280 13 13 2 W
4.6387275100 13 13 3 W
4.6387310090 13 13 0 W
4.6716769160 13 13 1 W
4.7649447570 13 13 2 W
4.7911556270 13 13 3 W
4.7911599050 13 13 0 W
4.8249444110 13 13 1 W
5.0575253030 13 13 2 W
5.0922285650 13 13 3 W
5.0922322180 13 13 0 W
5.1320673570 13 13 1 W
5.2704076990 13 13 2 W
5.2867292910 13 13 3 W
5.2867327230 13 13 0 W
5.3154749460 13 13 1 W
5.4844431480 13 13 2 W
5.5335071400 13 13 3 W
5.5335106120 13 13 0 W
5.5732381670 13 13 1 W
5.6304777000 13 13 2 W
5.6437845420 13 13 3 W
5.6437876910 13 13 0 W
5.6694762060 13 13 1 W
5.9076351470 13 13 2 W
5.9443328550 13 13 3 W
5.9443365340 13 13 0 W
5.9550802990 13 13 1 W
6.0475535170 13 13 2 W
6.0813323910 13 13 3 W
6.0813356100 13 13 0 W
6.0955162190 13 13 1 W
6.2324900080 13 13 2 W
6.2712955520 13 13 3 W
6.2712988130 13 13 0 W
6.2999025750 13 13 1 W
6.4712088290 13 13 2 W
6.4824982210 13 13 3 W
6.4825016810 13 13 0 W
0.0002207620 9 9 0 R
0.0200081780 9 9 1 R
0.0200393850 9 9 2 R
0.0322308060 9 9 3 R
0.0322319510 9 9 0 R
0.0449140830 9 9 1 R
0.1548970050 9 9 2 R
0.1800202750 9 9 3 R
0.1800211090 9 9 0 R
0.2153281130 9 9 1 R
0.3415850460 9 9 2 R
0.3529394160 9 9 3 R
0.3529402110 9 9 0 R
0.3659468650 9 9 1 R
0.5734351970 9 9 2 R
0.5946763540 9 9 3 R
0.5946774690 9 9 0 R
0.6331628490 9 9 1 R
0.7366772160 9 9 2 R
0.7796180880 9 9 3 R
0.7796192190 9 9 0 R
0.7917009990 9 9 1 R
0.9376370580 9 9 2 R
0.9746867470 9 9 3 R
0.9746869920 9 9 0 R
1.0073052720 9 9 1 R
1.1675753790 9 9 2 R
1.1959707200 9 9 3 R
1.1959709510 9 9 0 R
1.2233273830 9 9 1 R
1.3843994890 9 9 2 R
1.4206940730 9 9 3 R
1.4206951890 9 9 0 R
1.4468061290 9 9 1 R
1.5690882650 9 9 2 R
1.5887694770 9 9 3 R
1.5887703180 9 9 0 R
1.6102763450 9 9 1 R
1.6102770080 9 9 2 R
1.6589227540 9 9 3 R
1.6589257810 9 9 0 R
1.6846668750 9 9 1 R
1.8240462210 9 9 2 R
1.8402258210 9 9 3 R
1.8402269610 9 9 0 R
1.8871425790 9 9 1 R
2.0135312830 9 9 2 R
2.0475007640 9 9 3 R
2.0475015920 9 9 0 R
2.0855766790 9 9 1 R
2.2522507380 9 9 2 R
2.2823259500 9 9 3 R
2.2823267780 9 9 0 R
2.2940558820 9 9 1 R
2.2940568350 9 9 2 R
2.3270723160 9 9 3 R
2.3270748290 9 9 0 R
2.3602092780 9 9 1 R
2.5048054970 9 9 2 R
2.5455508450 9 9 3 R
2.5455517200 9 9 0 R
2.5936699630 9 9 1 R
2.7396342880 9 9 2 R
2.7751830650 9 9 3 R
2.7751839060 9 9 0 R
2.8183319220 9 9 1 R
2.9762989120 9 9 2 R
3.0076190960 9 9 3 R
3.0076199220 9 9 0 R
3.0472362150 9 9 1 R
3.2105719690 9 9 2 R
3.2396839960 9 9 3 R
3.2396848320 9 9 0 R
3.2833527700 9 9 1 R
3.4309240340 9 9 2 R
3.4697793870 9 9 3 R
3.4697802340 9 9 0 R
3.4828150720 9 9 1 R
3.6896087220 9 9 2 R
3.7033358240 9 9 3 R
3.7033366620 9 9 0 R
3.7208764440 9 9 1 R
3.7208771580 9 9 2 R
3.7499655190 9 9 3 R
3.7499687410 9 9 0 R
3.7782295740 9 9 1 R
3.8706403240 9 9 2 R
3.9006723810 9 9 3 R
3.9006726030 9 9 0 R
3.9277332800 9 9 1 R
4.0650035220 9 9 2 R
4.0962943550 9 9 3 R
4.0962952090 9 9 0 R
4.1154511460 9 9 1 R
4.2627939470 9 9 2 R
4.2801114980 9 9 3 R
4.2801123340 9 9 0 R
4.2955442970 9 9 1 R
4.2955449920 9 9 2 R
4.3428204830 9 9 3 R
4.3428233110 9 9 0 R
4.3545925700 9 9 1 R
4.5033612900 9 9 2 R
4.5332093730 9 9 3 R
4.5332105000 9 9 0 R
4.5499195240 9 9 1 R
4.7205118990 9 9 2 R
4.7474542810 9 9 3 R
4.7474551040 9 9 0 R
4.7888287990 9 9 1 R
4.9157434030 9 9 2 R
4.9530993140 9 9 3 R
4.9531001470 9 9 0 R
4.9879449470 9 9 1 R
5.1257606070 9 9 2 R
5.1504268360 9 9 3 R
5.1504277110 9 9 0 R
5.1808170550 9 9 1 R
5.3346739270 9 9 2 R
5.3794193290 9 9 3 R
5.3794202380 9 9 0 R
5.4052851360 9 9 1 R
5.5805805250 9 9 2 R
5.6122274580 9 9 3 R
5.6122283370 9 9 0 R
5.6601081800 9 9 1 R
5.7482022000 9 9 2 R
5.7928050890 9 9 3 R
5.7928059320 9 9 0 R
5.8302310440 9 9 1 R
5.9613404650 9 9 2 R
6.0066534830 9 9 3 R
6.0066537350 9 9 0 R
6.0371548260 9 9 1 R
6.1486085530 9 9 2 R
6.1931651760 9 9 3 R
6.1931663810 9 9 0 R
6.2200897790 9 9 1 R
6.3597793320 9 9 2 R
6.3801003250 9 9 3 R
6.3801011780 9 9 0 R
6.4125059390 9 9 1 R
6.4958837120 9 9 2 R
6.5432369860 9 9 3 R
6.5432376890 9 9 0 R
6.5923315890 9 9 1 R
6.6461477240 9 9 2 R
6.6622294010 9 9 3 R
6.6622302350 9 9 0 R
6.7000463970 9 9 1 R
6.7728895080 9 9 2 R
6.8046009910 9 9 3 R
6.8046018370 9 9 0 R
6.8526463040 9 9 1 R
6.9419111840 9 9 2 R
6.9570828160 9 9 3 R
6.9570836620 9 9 0 R
6.9756990140 9 9 1 R
6.9756996590 9 9 2 R
7.0204758460 9 9 3 R
7.0204782020 9 9 0 R
0.0001605300 0 0 0 R
0.0348300860 0 0 1 R
0.1549397540 0 0 2 R
0.1722434670 0 0 3 R
0.1722443590 0 0 0 R
0.2225889250 0 0 1 R
0.3415866860 0 0 2 R
0.3738442720 0 0 3 R
0.3738459380 0 0 0 R
0.4235824680 0 0 1 R
0.5734489280 0 0 2 R
0.5902367810 0 0 3 R
0.5902373320 0 0 0 R
0.6265301700 0 0 1 R
0.7366718380 0 0 2 R
0.7733231760 0 0 3 R
0.7733243720 0 0 0 R
0.8198990080 0 0 1 R
0.9376460440 0 0 2 R
0.9552419210 0 0 3 R
0.9552425010 0 0 0 R
0.9967190160 0 0 1 R
1.1675707380 0 0 2 R
1.2134531640 0 0 3 R
1.2134534690 0 0 0 R
1.2571002190 0 0 1 R
1.3844051160 0 0 2 R
1.4060259230 0 0 3 R
1.4060267500 0 0 0 R
1.4468974320 0 0 1 R
1.5690911230 0 0 2 R
1.5851566620 0 0 3 R
1.5851578620 0 0 0 R
1.6018540800 0 0 1 R
1.6018549120 0 0 2 R
1.6390960670 0 0 3 R
1.6390981860 0 0 0 R
1.6503383880 0 0 1 R
1.8239999020 0 0 2 R
1.8576710080 0 0 3 R
1.8576718710 0 0 0 R
1.8846387050 0 0 1 R
2.0135296670 0 0 2 R
2.0292300230 0 0 3 R
2.0292309210 0 0 0 R
2.0770771880 0 0 1 R
2.2522112010 0 0 2 R
2.2939596370 0 0 3 R
2.2939605380 0 0 0 R
2.3282320270 0 0 1 R
2.5046669100 0 0 2 R
2.5489785420 0 0 3 R
2.5489793770 0 0 0 R
2.5897070750 0 0 1 R
2.7395917390 0 0 2 R
2.7549421460 0 0 3 R
2.7549429650 0 0 0 R
2.7811958820 0 0 1 R
2.7811966230 0 0 2 R
2.8110588220 0 0 3 R
2.8110613690 0 0 0 R
2.8226454780 0 0 1 R
2.9763092520 0 0 2 R
3.0075300880 0 0 3 R
3.0075309730 0 0 0 R
3.0403331060 0 0 1 R
3.2105690010 0 0 2 R
3.2213410210 0 0 3 R
3.2213418930 0 0 0 R
3.2361401270 0 0 1 R
3.2361407510 0 0 2 R
3.2666186940 0 0 3 R
3.2666202810 0 0 0 R
3.3114023210 0 0 1 R
3.4309298700 0 0 2 R
3.4686184500 0 0 3 R
3.4686193260 0 0 0 R
3.4841731360 0 0 1 R
3.6896105470 0 0 2 R
3.7263134340 0 0 3 R
3.7263142550 0 0 0 R
3.7669583610 0 0 1 R
3.8706388110 0 0 2 R
3.8852292100 0 0 3 R
3.8852300410 0 0 0 R
3.9072295700 0 0 1 R
4.0649947970 0 0 2 R
4.0771843600 0 0 3 R
4.0771852490 0 0 0 R
4.0961991590 0 0 1 R
4.0961999400 0 0 2 R
4.1079376120 0 0 3 R
4.1079384480 0 0 0 R
4.1545306540 0 0 1 R
4.2628060170 0 0 2 R
4.3017002170 0 0 3 R
4.3017004520 0 0 0 R
4.3472500940 0 0 1 R
4.5033032060 0 0 2 R
4.5319402950 0 0 3 R
4.5319412910 0 0 0 R
4.5450965170 0 0 1 R
4.5450972600 0 0 2 R
4.5910944680 0 0 3 R
4.5910970080 0 0 0 R
4.6410433700 0 0 1 R
4.7205184370 0 0 2 R
4.7561116760 0 0 3 R
4.7561125410 0 0 0 R
4.7716097140 0 0 1 R
4.9156580920 0 0 2 R
4.9621954000 0 0 3 R
4.9621963670 0 0 0 R
4.9782166780 0 0 1 R
5.1257575230 0 0 2 R
5.1641140610 0 0 3 R
5.1641149300 0 0 0 R
5.2112319670 0 0 1 R
5.3346815510 0 0 2 R
5.3512315520 0 0 3 R
5.3512323910 0 0 0 R
5.3849069420 0 0 1 R
5.5805826270 0 0 2 R
5.6177037240 0 0 3 R
5.6177057640 0 0 0 R
5.6402454880 0 0 1 R
5.7481989730 0 0 2 R
5.7861830370 0 0 3 R
5.7861838670 0 0 0 R
5.8302275090 0 0 1 R
5.9613391020 0 0 2 R
5.9951738150 0 0 3 R
5.9951747380 0 0 0 R
6.0359006420 0 0 1 R
6.1486102120 0 0 2 R
6.1832746290 0 0 3 R
6.1832754710 0 0 0 R
6.1979390120 0 0 1 R
6.1979396990 0 0 2 R
6.2176094750 0 0 3 R
6.2176113270 0 0 0 R
6.2336509460 0 0 1 R
6.3597845420 0 0 2 R
6.3825191480 0 0 3 R
6.3825199250 0 0 0 R
6.3943557420 0 0 1 R
6.3943563700 0 0 2 R
6.4091654180 0 0 3 R
6.4091672190 0 0 0 R
6.4322400480 0 0 1 R
6.4958869540 0 0 2 R
6.5165521930 0 0 3 R
6.5165529950 0 0 0 R
6.5432317790 0 0 1 R
6.5432324990 0 0 2 R
6.5579457050 0 0 3 R
6.5579479330 0 0 0 R
6.6056093420 0 0 1 R
6.6461497430 0 0 2 R
6.6707308210 0 0 3 R
6.6707316760 0 0 0 R
6.7158090420 0 0 1 R
6.7728863570 0 0 2 R
6.8113448980 0 0 3 R
6.8113466600 0 0 0 R
6.8362255590 0 0 1 R
6.9419081930 0 0 2 R
6.9707686760 0 0 3 R
6.9707695820 0 0 0 R
7.0081849820 0 0 1 R
7.1103450950 0 0 2 R
7.1251666510 0 0 3 R
7.1251675540 0 0 0 R
7.1522177850 0 0 1 R
7.2879889990 0 0 2 R
7.3376719270 0 0 3 R
7.3376741990 0 0 0 R
0.0000952020 4 4 0 R
0.0168159500 4 4 1 R
0.0168162030 4 4 2 R
0.0638301350 4 4 3 R
0.0638326630 4 4 0 R
0.0766618570 4 4 1 R
0.1549450000 4 4 2 R
0.1786782410 4 4 3 R
0.1786791110 4 4 0 R
0.2250853550 4 4 1 R
0.3415881720 4 4 2 R
0.3739365850 4 4 3 R
0.3739382630 4 4 0 R
0.3862898390 4 4 1 R
0.5734375300 4 4 2 R
0.6170899480 4 4 3 R
0.6170908350 4 4 0 R
0.6636048120 4 4 1 R
0.7366798370 4 4 2 R
0.7672775920 4 4 3 R
0.7672784700 4 4 0 R
0.7873234850 4 4 1 R
0.9376323260 4 4 2 R
0.9516784030 4 4 3 R
0.9516792900 4 4 0 R
0.9722111360 4 4 1 R
0.9722118730 4 4 2 R
0.9902318140 4 4 3 R
0.9902345980 4 4 0 R
1.0177952520 4 4 1 R
1.1675773160 4 4 2 R
1.2134482730 4 4 3 R
1.2134490790 4 4 0 R
1.2246594320 4 4 1 R
1.3844008610 4 4 2 R
1.4327840590 4 4 3 R
1.4327856720 4 4 0 R
1.4828074200 4 4 1 R
1.5690987700 4 4 2 R
1.6149973080 4 4 3 R
1.6149981280 4 4 0 R
1.6342299360 4 4 1 R
1.8239948700 4 4 2 R
1.8403313800 4 4 3 R
1.8403322060 4 4 0 R
1.8772113920 4 4 1 R
2.0135279950 4 4 2 R
2.0486625690 4 4 3 R
2.0486634300 4 4 0 R
2.0674025000 4 4 1 R
2.2521645220 4 4 2 R
2.2896573970 4 4 3 R
2.2896582000 4 4 0 R
2.3102318210 4 4 1 R
2.5048099400 4 4 2 R
2.5375653940 4 4 3 R
2.5375661080 4 4 0 R
2.5807179500 4 4 1 R
2.7395861250 4 4 2 R
2.7664064370 4 4 3 R
2.7664072590 4 4 0 R
2.8076900240 4 4 1 R
2.9763071500 4 4 2 R
3.0221880080 4 4 3 R
3.0221887940 4 4 0 R
3.0537322370 4 4 1 R
3.2105759560 4 4 2 R
3.2488727500 4 4 3 R
3.2488735220 4 4 0 R
3.2866317400 4 4 1 R
3.4309257200 4 4 2 R
3.4572468680 4 4 3 R
3.4572472000 4 4 0 R
3.4876287010 4 4 1 R
3.6896120900 4 4 2 R
3.7009278900 4 4 3 R
3.7009281240 4 4 0 R
3.7197210860 4 4 1 R
3.7197218820 4 4 2 R
3.7336716450 4 4 3 R
3.7336724670 4 4 0 R
3.7834593860 4 4 1 R
3.8706417510 4 4 2 R
3.9147628870 4 4 3 R
3.9147658660 4 4 0 R
3.9363328900 4 4 1 R
4.0650067460 4 4 2 R
4.1092393640 4 4 3 R
4.1092410400 4 4 0 R
4.1275421550 4 4 1 R
4.2627996140 4 4 2 R
4.2814171920 4 4 3 R
4.2814180800 4 4 0 R
4.3321065220 4 4 1 R
4.5032539670 4 4 2 R
4.5498164490 4 4 3 R
4.5498175110 4 4 0 R
4.5742419800 4 4 1 R
4.7205136210 4 4 2 R
4.7574638290 4 4 3 R
4.7574646930 4 4 0 R
4.7750955700 4 4 1 R
4.9156596530 4 4 2 R
4.9506115600 4 4 3 R
4.9506124220 4 4 0 R
4.9670411890 4 4 1 R
5.1257554380 4 4 2 R
5.1685261100 4 4 3 R
5.1685269260 4 4 0 R
5.2154593020 4 4 1 R
5.3346840860 4 4 2 R
5.3554406510 4 4 3 R
5.3554414960 4 4 0 R
5.3873353680 4 4 1 R
5.5805840920 4 4 2 R
5.5993425340 4 4 3 R
5.5993433270 4 4 0 R
5.6404398010 4 4 1 R
5.7482003990 4 4 2 R
5.7728639270 4 4 3 R
5.7728647640 4 4 0 R
5.7928098120 4 4 1 R
5.7928102570 4 4 2 R
5.8419302860 4 4 3 R
5.8419331540 4 4 0 R
5.8602398560 4 4 1 R
5.9613447090 4 4 2 R
6.0035184080 4 4 3 R
6.0035189810 4 4 0 R
6.0508275990 4 4 1 R
6.1486118820 4 4 2 R
6.1720001520 4 4 3 R
6.1720012910 4 4 0 R
6.1965865300 4 4 1 R
6.1965872700 4 4 2 R
6.2324809390 4 4 3 R
6.2324835160 4 4 0 R
6.2510320670 4 4 1 R
6.3597859820 4 4 2 R
6.3978341100 4 4 3 R
6.3978349620 4 4 0 R
6.4374686270 4 4 1 R
6.4958852610 4 4 2 R
6.5122090430 4 4 3 R
6.5122098920 4 4 0 R
6.5474659670 4 4 1 R
6.6461154120 4 4 2 R
6.6820464720 4 4 3 R
6.6820473540 4 4 0 R
6.7114903800 4 4 1 R
6.7728925450 4 4 2 R
6.7842314680 4 4 3 R
6.7842322820 4 4 0 R
6.8349324730 4 4 1 R
6.9419061470 4 4 2 R
6.9696080450 4 4 3 R
6.9696089210 4 4 0 R
6.9812055100 4 4 1 R
6.9812062120 4 4 2 R
6.9942095840 4 4 3 R
6.9942104570 4 4 0 R
7.0414996160 4 4 1 R
7.1103485130 4 4 2 R
7.1407658650 4 4 3 R
7.1407667370 4 4 0 R
7.1866301060 4 4 1 R
7.2879909950 4 4 2 R
7.3237056310 4 4 3 R
7.3237064900 4 4 0 R
7.3590969680 4 4 1 R
7.3892457130 4 4 2 R
7.4055597590 4 4 3 R
7.4055606370 4 4 0 R
7.4512782120 4 4 1 R
7.5466207100 4 4 2 R
7.5642304950 4 4 3 R
7.5642313610 4 4 0 R
7.6017982780 4 4 1 R
7.6450093460 4 4 2 R
7.6776236180 4 4 3 R
7.6776258850 4 4 0 R
0.0001516230 14 14 0 W
0.0212490760 14 14 1 W
0.0926147260 14 14 2 W
0.1099288040 14 14 3 W
0.1099335550 14 14 0 W
0.1537235820 14 14 1 W
0.2526840380 14 14 2 W
0.2932310190 14 14 3 W
0.2932353110 14 14 0 W
0.3415756810 14 14 1 W
0.4852264620 14 14 2 W
0.5229174670 14 14 3 W
0.5229211530 14 14 0 W
0.5591059360 14 14 1 W
0.6660022590 14 14 2 W
0.6882717530 14 14 3 W
0.6882760070 14 14 0 W
0.7113019740 14 14 1 W
0.8282305780 14 14 2 W
0.8468826660 14 14 3 W
0.8468872130 14 14 0 W
0.8757358230 14 14 1 W
0.9902408970 14 14 2 W
1.0073087890 14 14 3 W
1.0073121030 14 14 0 W
1.0463524960 14 14 1 W
1.3302638670 14 14 2 W
1.3587774980 14 14 3 W
1.3587806460 14 14 0 W
1.3711076060 14 14 1 W
1.5082172540 14 14 2 W
1.5188889500 14 14 3 W
1.5188931300 14 14 0 W
1.5304804160 14 14 1 W
1.6825509810 14 14 2 W
1.7243396070 14 14 3 W
1.7243441940 14 14 0 W
1.7405271070 14 14 1 W
1.9113365720 14 14 2 W
1.9266557350 14 14 3 W
1.9266597370 14 14 0 W
1.9702958810 14 14 1 W
2.0587025000 14 14 2 W
2.1004644250 14 14 3 W
2.1004698110 14 14 0 W
2.1196687840 14 14 1 W
2.4482383740 14 14 2 W
2.4809314680 14 14 3 W
2.4809359110 14 14 0 W
2.4962653370 14 14 1 W
2.6325653850 14 14 2 W
2.6584302190 14 14 3 W
2.6584351000 14 14 0 W
2.7042393520 14 14 1 W
2.8434723750 14 14 2 W
2.8813838940 14 14 3 W
2.8813884350 14 14 0 W
2.9283290200 14 14 1 W
3.0842640800 14 14 2 W
3.1229601500 14 14 3 W
3.1229646170 14 14 0 W
3.1331648020 14 14 1 W
3.2966211070 14 14 2 W
3.3166868150 14 14 3 W
3.3166905720 14 14 0 W
3.3408963150 14 14 1 W
3.5993193220 14 14 2 W
3.6449610300 14 14 3 W
3.6449654110 14 14 0 W
3.6712461920 14 14 1 W
3.7977121770 14 14 2 W
3.8413216360 14 14 3 W
3.8413252820 14 14 0 W
3.8878294440 14 14 1 W
4.0107217690 14 14 2 W
4.0300376040 14 14 3 W
4.0300414870 14 14 0 W
4.0483501040 14 14 1 W
4.1467236490 14 14 2 W
4.1860965360 14 14 3 W
4.1861033940 14 14 0 W
4.2179282620 14 14 1 W
4.3428298750 14 14 2 W
4.3546829940 14 14 3 W
4.3546874520 14 14 0 W
4.3930492290 14 14 1 W
4.6573604330 14 14 2 W
4.6912486410 14 14 3 W
4.6912527160 14 14 0 W
4.7381564790 14 14 1 W
4.8415320510 14 14 2 W
4.8749688090 14 14 3 W
4.8749728060 14 14 0 W
4.9002538960 14 14 1 W
5.0323382330 14 14 2 W
5.0575166630 14 14 3 W
5.0575201620 14 14 0 W
5.0933529320 14 14 1 W
5.2207678170 14 14 2 W
5.2400929610 14 14 3 W
5.2400967830 14 14 0 W
5.2880790750 14 14 1 W
5.4137393020 14 14 2 W
5.4571186490 14 14 3 W
5.4571463380 14 14 0 W
5.4979346570 14 14 1 W
5.6437924040 14 14 2 W
5.6771656720 14 14 3 W
5.6771697200 14 14 0 W
5.7054728150 14 14 1 W
5.8856350150 14 14 2 W
5.8968976480 14 14 3 W
5.8969009760 14 14 0 W
5.9299974730 14 14 1 W
6.0098510120 14 14 2 W
6.0359024490 14 14 3 W
6.0359034830 14 14 0 W
6.0759975790 14 14 1 W
6.2934848250 14 14 2 W
6.3323453090 14 14 3 W
6.3323488850 14 14 0 W
6.3585293470 14 14 1 W
6.4468554290 14 14 2 W
6.4712013470 14 14 3 W
6.4712043060 14 14 0 W
6.5179025850 14 14 1 W
6.5762393730 14 14 2 W
6.6067687910 14 14 3 W
6.6067725750 14 14 0 W
6.6555972600 14 14 1 W
6.7158071320 14 14 2 W
6.7351432110 14 14 3 W
6.7351463370 14 14 0 W
6.7855721490 14 14 1 W
6.8526570410 14 14 2 W
6.9013202520 14 14 3 W
6.9013234090 14 14 0 W
6.9375056450 14 14 1 W
7.0205768380 14 14 2 W
7.0370608600 14 14 3 W
7.0370635300 14 14 0 W
7.0638824120 14 14 1 W
7.1865448780 14 14 2 W
7.2102869720 14 14 3 W
7.2102900400 14 14 0 W
7.2361749400 14 14 1 W
7.3592163390 14 14 2 W
7.3892342710 14 14 3 W
7.3892370080 14 14 0 W
7.4313326960 14 14 1 W
7.5068646820 14 14 2 W
7.5466068970 14 14 3 W
7.5466101570 14 14 0 W
7.5932901780 14 14 1 W
7.6278231670 14 14 2 W
7.6450002390 14 14 3 W
7.6450028770 14 14 0 W
7.6681046970 14 14 1 W
7.7247077860 14 14 2 W
7.7643011830 14 14 3 W
7.7643035510 14 14 0 W
0.0002196500 8 8 0 R
0.0211686020 8 8 1 R
0.0211693340 8 8 2 R
0.0415157070 8 8 3 R
0.0415182990 8 8 0 R
0.0542629610 8 8 1 R
0.1548984450 8 8 2 R
0.1735148520 8 8 3 R
0.1735156990 8 8 0 R
0.1894235810 8 8 1 R
0.3415791520 8 8 2 R
0.3563233990 8 8 3 R
0.3563242320 8 8 0 R
0.3925215590 8 8 1 R
0.5734390930 8 8 2 R
0.5992843510 8 8 3 R
0.5992852150 8 8 0 R
0.6288364970 8 8 1 R
0.7366759130 8 8 2 R
0.7686166230 8 8 3 R
0.7686174730 8 8 0 R
0.8107317930 8 8 1 R
0.9376446720 8 8 2 R
0.9588113330 8 8 3 R
0.9588121860 8 8 0 R
0.9722858710 8 8 1 R
0.9722862810 8 8 2 R
0.9857704630 8 8 3 R
0.9857723600 8 8 0 R
1.0030406370 8 8 1 R
1.1675738430 8 8 2 R
1.1959642970 8 8 3 R
1.1959650810 8 8 0 R
1.2467183070 8 8 1 R
1.3844036130 8 8 2 R
1.4242232370 8 8 3 R
1.4242240980 8 8 0 R
1.4511866910 8 8 1 R
1.5690957180 8 8 2 R
1.5962401260 8 8 3 R
1.5962409520 8 8 0 R
1.6125094490 8 8 1 R
1.6125097420 8 8 2 R
1.6448017930 8 8 3 R
1.6448041230 8 8 0 R
1.6802265910 8 8 1 R
1.8240446220 8 8 2 R
1.8563325250 8 8 3 R
1.8563333170 8 8 0 R
1.8948000310 8 8 1 R
2.0135344220 8 8 2 R
2.0499436540 8 8 3 R
2.0499445150 8 8 0 R
2.0660795800 8 8 1 R
2.2521615330 8 8 2 R
2.2780915410 8 8 3 R
2.2780923540 8 8 0 R
2.2964977070 8 8 1 R
2.2964983940 8 8 2 R
2.3282383200 8 8 3 R
2.3282404820 8 8 0 R
2.3488906350 8 8 1 R
2.5048030630 8 8 2 R
2.5313280920 8 8 3 R
2.5313290060 8 8 0 R
2.5533728060 8 8 1 R
2.7395847860 8 8 2 R
2.7856263490 8 8 3 R
2.7856272450 8 8 0 R
2.7966525500 8 8 1 R
2.9763024710 8 8 2 R
3.0018200750 8 8 3 R
3.0018208540 8 8 0 R
3.0316717260 8 8 1 R
3.2105652630 8 8 2 R
3.2584707400 8 8 3 R
3.2584715700 8 8 0 R
3.3010958040 8 8 1 R
3.4309284780 8 8 2 R
3.4814824500 8 8 3 R
3.4814832860 8 8 0 R
3.5017374340 8 8 1 R
3.6896140170 8 8 2 R
3.7122413260 8 8 3 R
3.7122421520 8 8 0 R
3.7382767050 8 8 1 R
3.8706334420 8 8 2 R
3.8877393590 8 8 3 R
3.8877401490 8 8 0 R
3.9124585980 8 8 1 R
4.0649925820 8 8 2 R
4.1032269020 8 8 3 R
4.1032277470 8 8 0 R
4.1320339790 8 8 1 R
4.2628011340 8 8 2 R
4.2836997900 8 8 3 R
4.2837006760 8 8 0 R
4.2968992260 8 8 1 R
4.2968998970 8 8 2 R
4.3129076670 8 8 3 R
4.3129084950 8 8 0 R
4.3439912570 8 8 1 R
4.5032553630 8 8 2 R
4.5346072830 8 8 3 R
4.5346081970 8 8 0 R
4.5766080780 8 8 1 R
4.7205155440 8 8 2 R
4.7574688860 8 8 3 R
4.7574691760 8 8 0 R
4.7888320350 8 8 1 R
4.9157364410 8 8 2 R
4.9415873790 8 8 3 R
4.9415882020 8 8 0 R
4.9814487140 8 8 1 R
5.1257591370 8 8 2 R
5.1710014320 8 8 3 R
5.1710031870 8 8 0 R
5.1997272410 8 8 1 R
5.3346789200 8 8 2 R
5.3499529300 8 8 3 R
5.3499538300 8 8 0 R
5.3678535240 8 8 1 R
5.3678542460 8 8 2 R
5.4137294610 8 8 3 R
5.4137322950 8 8 0 R
5.4305204280 8 8 1 R
5.5805870690 8 8 2 R
5.6124199810 8 8 3 R
5.6124210690 8 8 0 R
5.6318068790 8 8 1 R
5.7481975960 8 8 2 R
5.7972799940 8 8 3 R
5.7972808780 8 8 0 R
5.8324615790 8 8 1 R
5.9613422390 8 8 2 R
5.9951789130 8 8 3 R
5.9951793270 8 8 0 R
6.0150832910 8 8 1 R
6.1486050660 8 8 2 R
6.1980365920 8 8 3 R
6.1980375550 8 8 0 R
6.2336477620 8 8 1 R
6.3597831710 8 8 2 R
6.3921740350 8 8 3 R
6.3921748580 8 8 0 R
6.4102773400 8 8 1 R
6.4958821900 8 8 2 R
6.5420552630 8 8 3 R
6.5420561300 8 8 0 R
6.5794693970 8 8 1 R
6.6461459570 8 8 2 R
6.6895689300 8 8 3 R
6.6895707630 8 8 0 R
6.7001712180 8 8 1 R
6.7728910000 8 8 2 R
6.8023184400 8 8 3 R
6.8023193260 8 8 0 R
6.8348410060 8 8 1 R
6.9419041820 8 8 2 R
6.9732410700 8 8 3 R
6.9732420090 8 8 0 R
6.9986676820 8 8 1 R
7.1103430590 8 8 2 R
7.1302801180 8 8 3 R
7.1302810110 8 8 0 R
7.1442028790 8 8 1 R
7.1442036960 8 8 2 R
7.1865357370 8 8 3 R
7.1865380810 8 8 0 R
7.2127793530 8 8 1 R
7.2879940150 8 8 2 R
7.3002415350 8 8 3 R
7.3002424030 8 8 0 R
7.3182205930 8 8 1 R
7.3182212670 8 8 2 R
7.3292132010 8 8 3 R
7.3292140650 8 8 0 R
7.3759246360 8 8 1 R
7.3892472040 8 8 2 R
7.4388262160 8 8 3 R
7.4388279800 8 8 0 R
7.4490031810 8 8 1 R
7.5466189890 8 8 2 R
7.5910115800 8 8 3 R
7.5910132580 8 8 0 R
7.6382369200 8 8 1 R
7.6450127610 8 8 2 R
7.6562781050 8 8 3 R
7.6562791190 8 8 0 R
7.7043374040 8 8 1 R
7.7644027570 8 8 2 R
7.8012467190 8 8 3 R
7.8012486710 8 8 0 R
0.0001781640 1 1 0 R
0.0334849220 1 1 1 R
0.1549415450 1 1 2 R
0.1825358530 1 1 3 R
0.1825367600 1 1 0 R
0.2252842220 1 1 1 R
0.3415894640 1 1 2 R
0.3671072360 1 1 3 R
0.3671088980 1 1 0 R
0.4149072600 1 1 1 R
0.5734474870 1 1 2 R
0.5958448290 1 1 3 R
0.5958451480 1 1 0 R
0.6266221700 1 1 1 R
0.7366733290 1 1 2 R
0.7709247120 1 1 3 R
0.7709255790 1 1 0 R
0.7940863430 1 1 1 R
0.9376416340 1 1 2 R
0.9599749220 1 1 3 R
0.9599758030 1 1 0 R
0.9788433080 1 1 1 R
1.1675668350 1 1 2 R
1.2170918370 1 1 3 R
1.2170927510 1 1 0 R
1.2303892230 1 1 1 R
1.3843966060 1 1 2 R
1.4183407590 1 1 3 R
1.4183416340 1 1 0 R
1.4339471560 1 1 1 R
1.5690848720 1 1 2 R
1.5851619550 1 1 3 R
1.5851621530 1 1 0 R
1.6007180840 1 1 1 R
1.6007188410 1 1 2 R
1.6289270290 1 1 3 R
1.6289278710 1 1 0 R
1.6703191000 1 1 1 R
1.8240028570 1 1 2 R
1.8612838160 1 1 3 R
1.8612846930 1 1 0 R
1.9061592170 1 1 1 R
2.0135642600 1 1 2 R
2.0267292880 1 1 3 R
2.0267301570 1 1 0 R
2.0769840730 1 1 1 R
2.2522093040 1 1 2 R
2.3010973330 1 1 3 R
2.3010982400 1 1 0 R
2.3375848750 1 1 1 R
2.5047528830 1 1 2 R
2.5171432760 1 1 3 R
2.5171446000 1 1 0 R
2.5454575680 1 1 1 R
2.5454583580 1 1 2 R
2.5762323170 1 1 3 R
2.5762349120 1 1 0 R
2.5969900050 1 1 1 R
2.7395889700 1 1 2 R
2.7773897370 1 1 3 R
2.7773905630 1 1 0 R
2.8075989590 1 1 1 R
2.9763056640 1 1 2 R
2.9886008160 1 1 3 R
2.9886016450 1 1 0 R
3.0128390670 1 1 1 R
3.0128398690 1 1 2 R
3.0459527470 1 1 3 R
3.0459556600 1 1 0 R
3.0618905760 1 1 1 R
3.2105771880 1 1 2 R
3.2296508150 1 1 3 R
3.2296510610 1 1 0 R
3.2573356870 1 1 1 R
3.2573364280 1 1 2 R
3.2689352660 1 1 3 R
3.2689373210 1 1 0 R
3.2943324590 1 1 1 R
3.4309174870 1 1 2 R
3.4753384680 1 1 3 R
3.4753393060 1 1 0 R
3.5182270800 1 1 1 R
3.6896154170 1 1 2 R
3.7198131510 1 1 3 R
3.7198140040 1 1 0 R
3.7592413490 1 1 1 R
3.8706361800 1 1 2 R
3.9059757290 1 1 3 R
3.9059765860 1 1 0 R
3.9240928040 1 1 1 R
4.0649985340 1 1 2 R
4.0988920540 1 1 3 R
4.0988928860 1 1 0 R
4.1424323330 1 1 1 R
4.2628029290 1 1 2 R
4.2891981470 1 1 3 R
4.2891989710 1 1 0 R
4.3365145350 1 1 1 R
4.5032488100 1 1 2 R
4.5332593880 1 1 3 R
4.5332600060 1 1 0 R
4.5484311800 1 1 1 R
4.5484319650 1 1 2 R
4.5956219770 1 1 3 R
4.5956253780 1 1 0 R
4.6354597940 1 1 1 R
4.7205169940 1 1 2 R
4.7649384670 1 1 3 R
4.7649402500 1 1 0 R
4.7876709130 1 1 1 R
4.9157401720 1 1 2 R
4.9470753120 1 1 3 R
4.9470762160 1 1 0 R
4.9880880420 1 1 1 R
5.1257623060 1 1 2 R
5.1652941880 1 1 3 R
5.1652964120 1 1 0 R
5.1932450240 1 1 1 R
5.3346766030 1 1 2 R
5.3567805100 1 1 3 R
5.3567813060 1 1 0 R
5.3783063710 1 1 1 R
5.3783071440 1 1 2 R
5.3968235190 1 1 3 R
5.3968254270 1 1 0 R
5.4251966390 1 1 1 R
5.5805855050 1 1 2 R
5.5919054160 1 1 3 R
5.5919059750 1 1 0 R
5.6304682680 1 1 1 R
5.7481962040 1 1 2 R
5.7916434660 1 1 3 R
5.7916443120 1 1 0 R
5.8097652580 1 1 1 R
5.9613375760 1 1 2 R
6.0098484350 1 1 3 R
6.0098491290 1 1 0 R
6.0305105470 1 1 1 R
6.1486022040 1 1 2 R
6.1917911530 1 1 3 R
6.1917920850 1 1 0 R
6.2023301850 1 1 1 R
6.3597813780 1 1 2 R
6.3836783590 1 1 3 R
6.3836792040 1 1 0 R
6.4188499870 1 1 1 R
6.4958799180 1 1 2 R
6.5365830800 1 1 3 R
6.5365839320 1 1 0 R
6.5762297610 1 1 1 R
6.6461182250 1 1 2 R
6.6707357170 1 1 3 R
6.6707359370 1 1 0 R
6.6988886400 1 1 1 R
6.7728881690 1 1 2 R
6.8090930800 1 1 3 R
6.8090939630 1 1 0 R
6.8383324300 1 1 1 R
6.9419097910 1 1 2 R
6.9878760520 1 1 3 R
6.9878772040 1 1 0 R
7.0217475350 1 1 1 R
7.1103467160 1 1 2 R
7.1476408490 1 1 3 R
7.1476416730 1 1 0 R
7.1950262940 1 1 1 R
7.2879925800 1 1 2 R
7.3027187180 1 1 3 R
7.3027195810 1 1 0 R
7.3293051580 1 1 1 R
7.3892436310 1 1 2 R
7.4290570570 1 1 3 R
7.4290579000 1 1 0 R
7.4775340470 1 1 1 R
7.5466165520 1 1 2 R
7.5795177370 1 1 3 R
7.5795186190 1 1 0 R
7.6092708980 1 1 1 R
7.6450112950 1 1 2 R
7.6765250260 1 1 3 R
7.6765258820 1 1 0 R
7.7247968890 1 1 1 R
7.7643977530 1 1 2 R
7.7928976660 1 1 3 R
7.7928985150 1 1 0 R
7.8229864510 1 1 1 R
7.8492428470 1 1 2 R
7.8690895270 1 1 3 R
7.8690913360 1 1 0 R
0.0002123160 12 12 0 W
0.0224707670 12 12 1 W
0.1099385290 12 12 2 W
0.1548840570 12 12 3 W
0.1548882190 12 12 0 W
0.2003263770 12 12 1 W
0.4441825250 12 12 2 W
0.4852155110 12 12 3 W
0.4852209470 12 12 0 W
0.5045255130 12 12 1 W
0.6344808940 12 12 2 W
0.6659923650 12 12 3 W
0.6659971570 12 12 0 W
0.6937610730 12 12 1 W
0.7796215670 12 12 2 W
0.8282217390 12 12 3 W
0.8282257450 12 12 0 W
0.8602351370 12 12 1 W
1.0507285480 12 12 2 W
1.1003680780 12 12 3 W
1.1003706830 12 12 0 W
1.1340513930 12 12 1 W
1.2603365870 12 12 2 W
1.2914178560 12 12 3 W
1.2914219230 12 12 0 W
1.3393787770 12 12 1 W
1.4327902090 12 12 2 W
1.4816327350 12 12 3 W
1.4816367950 12 12 0 W
1.5155138080 12 12 1 W
1.7243491960 12 12 2 W
1.7639242080 12 12 3 W
1.7639286120 12 12 0 W
1.7772065850 12 12 1 W
1.9266646190 12 12 2 W
1.9528457060 12 12 3 W
1.9528505080 12 12 0 W
2.0002254120 12 12 1 W
2.1350691260 12 12 2 W
2.1747000580 12 12 3 W
2.1747042310 12 12 0 W
2.1960294710 12 12 1 W
2.3768628280 12 12 2 W
2.4095098250 12 12 3 W
2.4095142900 12 12 0 W
2.4398441730 12 12 1 W
2.5762415080 12 12 2 W
2.5910485240 12 12 3 W
2.5910523920 12 12 0 W
2.6350602930 12 12 1 W
2.8997205070 12 12 2 W
2.9376054500 12 12 3 W
2.9376098540 12 12 0 W
2.9689489170 12 12 1 W
3.1229690930 12 12 2 W
3.1675058950 12 12 3 W
3.1675096910 12 12 0 W
3.2160311220 12 12 1 W
3.3865921240 12 12 2 W
3.4118242430 12 12 3 W
3.4118299490 12 12 0 W
3.4246069100 12 12 1 W
3.5766850250 12 12 2 W
3.5993099740 12 12 3 W
3.5993143090 12 12 0 W
3.6256425350 12 12 1 W
3.7614940770 12 12 2 W
3.7977035520 12 12 3 W
3.7977076290 12 12 0 W
3.8370417650 12 12 1 W
3.9476289980 12 12 2 W
3.9702029620 12 12 3 W
3.9702066490 12 12 0 W
4.0084785020 12 12 1 W
4.1092456780 12 12 2 W
4.1467149940 12 12 3 W
4.1467185600 12 12 0 W
4.1638407490 12 12 1 W
4.4320457930 12 12 2 W
4.4685603280 12 12 3 W
4.4685646280 12 12 0 W
4.4928945940 12 12 1 W
4.6387363680 12 12 2 W
4.6573483390 12 12 3 W
4.6573535960 12 12 0 W
4.6790083060 12 12 1 W
4.7911651260 12 12 2 W
4.8104556850 12 12 3 W
4.8104594090 12 12 0 W
4.8352906820 12 12 1 W
4.9657080250 12 12 2 W
5.0025021640 12 12 3 W
5.0025053510 12 12 0 W
5.0323270020 12 12 1 W
5.2401020950 12 12 2 W
5.2703968670 12 12 3 W
5.2704016750 12 12 0 W
5.2880824540 12 12 1 W
5.4571523180 12 12 2 W
5.4844348000 12 12 3 W
5.4844382730 12 12 0 W
5.5312797490 12 12 1 W
5.6177110860 12 12 2 W
5.6304721190 12 12 3 W
5.6304740400 12 12 0 W
5.6737765080 12 12 1 W
5.8419396480 12 12 2 W
5.8856261870 12 12 3 W
5.8856296690 12 12 0 W
5.9052801350 12 12 1 W
6.0813410150 12 12 2 W
6.0979088270 12 12 3 W
6.0979124910 12 12 0 W
6.1432324110 12 12 1 W
6.2713041900 12 12 2 W
6.2934763980 12 12 3 W
6.2934796810 12 12 0 W
6.3262394840 12 12 1 W
6.4091721230 12 12 2 W
6.4468470560 12 12 3 W
6.4468506800 12 12 0 W
6.4711935270 12 12 1 W
6.5579542120 12 12 2 W
6.5762334750 12 12 3 W
6.5762354660 12 12 0 W
6.5869507280 12 12 1 W
6.6895752620 12 12 2 W
6.7157992960 12 12 3 W
6.7158023020 12 12 0 W
6.7444830010 12 12 1 W
6.8113516200 12 12 2 W
6.8526499400 12 12 3 W
6.8526529430 12 12 0 W
6.8969822760 12 12 1 W
7.0370686280 12 12 2 W
7.0770509940 12 12 3 W
7.0770546380 12 12 0 W
7.1128213370 12 12 1 W
7.2102952790 12 12 2 W
7.2392845920 12 12 3 W
7.2392876630 12 12 0 W
7.2576056090 12 12 1 W
7.3377684510 12 12 2 W
7.3591951700 12 12 3 W
7.3591981490 12 12 0 W
7.3716215580 12 12 1 W
7.4388324540 12 12 2 W
7.4775211630 12 12 3 W
7.4775246560 12 12 0 W
7.5082174150 12 12 1 W
7.5910177630 12 12 2 W
7.6114861530 12 12 3 W
7.6114900690 12 12 0 W
7.6617987220 12 12 1 W
7.7000522130 12 12 2 W
7.7247006440 12 12 3 W
7.7247029020 12 12 0 W
7.7655804780 12 12 1 W
7.8216492570 12 12 2 W
7.8492350040 12 12 3 W
7.8492372720 12 12 0 W
7.8615489800 12 12 1 W
7.8691983260 12 12 2 W
7.9123876480 12 12 3 W
7.9123894930 12 12 0 W
7.9435671350 12 12 1 W
7.9479645570 12 12 2 W
7.9772428450 12 12 3 W
7.9772439610 12 12 0 W
7.9992401950 12 12 1 W
8.0326362440 12 12 2 W
8.0469437800 12 12 3 W
8.0469448370 12 12 0 W
8.0626332030 12 12 1 W
8.0698841740 12 12 2 W
8.1186009550 12 12 3 W
8.1186028460 12 12 0 W
8.1517836310 12 12 1 W
8.1601869640 12 12 2 W
8.2048254120 12 12 3 W
8.2048273360 12 12 0 W
8.2286696530 12 12 1 W
8.2286705730 12 12 2 W
8.2754959500 12 12 3 W
8.2754982190 12 12 0 W
8.3112674100 12 12 1 W
8.3112683920 12 12 2 W
8.3561743260 12 12 3 W
8.3561760960 12 12 0 W
0.0001869260 11 11 0 W
0.0361400360 11 11 1 W
0.2932404660 11 11 2 W
0.3415654950 11 11 3 W
0.3415693300 11 11 0 W
0.3636378720 11 11 1 W
0.5229256550 11 11 2 W
0.5734243970 11 11 3 W
0.5734286930 11 11 0 W
0.5902329330 11 11 1 W
0.7101838180 11 11 2 W
0.7366569220 11 11 3 W
0.7366607670 11 11 0 W
0.7492384120 11 11 1 W
0.8745565580 11 11 2 W
0.9094096460 11 11 3 W
0.9094136440 11 11 0 W
0.9451085770 11 11 1 W
1.1003738860 11 11 2 W
1.1236917790 11 11 3 W
1.1236961740 11 11 0 W
1.1453329920 11 11 1 W
1.2914268720 11 11 2 W
1.3302544910 11 11 3 W
1.3302590040 11 11 0 W
1.3587739220 11 11 1 W
1.4816414900 11 11 2 W
1.5082083540 11 11 3 W
1.5082125370 11 11 0 W
1.5212201160 11 11 1 W
1.6589325020 11 11 2 W
1.6825390920 11 11 3 W
1.6825441280 11 11 0 W
1.7140584650 11 11 1 W
1.9746665290 11 11 2 W
2.0135103470 11 11 3 W
2.0135147700 11 11 0 W
2.0524074240 11 11 1 W
2.2174075510 11 11 2 W
2.2521445550 11 11 3 W
2.2521513250 11 11 0 W
2.2965908660 11 11 1 W
2.4809410580 11 11 2 W
2.5046535290 11 11 3 W
2.5046582820 11 11 0 W
2.5389049520 11 11 1 W
2.7042371660 11 11 2 W
2.7395730980 11 11 3 W
2.7395767090 11 11 0 W
2.7894946220 11 11 1 W
2.9376150230 11 11 2 W
2.9762882560 11 11 3 W
2.9762925810 11 11 0 W
3.0253948520 11 11 1 W
3.1827340900 11 11 2 W
3.2105523120 11 11 3 W
3.2105567540 11 11 0 W
3.2598025660 11 11 1 W
3.4118357550 11 11 2 W
3.4309065270 11 11 3 W
3.4309110620 11 11 0 W
3.4572442480 11 11 1 W
3.6449705010 11 11 2 W
3.6895950210 11 11 3 W
3.6895991420 11 11 0 W
3.7382731060 11 11 1 W
3.9702114710 11 11 2 W
4.0107122500 11 11 3 W
4.0107167930 11 11 0 W
4.0556720520 11 11 1 W
4.1861097290 11 11 2 W
4.2044231930 11 11 3 W
4.2044268220 11 11 0 W
4.2221916330 11 11 1 W
4.3546923860 11 11 2 W
4.3993251260 11 11 3 W
4.3993287450 11 11 0 W
4.4146522360 11 11 1 W
4.5956315900 11 11 2 W
4.6209357080 11 11 3 W
4.6209388940 11 11 0 W
4.6332317870 11 11 1 W
4.8104649120 11 11 2 W
4.8415233280 11 11 3 W
4.8415270580 11 11 0 W
4.8617076720 11 11 1 W
5.0025103750 11 11 2 W
5.0323307260 11 11 3 W
5.0323343100 11 11 0 W
5.0598311980 11 11 1 W
5.1710078000 11 11 2 W
5.2207593160 11 11 3 W
5.2207628450 11 11 0 W
5.2703041300 11 11 1 W
5.5335157680 11 11 2 W
5.5588323350 11 11 3 W
5.5588358310 11 11 0 W
5.6059057100 11 11 1 W
5.7054827760 11 11 2 W
5.7481848990 11 11 3 W
5.7481881520 11 11 0 W
5.7674886920 11 11 1 W
5.9443420550 11 11 2 W
5.9613256050 11 11 3 W
5.9613290280 11 11 0 W
5.9982854620 11 11 1 W
6.0979173420 11 11 2 W
6.1485908570 11 11 3 W
6.1485950510 11 11 0 W
6.1832795770 11 11 1 W
6.3323542080 11 11 2 W
6.3597699550 11 11 3 W
6.3597730020 11 11 0 W
6.3989954430 11 11 1 W
6.4826077640 11 11 2 W
6.4958695510 11 11 3 W
6.4958728850 11 11 0 W
6.5343492470 11 11 1 W
6.6067775290 11 11 2 W
6.6461030570 11 11 3 W
6.6461074870 11 11 0 W
6.6579711690 11 11 1 W
6.7351510850 11 11 2 W
6.7728766010 11 11 3 W
6.7728798640 11 11 0 W
6.7918753940 11 11 1 W
6.9013279840 11 11 2 W
6.9418944120 11 11 3 W
6.9418979500 11 11 0 W
6.9844184130 11 11 1 W
7.0770606470 11 11 2 W
7.1103326830 11 11 3 W
7.1103361260 11 11 0 W
7.1509561270 11 11 1 W
7.2392930580 11 11 2 W
7.2879799750 11 11 3 W
7.2879829830 11 11 0 W
7.3377761540 11 11 1 W
7.4775314740 11 11 2 W
7.5068568300 11 11 3 W
7.5068597270 11 11 0 W
7.5529203610 11 11 1 W
7.6114961160 11 11 2 W
7.6278153420 11 11 3 W
7.6278182150 11 11 0 W
7.6406980600 11 11 1 W
7.6777222170 11 11 2 W
7.7000454690 11 11 3 W
7.7000472190 11 11 0 W
7.7370093730 11 11 1 W
7.8013419820 11 11 2 W
7.8216406840 11 11 3 W
7.8216428900 11 11 0 W
7.8679289560 11 11 1 W
7.9123943290 11 11 2 W
7.9479572430 11 11 3 W
7.9479591900 11 11 0 W
7.9837368290 11 11 1 W
7.9837378210 11 11 2 W
8.0326298480 11 11 3 W
8.0326316360 11 11 0 W
8.0523208980 11 11 1 W
8.0523218560 11 11 2 W
8.0698776230 11 11 3 W
8.0698794380 11 11 0 W
8.0832078610 11 11 1 W
8.1186074510 11 11 2 W
8.1601801100 11 11 3 W
8.1601820380 11 11 0 W
8.1824858750 11 11 1 W
8.2048321350 11 11 2 W
8.2191653670 11 11 3 W
8.2191667690 11 11 0 W
8.2621760090 11 11 1 W
8.2755045560 11 11 2 W
8.2988234860 11 11 3 W
8.2988245640 11 11 0 W
8.3347760700 11 11 1 W
8.3562820380 11 11 2 W
8.3725986210 11 11 3 W
8.3725996970 11 11 0 W
-1 15 15 4 LocalSection;Entry;CriticalSection;Exit;
