0.0004814260 4 4 0 R
0.0256427610 4 4 1 R
0.0256682820 4 4 2 R
0.0717353220 4 4 3 R
0.0717370610 4 4 0 R
0.1220359560 4 4 1 R
0.2315711160 4 4 2 R
0.2817462190 4 4 3 R
0.2817470670 4 4 0 R
0.3047636010 4 4 1 R
0.4308419670 4 4 2 R
0.4582385810 4 4 3 R
0.4582388800 4 4 0 R
0.5052876710 4 4 1 R
0.6256970890 4 4 2 R
0.6380289460 4 4 3 R
0.6380291660 4 4 0 R
0.6884709080 4 4 1 R
0.8836227430 4 4 2 R
0.9191404800 4 4 3 R
0.9191412990 4 4 0 R
0.9463595130 4 4 1 R
1.1228294460 4 4 2 R
1.1504972880 4 4 3 R
1.1504983780 4 4 0 R
1.1761977890 4 4 1 R
1.3416672960 4 4 2 R
1.3642321920 4 4 3 R
1.3642325260 4 4 0 R
1.3923051980 4 4 1 R
1.5263143430 4 4 2 R
1.5693934910 4 4 3 R
1.5693935670 4 4 0 R
1.5886220120 4 4 1 R
1.7543007530 4 4 2 R
1.7679753500 4 4 3 R
1.7679756430 4 4 0 R
1.7985617840 4 4 1 R
1.7985621500 4 4 2 R
1.8459036970 4 4 3 R
1.8459056540 4 4 0 R
1.8710661610 4 4 1 R
2.0328702040 4 4 2 R
2.0622004620 4 4 3 R
2.0622013020 4 4 0 R
2.1115328510 4 4 1 R
2.2864697280 4 4 2 R
2.3307063480 4 4 3 R
2.3307065640 4 4 0 R
2.3713834580 4 4 1 R
2.4902807190 4 4 2 R
2.5031873320 4 4 3 R
2.5031882440 4 4 0 R
2.5333634600 4 4 1 R
2.5333642490 4 4 2 R
2.5831867910 4 4 3 R
2.5831902690 4 4 0 R
2.6297343860 4 4 1 R
2.7145648650 4 4 2 R
2.7272399650 4 4 3 R
2.7272409230 4 4 0 R
2.7688822320 4 4 1 R
2.9243478580 4 4 2 R
2.9454317480 4 4 3 R
2.9454326200 4 4 0 R
2.9627335620 4 4 1 R
2.9627343080 4 4 2 R
2.9902959330 4 4 3 R
2.9902973760 4 4 0 R
3.0337934740 4 4 1 R
3.1642993490 4 4 2 R
3.2042646080 4 4 3 R
3.2042651140 4 4 0 R
3.2512047310 4 4 1 R
3.3742986670 4 4 2 R
3.4072618090 4 4 3 R
3.4072620740 4 4 0 R
3.4572558180 4 4 1 R
3.5585566030 4 4 2 R
3.5809725780 4 4 3 R
3.5809734670 4 4 0 R
0.0006263440 8 8 0 R
0.0205750680 8 8 1 R
0.0242774760 8 8 2 R
0.0432357470 8 8 3 R
0.0432369160 8 8 0 R
0.0716835010 8 8 1 R
0.2315214720 8 8 2 R
0.2772065510 8 8 3 R
0.2772073800 8 8 0 R
0.2967286710 8 8 1 R
0.4308445500 8 8 2 R
0.4793519900 8 8 3 R
0.4793523180 8 8 0 R
0.5183682920 8 8 1 R
0.6257063470 8 8 2 R
0.6445636950 8 8 3 R
0.6445645480 8 8 0 R
0.6917748190 8 8 1 R
0.8836253610 8 8 2 R
0.9016731180 8 8 3 R
0.9016739940 8 8 0 R
0.9521873720 8 8 1 R
1.1228217450 8 8 2 R
1.1493302530 8 8 3 R
1.1493312800 8 8 0 R
1.1794187360 8 8 1 R
1.3416730580 8 8 2 R
1.3548454060 8 8 3 R
1.3548462220 8 8 0 R
1.3783518050 8 8 1 R
1.3783520600 8 8 2 R
1.4271923920 8 8 3 R
1.4271944150 8 8 0 R
1.4547027360 8 8 1 R
1.5263294820 8 8 2 R
1.5641495710 8 8 3 R
1.5641498400 8 8 0 R
1.6070860520 8 8 1 R
1.7543171340 8 8 2 R
1.7809132860 8 8 3 R
1.7809141990 8 8 0 R
1.8009704910 8 8 1 R
2.0327986530 8 8 2 R
2.0460940710 8 8 3 R
2.0460949240 8 8 0 R
2.0750035110 8 8 1 R
2.0750042080 8 8 2 R
2.0889842740 8 8 3 R
2.0889860790 8 8 0 R
2.1006639740 8 8 1 R
2.2864249380 8 8 2 R
2.2980176830 8 8 3 R
2.2980185130 8 8 0 R
2.3217564750 8 8 1 R
2.3217572910 8 8 2 R
2.3553416800 8 8 3 R
2.3553449400 8 8 0 R
2.3933801080 8 8 1 R
2.4904255300 8 8 2 R
2.5118502980 8 8 3 R
2.5118511670 8 8 0 R
2.5309972310 8 8 1 R
2.5309976010 8 8 2 R
2.5598549340 8 8 3 R
2.5598572470 8 8 0 R
2.5939304680 8 8 1 R
2.7145474580 8 8 2 R
2.7466938800 8 8 3 R
2.7466947930 8 8 0 R
2.7713278660 8 8 1 R
2.9243495290 8 8 2 R
2.9727942240 8 8 3 R
2.9727951880 8 8 0 R
2.9902647500 8 8 1 R
3.1642906080 8 8 2 R
3.2031409480 8 8 3 R
3.2031411610 8 8 0 R
3.2373673980 8 8 1 R
3.3742933810 8 8 2 R
3.4027491500 8 8 3 R
3.4027500250 8 8 0 R
3.4258287940 8 8 1 R
3.5585496450 8 8 2 R
3.5887206170 8 8 3 R
3.5887222460 8 8 0 R
3.6343677170 8 8 1 R
3.7834852040 8 8 2 R
3.8123897850 8 8 3 R
3.8123906120 8 8 0 R
0.0004490430 2 2 0 R
0.0254270500 2 2 1 R
0.0254277110 2 2 2 R
0.0605014420 2 2 3 R
0.0605022550 2 2 0 R
0.0752774580 2 2 1 R
0.2315177760 2 2 2 R
0.2457528210 2 2 3 R
0.2457537950 2 2 0 R
0.2900913960 2 2 1 R
0.4308431590 2 2 2 R
0.4420711270 2 2 3 R
0.4420715450 2 2 0 R
0.4840109930 2 2 1 R
0.6257024680 2 2 2 R
0.6393361750 2 2 3 R
0.6393364680 2 2 0 R
0.6678221940 2 2 1 R
0.8836317650 2 2 2 R
0.9224460890 2 2 3 R
0.9224465710 2 2 0 R
0.9475705310 2 2 1 R
1.1228316330 2 2 2 R
1.1395404510 2 2 3 R
1.1395421740 2 2 0 R
1.1538475720 2 2 1 R
1.1538485880 2 2 2 R
1.1772728660 2 2 3 R
1.1772736000 2 2 0 R
1.2245508650 2 2 1 R
1.3416710220 2 2 2 R
1.3761444670 2 2 3 R
1.3761449030 2 2 0 R
1.4058081530 2 2 1 R
1.5263203840 2 2 2 R
1.5693894210 2 2 3 R
1.5693900500 2 2 0 R
1.6059293650 2 2 1 R
1.7543136650 2 2 2 R
1.7963216630 2 2 3 R
1.7963224380 2 2 0 R
1.8343196420 2 2 1 R
2.0329637180 2 2 2 R
2.0822433650 2 2 3 R
2.0822441040 2 2 0 R
2.1267977250 2 2 1 R
2.2864231200 2 2 2 R
2.3230935370 2 2 3 R
2.3230944410 2 2 0 R
2.3481039190 2 2 1 R
2.4902391990 2 2 2 R
2.5132228240 2 2 3 R
2.5132237050 2 2 0 R
2.5242034870 2 2 1 R
2.5242042390 2 2 2 R
2.5382820190 2 2 3 R
2.5382828090 2 2 0 R
2.5748551460 2 2 1 R
2.7144791080 2 2 2 R
2.7572127000 2 2 3 R
2.7572135190 2 2 0 R
2.7836450190 2 2 1 R
2.9243511090 2 2 2 R
2.9703115550 2 2 3 R
2.9703125390 2 2 0 R
2.9814394080 2 2 1 R
3.1642936730 2 2 2 R
3.2135949510 2 2 3 R
3.2135969190 2 2 0 R
3.2331166830 2 2 1 R
3.3742918810 2 2 2 R
3.3942520690 2 2 3 R
3.3942528960 2 2 0 R
3.4258250750 2 2 1 R
3.5585478290 2 2 2 R
3.5842802270 2 2 3 R
3.5842810430 2 2 0 R
3.6245466570 2 2 1 R
3.7834822880 2 2 2 R
3.8196448850 2 2 3 R
3.8196458390 2 2 0 R
3.8532527890 2 2 1 R
3.9921388340 2 2 2 R
4.0152251410 2 2 3 R
4.0152254740 2 2 0 R
4.0422827750 2 2 1 R
4.1630550660 2 2 2 R
4.1808065180 2 2 3 R
4.1808094460 2 2 0 R
4.1912714280 2 2 1 R
4.3086908750 2 2 2 R
4.3385239230 2 2 3 R
4.3385247750 2 2 0 R
0.0002892180 7 7 0 R
0.0495961930 7 7 1 R
0.0495969850 7 7 2 R
0.0785070350 7 7 3 R
0.0785096160 7 7 0 R
0.1273744010 7 7 1 R
0.2315727510 7 7 2 R
0.2534917200 7 7 3 R
0.2534922470 7 7 0 R
0.2980648770 7 7 1 R
0.4308452350 7 7 2 R
0.4515715560 7 7 3 R
0.4515721330 7 7 0 R
0.4656898550 7 7 1 R
0.4656900640 7 7 2 R
0.5140424950 7 7 3 R
0.5140459490 7 7 0 R
0.5507187080 7 7 1 R
0.6257123690 7 7 2 R
0.6490426400 7 7 3 R
0.6490434660 7 7 0 R
0.6970770350 7 7 1 R
0.8836416230 7 7 2 R
0.9016787600 7 7 3 R
0.9016795210 7 7 0 R
0.9163822600 7 7 1 R
0.9163830280 7 7 2 R
0.9664542010 7 7 3 R
0.9664557470 7 7 0 R
0.9831483360 7 7 1 R
1.1228844400 7 7 2 R
1.1579864750 7 7 3 R
1.1579867290 7 7 0 R
1.1996688310 7 7 1 R
1.3416702020 7 7 2 R
1.3697633160 7 7 3 R
1.3697635710 7 7 0 R
1.4058104680 7 7 1 R
1.5263222580 7 7 2 R
1.5619337490 7 7 3 R
1.5619340240 7 7 0 R
1.5759862180 7 7 1 R
1.5759864540 7 7 2 R
1.5885741850 7 7 3 R
1.5885747000 7 7 0 R
1.6165838460 7 7 1 R
1.7542902590 7 7 2 R
1.7736066600 7 7 3 R
1.7736075300 7 7 0 R
1.8123635460 7 7 1 R
2.0328582950 7 7 2 R
2.0714742300 7 7 3 R
2.0714751020 7 7 0 R
2.0867752270 7 7 1 R
2.2864610920 7 7 2 R
2.3293615980 7 7 3 R
2.3293624380 7 7 0 R
2.3724032980 7 7 1 R
2.4903031700 7 7 2 R
2.5266853060 7 7 3 R
2.5266862690 7 7 0 R
2.5497928940 7 7 1 R
2.7144835030 7 7 2 R
2.7558541440 7 7 3 R
2.7558552930 7 7 0 R
2.7983647800 7 7 1 R
2.9243545390 7 7 2 R
2.9533817360 7 7 3 R
2.9533827870 7 7 0 R
2.9986804750 7 7 1 R
3.1642868490 7 7 2 R
3.1796338610 7 7 3 R
3.1796340880 7 7 0 R
3.2287038970 7 7 1 R
3.3742868380 7 7 2 R
3.4072600690 7 7 3 R
3.4072603830 7 7 0 R
3.4446148890 7 7 1 R
3.5585549610 7 7 2 R
3.5796595290 7 7 3 R
3.5796606920 7 7 0 R
3.6232030590 7 7 1 R
3.7834806750 7 7 2 R
3.8026619500 7 7 3 R
3.8026627870 7 7 0 R
3.8356689640 7 7 1 R
3.9921335690 7 7 2 R
4.0152193900 7 7 3 R
4.0152203020 7 7 0 R
4.0555016790 7 7 1 R
4.1630622610 7 7 2 R
4.1969095190 7 7 3 R
4.1969101970 7 7 0 R
4.2426247150 7 7 1 R
4.3088202430 7 7 2 R
4.3211370390 7 7 3 R
4.3211379000 7 7 0 R
4.3634925950 7 7 1 R
4.4921045510 7 7 2 R
4.5295082830 7 7 3 R
4.5295090610 7 7 0 R
4.5505064520 7 7 1 R
4.6400428790 7 7 2 R
4.6607184550 7 7 3 R
4.6607193330 7 7 0 R
4.7014213720 7 7 1 R
4.8889922630 7 7 2 R
4.9388883570 7 7 3 R
4.9388892490 7 7 0 R
0.0004144790 0 0 0 R
0.0303748760 0 0 1 R
0.0303756660 0 0 2 R
0.0496951740 0 0 3 R
0.0496960200 0 0 0 R
0.0900900450 0 0 1 R
0.2315241530 0 0 2 R
0.2758968080 0 0 3 R
0.2758976550 0 0 0 R
0.2912670450 0 0 1 R
0.4308438580 0 0 2 R
0.4761827980 0 0 3 R
0.4761833760 0 0 0 R
0.5206352980 0 0 1 R
0.6257080210 0 0 2 R
0.6535067350 0 0 3 R
0.6535076080 0 0 0 R
0.7033755150 0 0 1 R
0.8836490360 0 0 2 R
0.8949197700 0 0 3 R
0.8949212590 0 0 0 R
0.9411840620 0 0 1 R
1.1228279020 0 0 2 R
1.1677157450 0 0 3 R
1.1677162780 0 0 0 R
1.1985489610 0 0 1 R
1.3416695130 0 0 2 R
1.3686137540 0 0 3 R
1.3686147350 0 0 0 R
1.3963758300 0 0 1 R
1.5263162590 0 0 2 R
1.5484775170 0 0 3 R
1.5484780560 0 0 0 R
1.5898455800 0 0 1 R
1.7542959620 0 0 2 R
1.7679701620 0 0 3 R
1.7679710080 0 0 0 R
1.7882811150 0 0 1 R
1.7882820590 0 0 2 R
1.8009131700 0 0 3 R
1.8009136400 0 0 0 R
1.8155933250 0 0 1 R
2.0327966410 0 0 2 R
2.0713810020 0 0 3 R
2.0713816840 0 0 0 R
2.1103969790 0 0 1 R
2.2864681720 0 0 2 R
2.3135798440 0 0 3 R
2.3135806930 0 0 0 R
2.3635054160 0 0 1 R
2.4903044710 0 0 2 R
2.5383739150 0 0 3 R
2.5383747950 0 0 0 R
2.5736838790 0 0 1 R
2.7144909640 0 0 2 R
2.7523160760 0 0 3 R
2.7523169740 0 0 0 R
2.7861286030 0 0 1 R
2.9243526960 0 0 2 R
2.9534790250 0 0 3 R
2.9534799410 0 0 0 R
2.9987507170 0 0 1 R
3.1642889770 0 0 2 R
3.1877914710 0 0 3 R
3.1877917680 0 0 0 R
3.2374638130 0 0 1 R
3.3742950940 0 0 2 R
3.3909348270 0 0 3 R
3.3909359150 0 0 0 R
3.4159490720 0 0 1 R
3.5585413330 0 0 2 R
3.6077402120 0 0 3 R
3.6077427440 0 0 0 R
3.6467843020 0 0 1 R
3.7834883930 0 0 2 R
3.8288815690 0 0 3 R
3.8288824530 0 0 0 R
3.8753594990 0 0 1 R
3.9921451860 0 0 2 R
4.0358466130 0 0 3 R
4.0358488960 0 0 0 R
4.0618068890 0 0 1 R
4.1630639870 0 0 2 R
4.1796315500 0 0 3 R
4.1796317720 0 0 0 R
4.2161214230 0 0 1 R
4.3088182010 0 0 2 R
4.3572959630 0 0 3 R
4.3572984130 0 0 0 R
4.3965769290 0 0 1 R
4.4921118970 0 0 2 R
4.5033735040 0 0 3 R
4.5033743880 0 0 0 R
4.5381465570 0 0 1 R
4.6400357100 0 0 2 R
4.6900386470 0 0 3 R
4.6900389600 0 0 0 R
4.7077673220 0 0 1 R
4.8889944820 0 0 2 R
4.9111164720 0 0 3 R
4.9111173380 0 0 0 R
4.9332086740 0 0 1 R
4.9332094930 0 0 2 R
4.9569200620 0 0 3 R
4.9569224420 0 0 0 R
4.9802796670 0 0 1 R
5.1756719690 0 0 2 R
5.2049047180 0 0 3 R
5.2049053560 0 0 0 R
5.2182313380 0 0 1 R
5.2182321100 0 0 2 R
5.2287575310 0 0 3 R
5.2287584140 0 0 0 R
0.0005738140 13 13 0 W
0.0396985490 13 13 1 W
0.1386927850 13 13 2 W
0.1623830230 13 13 3 W
0.1623871550 13 13 0 W
0.1966782370 13 13 1 W
0.3418105410 13 13 2 W
0.3640589350 13 13 3 W
0.3640630180 13 13 0 W
0.3950195830 13 13 1 W
0.5140535770 13 13 2 W
0.5349402410 13 13 3 W
0.5349442870 13 13 0 W
0.5844836580 13 13 1 W
0.8193326960 13 13 2 W
0.8345718270 13 13 3 W
0.8345798920 13 13 0 W
0.8773600300 13 13 1 W
1.0293313670 13 13 2 W
1.0656601520 13 13 3 W
1.0656643570 13 13 0 W
1.1125414100 13 13 1 W
1.2363871490 13 13 2 W
1.2695823530 13 13 3 W
1.2695881780 13 13 0 W
1.2859498100 13 13 1 W
1.4423716750 13 13 2 W
1.4547548630 13 13 3 W
1.4547572350 13 13 0 W
1.4772690160 13 13 1 W
1.6177540630 13 13 2 W
1.6300936100 13 13 3 W
1.6301020790 13 13 0 W
1.6499224460 13 13 1 W
1.9604055590 13 13 2 W
2.0081282520 13 13 3 W
2.0081347690 13 13 0 W
2.0254041780 13 13 1 W
2.1932932660 13 13 2 W
2.2171060510 13 13 3 W
2.2171113200 13 13 0 W
2.2600821540 13 13 1 W
2.3746187910 13 13 2 W
2.3871878280 13 13 3 W
2.3871917360 13 13 0 W
2.4277756230 13 13 1 W
2.5831968050 13 13 2 W
2.6082444740 13 13 3 W
2.6082486480 13 13 0 W
2.6463559450 13 13 1 W
2.8552830490 13 13 2 W
2.8868115340 13 13 3 W
2.8868163190 13 13 0 W
2.9181440830 13 13 1 W
3.0747934650 13 13 2 W
3.0951083120 13 13 3 W
3.0951127610 13 13 0 W
3.1307226890 13 13 1 W
3.2448750960 13 13 2 W
3.2644787990 13 13 3 W
3.2644814790 13 13 0 W
3.2799810470 13 13 1 W
3.4159644450 13 13 2 W
3.4529278540 13 13 3 W
3.4529318430 13 13 0 W
3.4959626560 13 13 1 W
3.6077487810 13 13 2 W
3.6467879050 13 13 3 W
3.6467909450 13 13 0 W
3.6821185910 13 13 1 W
3.8333396120 13 13 2 W
3.8477409050 13 13 3 W
3.8477443980 13 13 0 W
3.8619851380 13 13 1 W
4.1143759180 13 13 2 W
4.1630399490 13 13 3 W
4.1630449360 13 13 0 W
4.1969130140 13 13 1 W
4.4232802970 13 13 2 W
4.4634978110 13 13 3 W
4.4635011850 13 13 0 W
4.5100230660 13 13 1 W
4.5789926270 13 13 2 W
4.6031949550 13 13 3 W
4.6031991090 13 13 0 W
4.6483775880 13 13 1 W
4.8332815000 13 13 2 W
4.8557971100 13 13 3 W
4.8558014540 13 13 0 W
4.9043586730 13 13 1 W
5.0832927540 13 13 2 W
5.1332882630 13 13 3 W
5.1332916150 13 13 0 W
5.1734387220 13 13 1 W
5.3110343500 13 13 2 W
5.3526726680 13 13 3 W
5.3526764610 13 13 0 W
5.3983606110 13 13 1 W
5.4985594490 13 13 2 W
5.5395086140 13 13 3 W
5.5395117470 13 13 0 W
0.0005137060 5 5 0 R
0.0302809100 5 5 1 R
0.0302817990 5 5 2 R
0.0648220630 5 5 3 R
0.0648229390 5 5 0 R
0.0857277490 5 5 1 R
0.2315228860 5 5 2 R
0.2804184700 5 5 3 R
0.2804187520 5 5 0 R
0.3033396790 5 5 1 R
0.4308458790 5 5 2 R
0.4761855580 5 5 3 R
0.4761856620 5 5 0 R
0.4872496870 5 5 1 R
0.6257009430 5 5 2 R
0.6567873250 5 5 3 R
0.6567881990 5 5 0 R
0.6689901810 5 5 1 R
0.8836336470 5 5 2 R
0.9224246090 5 5 3 R
0.9224279580 5 5 0 R
0.9593249110 5 5 1 R
1.1228242370 5 5 2 R
1.1537479670 5 5 3 R
1.1537492360 5 5 0 R
1.1960640040 5 5 1 R
1.3416744240 5 5 2 R
1.3817511290 5 5 3 R
1.3817514020 5 5 0 R
1.4101365550 5 5 1 R
1.5263240970 5 5 2 R
1.5606632700 5 5 3 R
1.5606637680 5 5 0 R
1.5748805580 5 5 1 R
1.5748808860 5 5 2 R
1.5932458530 5 5 3 R
1.5932465070 5 5 0 R
1.6143014080 5 5 1 R
1.7543206450 5 5 2 R
1.8042223680 5 5 3 R
1.8042246170 5 5 0 R
1.8366320980 5 5 1 R
2.0327941240 5 5 2 R
2.0576775690 5 5 3 R
2.0576784500 5 5 0 R
2.0993103500 5 5 1 R
2.2864648130 5 5 2 R
2.3110704270 5 5 3 R
2.3110713280 5 5 0 R
2.3435275100 5 5 1 R
2.4903873210 5 5 2 R
2.5345034370 5 5 3 R
2.5345043140 5 5 0 R
2.5713851650 5 5 1 R
2.7144890990 5 5 2 R
2.7402455250 5 5 3 R
2.7402464800 5 5 0 R
2.7596973610 5 5 1 R
2.7596982220 5 5 2 R
2.7930052430 5 5 3 R
2.7930089940 5 5 0 R
2.8364504250 5 5 1 R
2.9243590370 5 5 2 R
2.9420761720 5 5 3 R
2.9420764140 5 5 0 R
2.9858144800 5 5 1 R
3.1642949450 5 5 2 R
3.2031376850 5 5 3 R
3.2031382110 5 5 0 R
3.2299138130 5 5 1 R
3.3742902820 5 5 2 R
3.3875321550 5 5 3 R
3.3875329910 5 5 0 R
3.3984661040 5 5 1 R
3.3984668570 5 5 2 R
3.4159573930 5 5 3 R
3.4159592610 5 5 0 R
3.4393577740 5 5 1 R
3.5585532620 5 5 2 R
3.5970266800 5 5 3 R
3.5970282270 5 5 0 R
3.6300326640 5 5 1 R
3.7834837790 5 5 2 R
3.8277182340 5 5 3 R
3.8277191630 5 5 0 R
3.8576826170 5 5 1 R
3.9921406300 5 5 2 R
4.0078999350 5 5 3 R
4.0079008340 5 5 0 R
4.0345039280 5 5 1 R
4.1630524530 5 5 2 R
4.1913232840 5 5 3 R
4.1913239340 5 5 0 R
4.2082685940 5 5 1 R
4.3087584090 5 5 2 R
4.3235517580 5 5 3 R
4.3235525580 5 5 0 R
4.3432436320 5 5 1 R
4.4921027710 5 5 2 R
4.5382411890 5 5 3 R
4.5382433920 5 5 0 R
4.5548093870 5 5 1 R
4.6400927910 5 5 2 R
4.6632379380 5 5 3 R
4.6632387090 5 5 0 R
4.6982687840 5 5 1 R
4.8890937700 5 5 2 R
4.9143794290 5 5 3 R
4.9143802670 5 5 0 R
4.9645050670 5 5 1 R
5.1756703320 5 5 2 R
5.2231464010 5 5 3 R
5.2231472790 5 5 0 R
5.2636874650 5 5 1 R
5.4147319360 5 5 2 R
5.4532552830 5 5 3 R
5.4532563180 5 5 0 R
5.4819037700 5 5 1 R
5.6499779650 5 5 2 R
5.6978293810 5 5 3 R
5.6978302700 5 5 0 R
5.7385510020 5 5 1 R
5.8143093010 5 5 2 R
5.8280198870 5 5 3 R
5.8280207340 5 5 0 R
5.8725944410 5 5 1 R
5.9501582500 5 5 2 R
5.9825016540 5 5 3 R
5.9825025580 5 5 0 R
6.0302168510 5 5 1 R
6.1296078080 5 5 2 R
6.1673741850 5 5 3 R
6.1673750970 5 5 0 R
6.1877296920 5 5 1 R
6.2977529530 5 5 2 R
6.3183463500 5 5 3 R
6.3183466240 5 5 0 R
6.3322289410 5 5 1 R
6.3322291700 5 5 2 R
6.3574598690 5 5 3 R
6.3574620910 5 5 0 R
6.4073987760 5 5 1 R
6.4777959410 5 5 2 R
6.5266380720 5 5 3 R
6.5266389330 5 5 0 R
0.0006552730 6 6 0 R
0.0317208530 6 6 1 R
0.0317489220 6 6 2 R
0.0694009650 6 6 3 R
0.0694030520 6 6 0 R
0.0935010140 6 6 1 R
0.2315253780 6 6 2 R
0.2502523490 6 6 3 R
0.2502532350 6 6 0 R
0.2717354890 6 6 1 R
0.2717362660 6 6 2 R
0.2902176420 6 6 3 R
0.2902197480 6 6 0 R
0.3222846000 6 6 1 R
0.4308480370 6 6 2 R
0.4443474490 6 6 3 R
0.4443477030 6 6 0 R
0.4593911840 6 6 1 R
0.4593914780 6 6 2 R
0.4984474400 6 6 3 R
0.4984497010 6 6 0 R
0.5207279520 6 6 1 R
0.6257093760 6 6 2 R
0.6393292950 6 6 3 R
0.6393301640 6 6 0 R
0.6613849960 6 6 1 R
0.8836271830 6 6 2 R
0.9175290600 6 6 3 R
0.9175299800 6 6 0 R
0.9338760240 6 6 1 R
1.1228260000 6 6 2 R
1.1480998240 6 6 3 R
1.1481013170 6 6 0 R
1.1928922730 6 6 1 R
1.3416717260 6 6 2 R
1.3653886730 6 6 3 R
1.3653889520 6 6 0 R
1.4154338010 6 6 1 R
1.5263257190 6 6 2 R
1.5409276570 6 6 3 R
1.5409285280 6 6 0 R
1.5641516900 6 6 1 R
1.5641519230 6 6 2 R
1.5842291670 6 6 3 R
1.5842296340 6 6 0 R
1.5963414590 6 6 1 R
1.7543043630 6 6 2 R
1.7702341920 6 6 3 R
1.7702353350 6 6 0 R
1.7940381830 6 6 1 R
1.7940394250 6 6 2 R
1.8167715790 6 6 3 R
1.8167729240 6 6 0 R
1.8320439470 6 6 1 R
2.0329664650 6 6 2 R
2.0622053920 6 6 3 R
2.0622056860 6 6 0 R
2.1092840710 6 6 1 R
2.2864664660 6 6 2 R
2.3370112220 6 6 3 R
2.3370121060 6 6 0 R
2.3712935280 6 6 1 R
2.4902788310 6 6 2 R
2.5369841030 6 6 3 R
2.5369849680 6 6 0 R
2.5866266100 6 6 1 R
2.7144926060 6 6 2 R
2.7402504900 6 6 3 R
2.7402508910 6 6 0 R
2.7622236010 6 6 1 R
2.7622244400 6 6 2 R
2.7905555850 6 6 3 R
2.7905581520 6 6 0 R
2.8123276390 6 6 1 R
2.9243560490 6 6 2 R
2.9489127940 6 6 3 R
2.9489138690 6 6 0 R
2.9964337810 6 6 1 R
3.1642963590 6 6 2 R
3.2066869050 6 6 3 R
3.2066875560 6 6 0 R
3.2252222010 6 6 1 R
3.3742845740 6 6 2 R
3.4134924020 6 6 3 R
3.4134932570 6 6 0 R
3.4271614780 6 6 1 R
3.5585513930 6 6 2 R
3.5713760570 6 6 3 R
3.5713763420 6 6 0 R
3.5853935550 6 6 1 R
3.7834750680 6 6 2 R
3.8333358260 6 6 3 R
3.8333371310 6 6 0 R
3.8674781490 6 6 1 R
3.9921421970 6 6 2 R
4.0054109250 6 6 3 R
4.0054118070 6 6 0 R
4.0521183510 6 6 1 R
4.1630565370 6 6 2 R
4.1925222140 6 6 3 R
4.1925227780 6 6 0 R
4.2106865400 6 6 1 R
4.3087600210 6 6 2 R
4.3352877150 6 6 3 R
4.3352886150 6 6 0 R
4.3822653380 6 6 1 R
4.4921097750 6 6 2 R
4.5174805590 6 6 3 R
4.5174814200 6 6 0 R
4.5394990580 6 6 1 R
4.6400380850 6 6 2 R
4.6582784520 6 6 3 R
4.6582792740 6 6 0 R
4.6792489460 6 6 1 R
4.6792495690 6 6 2 R
4.7077708360 6 6 3 R
4.7077721830 6 6 0 R
4.7313284950 6 6 1 R
4.8890917120 6 6 2 R
4.9198620550 6 6 3 R
4.9198629230 6 6 0 R
4.9542783920 6 6 1 R
5.1756683450 6 6 2 R
5.2242879600 6 6 3 R
5.2242888650 6 6 0 R
5.2427048750 6 6 1 R
5.4147258860 6 6 2 R
5.4618442240 6 6 3 R
5.4618450480 6 6 0 R
5.4819005030 6 6 1 R
5.6499764410 6 6 2 R
5.6925717020 6 6 3 R
5.6925720260 6 6 0 R
5.7339690570 6 6 1 R
5.8143006470 6 6 2 R
5.8304223610 6 6 3 R
5.8304231820 6 6 0 R
5.8652655800 6 6 1 R
5.9501544090 6 6 2 R
5.9913226940 6 6 3 R
5.9913235570 6 6 0 R
6.0152760880 6 6 1 R
6.1296061750 6 6 2 R
6.1649311320 6 6 3 R
6.1649320120 6 6 0 R
6.1981098950 6 6 1 R
6.2977542460 6 6 2 R
6.3470703120 6 6 3 R
6.3470707810 6 6 0 R
6.3902701530 6 6 1 R
6.4777944110 6 6 2 R
6.5069476670 6 6 3 R
6.5069480810 6 6 0 R
6.5394279800 6 6 1 R
6.7031602490 6 6 2 R
6.7240924110 6 6 3 R
6.7240932990 6 6 0 R
0.0004687630 12 12 0 W
0.0118663280 12 12 1 W
0.0119188120 12 12 2 W
0.0242125440 12 12 3 W
0.0242154630 12 12 0 W
0.0562705890 12 12 1 W
0.1979176930 12 12 2 W
0.2315076820 12 12 3 W
0.2315114600 12 12 0 W
0.2534853080 12 12 1 W
0.4103741530 12 12 2 W
0.4308358320 12 12 3 W
0.4308381310 12 12 0 W
0.4805791070 12 12 1 W
0.5949556480 12 12 2 W
0.6256861580 12 12 3 W
0.6256907810 12 12 0 W
0.6502119740 12 12 1 W
0.8345898560 12 12 2 W
0.8836076520 12 12 3 W
0.8836130880 12 12 0 W
0.9276832330 12 12 1 W
1.0789981210 12 12 2 W
1.1228100230 12 12 3 W
1.1228147450 12 12 0 W
1.1592387880 12 12 1 W
1.2912574070 12 12 2 W
1.3416606610 12 12 3 W
1.3416634880 12 12 0 W
1.3859438050 12 12 1 W
1.5120167400 12 12 2 W
1.5262973540 12 12 3 W
1.5263034890 12 12 0 W
1.5472125640 12 12 1 W
1.7043010390 12 12 2 W
1.7542672640 12 12 3 W
1.7542761980 12 12 0 W
1.7736002100 12 12 1 W
2.0081415750 12 12 2 W
2.0327821390 12 12 3 W
2.0327869310 12 12 0 W
2.0749122390 12 12 1 W
2.2517699860 12 12 2 W
2.2864108190 12 12 3 W
2.2864150440 12 12 0 W
2.3306990040 12 12 1 W
2.4473701190 12 12 2 W
2.4902274150 12 12 3 W
2.4902320310 12 12 0 W
2.5157030170 12 12 1 W
2.6700873500 12 12 2 W
2.7144658620 12 12 3 W
2.7144714660 12 12 0 W
2.7316812880 12 12 1 W
2.8868212310 12 12 2 W
2.9243337050 12 12 3 W
2.9243379240 12 12 0 W
2.9638929840 12 12 1 W
3.1283897120 12 12 2 W
3.1642763700 12 12 3 W
3.1642802760 12 12 0 W
3.1774370580 12 12 1 W
3.3587472710 12 12 2 W
3.3742711720 12 12 3 W
3.3742760230 12 12 0 W
3.4159553110 12 12 1 W
3.6944374320 12 12 2 W
3.7347282620 12 12 3 W
3.7347327290 12 12 0 W
3.7834635830 12 12 1 W
3.8663617130 12 12 2 W
3.9077481190 12 12 3 W
3.9077520280 12 12 0 W
3.9555686900 12 12 1 W
4.0466384690 12 12 2 W
4.0912763770 12 12 3 W
4.0912805250 12 12 0 W
4.1112060610 12 12 1 W
4.2174877320 12 12 2 W
4.2412684350 12 12 3 W
4.2412723200 12 12 0 W
4.2872853900 12 12 1 W
4.3777859590 12 12 2 W
4.4232712930 12 12 3 W
4.4232752220 12 12 0 W
4.4648336580 12 12 1 W
4.5548196240 12 12 2 W
4.5665728170 12 12 3 W
4.5665764780 12 12 0 W
4.6066851940 12 12 1 W
4.7312406620 12 12 2 W
4.7486245430 12 12 3 W
4.7486277870 12 12 0 W
4.7734234370 12 12 1 W
5.0460332380 12 12 2 W
5.0832839240 12 12 3 W
5.0832874560 12 12 0 W
5.1230180620 12 12 1 W
5.2760914330 12 12 2 W
5.3110264800 12 12 3 W
5.3110294860 12 12 0 W
5.3372821660 12 12 1 W
5.4785314610 12 12 2 W
5.4985520150 12 12 3 W
5.4985545950 12 12 0 W
5.5301953920 12 12 1 W
5.7351339010 12 12 2 W
5.7679371600 12 12 3 W
5.7679404940 12 12 0 W
5.7969157230 12 12 1 W
5.8493547950 12 12 2 W
5.8606522500 12 12 3 W
5.8606530300 12 12 0 W
5.9062933650 12 12 1 W
6.0556172850 12 12 2 W
6.0843110980 12 12 3 W
6.0843143480 12 12 0 W
6.1190029390 12 12 1 W
6.1783115800 12 12 2 W
6.2162250770 12 12 3 W
6.2162281860 12 12 0 W
6.2500066410 12 12 1 W
6.4041366280 12 12 2 W
6.4258050510 12 12 3 W
6.4258104100 12 12 0 W
6.4663656190 12 12 1 W
6.5490582240 12 12 2 W
6.5902116110 12 12 3 W
6.5902153840 12 12 0 W
6.6094731670 12 12 1 W
6.8081047770 12 12 2 W
6.8248528110 12 12 3 W
6.8248558300 12 12 0 W
0.0006135670 9 9 0 R
0.0142762310 9 9 1 R
0.0242234040 9 9 2 R
0.0729546140 9 9 3 R
0.0729568550 9 9 0 R
0.1051135040 9 9 1 R
0.2315280280 9 9 2 R
0.2804163290 9 9 3 R
0.2804169840 9 9 0 R
0.3046704890 9 9 1 R
0.4308464720 9 9 2 R
0.4678923820 9 9 3 R
0.4678928370 9 9 0 R
0.5127412270 9 9 1 R
0.6256992220 9 9 2 R
0.6380240450 9 9 3 R
0.6380248910 9 9 0 R
0.6666653410 9 9 1 R
0.8836297500 9 9 2 R
0.9004161950 9 9 3 R
0.9004234950 9 9 0 R
0.9223916180 9 9 1 R
0.9223921140 9 9 2 R
0.9677423980 9 9 3 R
0.9677437240 9 9 0 R
1.0175761840 9 9 1 R
1.1228861600 9 9 2 R
1.1408069200 9 9 3 R
1.1408086330 9 9 0 R
1.1635506420 9 9 1 R
1.1635528580 9 9 2 R
1.1805895690 9 9 3 R
1.1805908880 9 9 0 R
1.1971960880 9 9 1 R
1.3416736960 9 9 2 R
1.3871108750 9 9 3 R
1.3871120970 9 9 0 R
1.4249591620 9 9 1 R
1.5263120520 9 9 2 R
1.5472092020 9 9 3 R
1.5472097510 9 9 0 R
1.5705597560 9 9 1 R
1.5705600480 9 9 2 R
1.6177428630 9 9 3 R
1.6177468680 9 9 0 R
1.6445383540 9 9 1 R
1.7543279600 9 9 2 R
1.7644529950 9 9 3 R
1.7644541650 9 9 0 R
1.8042530280 9 9 1 R
2.0328002380 9 9 2 R
2.0535140900 9 9 3 R
2.0535149400 9 9 0 R
2.0713755920 9 9 1 R
2.0713762400 9 9 2 R
2.1069664070 9 9 3 R
2.1069687830 9 9 0 R
2.1496023120 9 9 1 R
2.2864719300 9 9 2 R
2.3067640820 9 9 3 R
2.3067649370 9 9 0 R
2.3448637550 9 9 1 R
2.4904088640 9 9 2 R
2.5018263780 9 9 3 R
2.5018272160 9 9 0 R
2.5520975050 9 9 1 R
2.7144852610 9 9 2 R
2.7247218600 9 9 3 R
2.7247227690 9 9 0 R
2.7478550690 9 9 1 R
2.7478557900 9 9 2 R
2.7905627450 9 9 3 R
2.7905629910 9 9 0 R
2.8352714530 9 9 1 R
2.9243574470 9 9 2 R
2.9453401350 9 9 3 R
2.9453410420 9 9 0 R
2.9791092950 9 9 1 R
3.1642920920 9 9 2 R
3.2113495150 9 9 3 R
3.2113503680 9 9 0 R
3.2298077320 9 9 1 R
3.3742884730 9 9 2 R
3.4027540560 9 9 3 R
3.4027543220 9 9 0 R
3.4233953740 9 9 1 R
3.5585458880 9 9 2 R
3.5853880310 9 9 3 R
3.5853888920 9 9 0 R
3.6142298440 9 9 1 R
3.7834771400 9 9 2 R
3.8051951470 9 9 3 R
3.8051959990 9 9 0 R
3.8370113090 9 9 1 R
3.9921356380 9 9 2 R
4.0216828470 9 9 3 R
4.0216837310 9 9 0 R
4.0522216820 9 9 1 R
4.1630582260 9 9 2 R
4.1980486270 9 9 3 R
4.1980497410 9 9 0 R
4.2149727550 9 9 1 R
4.3088213630 9 9 2 R
4.3352929000 9 9 3 R
4.3352931220 9 9 0 R
4.3752786370 9 9 1 R
4.4921079990 9 9 2 R
4.5217753920 9 9 3 R
4.5217762860 9 9 0 R
4.5432728990 9 9 1 R
4.6400414900 9 9 2 R
4.6686301280 9 9 3 R
4.6686316170 9 9 0 R
4.6823553520 9 9 1 R
4.6823557990 9 9 2 R
4.7076943770 9 9 3 R
4.7076955980 9 9 0 R
4.7374512120 9 9 1 R
4.8890883970 9 9 2 R
4.9210360390 9 9 3 R
4.9210369010 9 9 0 R
4.9555879540 9 9 1 R
5.1756669780 9 9 2 R
5.2024468660 9 9 3 R
5.2024475940 9 9 0 R
5.2206557930 9 9 1 R
5.2206564970 9 9 2 R
5.2502089440 9 9 3 R
5.2502123640 9 9 0 R
5.2813693540 9 9 1 R
5.4147336770 9 9 2 R
5.4642823330 9 9 3 R
5.4642831910 9 9 0 R
5.4986431040 9 9 1 R
5.6499811370 9 9 2 R
5.6842839000 9 9 3 R
5.6842841680 9 9 0 R
5.7306574010 9 9 1 R
5.8143295700 9 9 2 R
5.8326972300 9 9 3 R
5.8326981060 9 9 0 R
5.8640517000 9 9 1 R
5.9501501020 9 9 2 R
5.9987825290 9 9 3 R
5.9987833780 9 9 0 R
6.0215112770 9 9 1 R
6.1296025020 9 9 2 R
6.1783095960 9 9 3 R
6.1783100590 9 9 0 R
6.2043323110 9 9 1 R
6.2977550350 9 9 2 R
6.3204754110 9 9 3 R
6.3204756530 9 9 0 R
6.3471477690 9 9 1 R
6.4777926440 9 9 2 R
6.4994048520 9 9 3 R
6.4994051650 9 9 0 R
6.5206486890 9 9 1 R
6.5206492010 9 9 2 R
6.5490462020 9 9 3 R
6.5490495480 9 9 0 R
6.5839367300 9 9 1 R
6.7031966580 9 9 2 R
6.7164538710 9 9 3 R
6.7164547160 9 9 0 R
6.7306806670 9 9 1 R
6.7306814790 9 9 2 R
6.7443709500 9 9 3 R
6.7443727060 9 9 0 R
6.7858370000 9 9 1 R
6.8566239080 9 9 2 R
6.8916985680 9 9 3 R
6.8917006850 9 9 0 R
6.9112893240 9 9 1 R
6.9875856970 9 9 2 R
7.0175077170 9 9 3 R
7.0175085510 9 9 0 R
7.0373683770 9 9 1 R
7.0780923570 9 9 2 R
7.1100184640 9 9 3 R
7.1100193440 9 9 0 R
7.1561609820 9 9 1 R
7.2172811180 9 9 2 R
7.2623428150 9 9 3 R
7.2623448710 9 9 0 R
0.0004171230 11 11 0 W
0.0382383900 11 11 1 W
0.1075535200 11 11 2 W
0.1386842970 11 11 3 W
0.1386880620 11 11 0 W
0.1488685930 11 11 1 W
0.3757949490 11 11 2 W
0.4103557880 11 11 3 W
0.4103642070 11 11 0 W
0.4308412800 11 11 1 W
0.5792501570 11 11 2 W
0.5949434280 11 11 3 W
0.5949476190 11 11 0 W
0.6081518050 11 11 1 W
0.7330678680 11 11 2 W
0.7777306160 11 11 3 W
0.7777350340 11 11 0 W
0.8160204950 11 11 1 W
0.9677459540 11 11 2 W
1.0023316790 11 11 3 W
1.0023337300 11 11 0 W
1.0199644250 11 11 1 W
1.2695963150 11 11 2 W
1.2912438470 11 11 3 W
1.2912498640 11 11 0 W
1.3244078830 11 11 1 W
1.4547608570 11 11 2 W
1.4944730370 11 11 3 W
1.4944769560 11 11 0 W
1.5107772310 11 11 1 W
1.6301105040 11 11 2 W
1.6602650630 11 11 3 W
1.6602705280 11 11 0 W
1.6715629640 11 11 1 W
1.8459086230 11 11 2 W
1.8721426540 11 11 3 W
1.8721446830 11 11 0 W
1.9197139340 11 11 1 W
2.2171164310 11 11 2 W
2.2517603710 11 11 3 W
2.2517649700 11 11 0 W
2.2896299810 11 11 1 W
2.4330915220 11 11 2 W
2.4473604090 11 11 3 W
2.4473649510 11 11 0 W
2.4695987510 11 11 1 W
2.6082537060 11 11 2 W
2.6381436800 11 11 3 W
2.6381487340 11 11 0 W
2.6795140060 11 11 1 W
2.7930156700 11 11 2 W
2.8058567610 11 11 3 W
2.8058604760 11 11 0 W
2.8457574070 11 11 1 W
3.0951177100 11 11 2 W
3.1283801350 11 11 3 W
3.1283848630 11 11 0 W
3.1631207790 11 11 1 W
3.2644847960 11 11 2 W
3.3102583900 11 11 3 W
3.3102602000 11 11 0 W
3.3434985780 11 11 1 W
3.4529368910 11 11 2 W
3.4972081480 11 11 3 W
3.4972120280 11 11 0 W
3.5115383630 11 11 1 W
3.6467946510 11 11 2 W
3.6944260980 11 11 3 W
3.6944313640 11 11 0 W
3.7360948930 11 11 1 W
3.8477503240 11 11 2 W
3.8663529090 11 11 3 W
3.8663566000 11 11 0 W
3.9170696460 11 11 1 W
4.0358554880 11 11 2 W
4.0466307500 11 11 3 W
4.0466335110 11 11 0 W
4.0947747420 11 11 1 W
4.1980535030 11 11 2 W
4.2174794090 11 11 3 W
4.2174830520 11 11 0 W
4.2308016740 11 11 1 W
4.3573049960 11 11 2 W
4.3777775720 11 11 3 W
4.3777808160 11 11 0 W
4.4018834160 11 11 1 W
4.5382497030 11 11 2 W
4.5548129430 11 11 3 W
4.5548153630 11 11 0 W
4.5788919470 11 11 1 W
4.7867761570 11 11 2 W
4.8332732700 11 11 3 W
4.8332768180 11 11 0 W
4.8504083120 11 11 1 W
4.9975335840 11 11 2 W
5.0460242620 11 11 3 W
5.0460277700 11 11 0 W
5.0967708100 11 11 1 W
5.2502196630 11 11 2 W
5.2760835100 11 11 3 W
5.2760866960 11 11 0 W
5.2897532540 11 11 1 W
5.5396210880 11 11 2 W
5.5689950460 11 11 3 W
5.5689984900 11 11 0 W
5.5882831600 11 11 1 W
5.6978329430 11 11 2 W
5.7351254350 11 11 3 W
5.7351287530 11 11 0 W
5.7782739820 11 11 1 W
5.8606550460 11 11 2 W
5.8808517090 11 11 3 W
5.8808536620 11 11 0 W
5.9084986360 11 11 1 W
6.0269029680 11 11 2 W
6.0556087340 11 11 3 W
6.0556119660 11 11 0 W
6.0699366710 11 11 1 W
6.2465287270 11 11 2 W
6.2865289050 11 11 3 W
6.2865308520 11 11 0 W
6.3131801640 11 11 1 W
6.4258177450 11 11 2 W
6.4572298970 11 11 3 W
6.4572322420 11 11 0 W
6.4911418530 11 11 1 W
6.6289034130 11 11 2 W
6.6685457970 11 11 3 W
6.6685515310 11 11 0 W
6.6937505970 11 11 1 W
6.7740933620 11 11 2 W
6.8080972390 11 11 3 W
6.8080998750 11 11 0 W
6.8332861530 11 11 1 W
6.8917067160 11 11 2 W
6.9099648510 11 11 3 W
6.9099670620 11 11 0 W
6.9500524270 11 11 1 W
7.0446620220 11 11 2 W
7.0553926830 11 11 3 W
7.0553954110 11 11 0 W
7.0759219340 11 11 1 W
7.1255230760 11 11 2 W
7.1560671350 11 11 3 W
7.1560705670 11 11 0 W
7.2061010730 11 11 1 W
7.2624412940 11 11 2 W
7.2951498560 11 11 3 W
7.2951523650 11 11 0 W
0.0002678420 1 1 0 R
0.0395977900 1 1 1 R
0.0395986520 1 1 2 R
0.0649164120 1 1 3 R
0.0649171770 1 1 0 R
0.0998081620 1 1 1 R
0.2315267590 1 1 2 R
0.2672745150 1 1 3 R
0.2672753350 1 1 0 R
0.3170102910 1 1 1 R
0.4308474150 1 1 2 R
0.4420735110 1 1 3 R
0.4420735860 1 1 0 R
0.4679474590 1 1 1 R
0.4679477120 1 1 2 R
0.5128067800 1 1 3 R
0.5128106880 1 1 0 R
0.5413688810 1 1 1 R
0.6257110120 1 1 2 R
0.6393342360 1 1 3 R
0.6393344760 1 1 0 R
0.6567922960 1 1 1 R
0.6567926780 1 1 2 R
0.6917652600 1 1 3 R
0.6917682490 1 1 0 R
0.7256822920 1 1 1 R
0.8836380800 1 1 2 R
0.9100908530 1 1 3 R
0.9100917250 1 1 0 R
0.9488491050 1 1 1 R
1.1228331290 1 1 2 R
1.1579812720 1 1 3 R
1.1579821270 1 1 0 R
1.1985337240 1 1 1 R
1.3416684840 1 1 2 R
1.3600602400 1 1 3 R
1.3600606460 1 1 0 R
1.3749467490 1 1 1 R
1.3749472500 1 1 2 R
1.3923021390 1 1 3 R
1.3923026110 1 1 0 R
1.4237711090 1 1 1 R
1.5263275580 1 1 2 R
1.5619355710 1 1 3 R
1.5619356830 1 1 0 R
1.6026257480 1 1 1 R
1.7543087820 1 1 2 R
1.7906968870 1 1 3 R
1.7906982520 1 1 0 R
1.8353987060 1 1 1 R
2.0328739340 1 1 2 R
2.0535191830 1 1 3 R
2.0535194270 1 1 0 R
2.0822375920 1 1 1 R
2.0822384600 1 1 2 R
2.1301039740 1 1 3 R
2.1301078870 1 1 0 R
2.1739511210 1 1 1 R
2.2864211970 1 1 2 R
2.3022847960 1 1 3 R
2.3022856240 1 1 0 R
2.3422096220 1 1 1 R
2.4903837080 1 1 2 R
2.5093693330 1 1 3 R
2.5093702130 1 1 0 R
2.5565478040 1 1 1 R
2.7144815240 1 1 2 R
2.7585361400 1 1 3 R
2.7585369940 1 1 0 R
2.7688785230 1 1 1 R
2.9243462750 1 1 2 R
2.9395831540 1 1 3 R
2.9395839690 1 1 0 R
2.9714239160 1 1 1 R
2.9714246740 1 1 2 R
3.0010850850 1 1 3 R
3.0010872010 1 1 0 R
3.0492738170 1 1 1 R
3.1643006550 1 1 2 R
3.2089559760 1 1 3 R
3.2089566990 1 1 0 R
3.2396239020 1 1 1 R
3.3742969620 1 1 2 R
3.4148355080 1 1 3 R
3.4148363700 1 1 0 R
3.4646450680 1 1 1 R
3.5585580220 1 1 2 R
3.5713704720 1 1 3 R
3.5713713740 1 1 0 R
3.6197042540 1 1 1 R
3.7834788080 1 1 2 R
3.8333308280 1 1 3 R
3.8333317210 1 1 0 R
3.8719050570 1 1 1 R
3.9921436430 1 1 2 R
4.0333681230 1 1 3 R
4.0333690160 1 1 0 R
4.0660393080 1 1 1 R
4.1630657670 1 1 2 R
4.1820717300 1 1 3 R
4.1820719720 1 1 0 R
4.1980525090 1 1 1 R
4.3086928300 1 1 2 R
4.3328269300 1 1 3 R
4.3328278180 1 1 0 R
4.3679827050 1 1 1 R
4.4921062100 1 1 2 R
4.5252750550 1 1 3 R
4.5252759310 1 1 0 R
4.5602710400 1 1 1 R
4.6401213930 1 1 2 R
4.6547311670 1 1 3 R
4.6547320780 1 1 0 R
4.6824069780 1 1 1 R
4.6824072270 1 1 2 R
4.7312311170 1 1 3 R
4.7312339100 1 1 0 R
4.7651152140 1 1 1 R
4.8890902680 1 1 2 R
4.9044492960 1 1 3 R
4.9044501970 1 1 0 R
4.9234205920 1 1 1 R
4.9234213150 1 1 2 R
4.9364648010 1 1 3 R
4.9364656450 1 1 0 R
4.9769373400 1 1 1 R
5.1756711040 1 1 2 R
5.1982684260 1 1 3 R
5.1982689330 1 1 0 R
5.2321429810 1 1 1 R
5.4147282460 1 1 2 R
5.4373929450 1 1 3 R
5.4373937860 1 1 0 R
5.4520809550 1 1 1 R
5.4520816930 1 1 2 R
5.4785204630 1 1 3 R
5.4785224410 1 1 0 R
5.5048606900 1 1 1 R
5.6499795430 1 1 2 R
5.6809115920 1 1 3 R
5.6809118860 1 1 0 R
5.7020983340 1 1 1 R
5.8143139520 1 1 2 R
5.8268572130 1 1 3 R
5.8268580650 1 1 0 R
5.8704082240 1 1 1 R
5.9501561620 1 1 2 R
5.9877872930 1 1 3 R
5.9877882100 1 1 0 R
6.0141372130 1 1 1 R
6.1296046620 1 1 2 R
6.1759881020 1 1 3 R
6.1759884920 1 1 0 R
6.2161305960 1 1 1 R
6.2977568700 1 1 2 R
6.3229001310 1 1 3 R
6.3229003740 1 1 0 R
6.3647734700 1 1 1 R
6.4777934090 1 1 2 R
6.5232309120 1 1 3 R
6.5232317930 1 1 0 R
6.5435656000 1 1 1 R
6.7031566850 1 1 2 R
6.7419964900 1 1 3 R
6.7419974220 1 1 0 R
6.7846073030 1 1 1 R
6.8566196650 1 1 2 R
6.8798684550 1 1 3 R
6.8798695380 1 1 0 R
6.9056671330 1 1 1 R
6.9875833910 1 1 2 R
7.0112723720 1 1 3 R
7.0112732130 1 1 0 R
7.0491372100 1 1 1 R
7.0780937930 1 1 2 R
7.1037146830 1 1 3 R
7.1037155850 1 1 0 R
7.1438319040 1 1 1 R
7.2172782020 1 1 2 R
7.2550852480 1 1 3 R
7.2550857660 1 1 0 R
7.2707546250 1 1 1 R
7.3578984150 1 1 2 R
7.4083521020 1 1 3 R
7.4083542200 1 1 0 R
7.4342253520 1 1 1 R
7.4456191890 1 1 2 R
7.4589309700 1 1 3 R
7.4589314630 1 1 0 R
7.4740966610 1 1 1 R
7.4740974510 1 1 2 R
7.5240780410 1 1 3 R
7.5240798180 1 1 0 R
0.0007909070 3 3 0 R
0.0229412800 3 3 1 R
0.0242207520 3 3 2 R
0.0539008510 3 3 3 R
0.0539016820 3 3 0 R
0.0681954290 3 3 1 R
0.2315198580 3 3 2 R
0.2569669150 3 3 3 R
0.2569677450 3 3 0 R
0.2804110190 3 3 1 R
0.2804118030 3 3 2 R
0.3058318090 3 3 3 R
0.3058357620 3 3 0 R
0.3394937080 3 3 1 R
0.4308486470 3 3 2 R
0.4539852290 3 3 3 R
0.4539857650 3 3 0 R
0.5019188480 3 3 1 R
0.6257046110 3 3 2 R
0.6602751030 3 3 3 R
0.6602759370 3 3 0 R
0.7033790240 3 3 1 R
0.8836357680 3 3 2 R
0.9266142890 3 3 3 R
0.9266146560 3 3 0 R
0.9500306660 3 3 1 R
1.1228346980 3 3 2 R
1.1719897900 3 3 3 R
1.1719902990 3 3 0 R
1.1827332830 3 3 1 R
1.3416723480 3 3 2 R
1.3697594560 3 3 3 R
1.3697602710 3 3 0 R
1.4024917480 3 3 1 R
1.5263180040 3 3 2 R
1.5759882640 3 3 3 R
1.5759885420 3 3 0 R
1.6153932750 3 3 1 R
1.7543241190 3 3 2 R
1.7894013790 3 3 3 R
1.7894022540 3 3 0 R
1.8042605780 3 3 1 R
2.0328563880 3 3 2 R
2.0737528630 3 3 3 R
2.0737537190 3 3 0 R
2.0866827560 3 3 1 R
2.2864629970 3 3 2 R
2.3307029960 3 3 3 R
2.3307035320 3 3 0 R
2.3689642020 3 3 1 R
2.4903658460 3 3 2 R
2.5309925400 3 3 3 R
2.5309934010 3 3 0 R
2.5612109710 3 3 1 R
2.7144871060 3 3 2 R
2.7635426950 3 3 3 R
2.7635435760 3 3 0 R
2.7861322830 3 3 1 R
2.9243443360 3 3 2 R
2.9420710430 3 3 3 R
2.9420718530 3 3 0 R
2.9715197640 3 3 1 R
2.9715204850 3 3 2 R
3.0083164710 3 3 3 R
3.0083186190 3 3 0 R
3.0204894360 3 3 1 R
3.1642978090 3 3 2 R
3.1774394630 3 3 3 R
3.1774396970 3 3 0 R
3.2209039030 3 3 1 R
3.3742824440 3 3 2 R
3.4072550270 3 3 3 R
3.4072558410 3 3 0 R
3.4232821270 3 3 1 R
3.5585435930 3 3 2 R
3.6075298260 3 3 3 R
3.6075314470 3 3 0 R
3.6466788340 3 3 1 R
3.7834868290 3 3 2 R
3.8232851440 3 3 3 R
3.8232860110 3 3 0 R
3.8372384440 3 3 1 R
3.9921372380 3 3 2 R
4.0309977380 3 3 3 R
4.0309986200 3 3 0 R
4.0532733150 3 3 1 R
4.1630598880 3 3 2 R
4.1742835680 3 3 3 R
4.1742839400 3 3 0 R
4.2172837160 3 3 1 R
4.3088150390 3 3 2 R
4.3407570690 3 3 3 R
4.3407579480 3 3 0 R
4.3536691060 3 3 1 R
4.4920999240 3 3 2 R
4.5078611330 3 3 3 R
4.5078619910 3 3 0 R
4.5419753780 3 3 1 R
4.6400396370 3 3 2 R
4.6836494400 3 3 3 R
4.6836499090 3 3 0 R
4.7076912540 3 3 1 R
4.8889965610 3 3 2 R
4.9267106990 3 3 3 R
4.9267115740 3 3 0 R
4.9622755950 3 3 1 R
5.1756696550 3 3 2 R
5.1919563630 3 3 3 R
5.1919567710 3 3 0 R
5.2415442560 3 3 1 R
5.4147303570 3 3 2 R
5.4565413030 3 3 3 R
5.4565421330 3 3 0 R
5.4832671980 3 3 1 R
5.6499742880 3 3 2 R
5.6925743100 3 3 3 R
5.6925744470 3 3 0 R
5.7123448030 3 3 1 R
5.8143234920 3 3 2 R
5.8493513440 3 3 3 R
5.8493521710 3 3 0 R
5.8640529750 3 3 1 R
5.9501521710 3 3 2 R
5.9718631300 3 3 3 R
5.9718639420 3 3 0 R
5.9890908360 3 3 1 R
5.9890916140 3 3 2 R
6.0268939330 3 3 3 R
6.0268964750 3 3 0 R
6.0434336270 3 3 1 R
6.1296093560 3 3 2 R
6.1706090010 3 3 3 R
6.1706098650 3 3 0 R
6.2147883140 3 3 1 R
6.2977561160 3 3 2 R
6.3436770140 3 3 3 R
6.3436773990 3 3 0 R
6.3927384740 3 3 1 R
6.4777952640 3 3 2 R
6.5056932980 3 3 3 R
6.5056936470 3 3 0 R
6.5231004860 3 3 1 R
6.5231012110 3 3 2 R
6.5350179930 3 3 3 R
6.5350188180 3 3 0 R
6.5765462150 3 3 1 R
6.7031938350 3 3 2 R
6.7177888610 3 3 3 R
6.7177896890 3 3 0 R
6.7666570970 3 3 1 R
6.8566221440 3 3 2 R
6.8874152710 3 3 3 R
6.8874173070 3 3 0 R
6.9326527310 3 3 1 R
6.9875881110 3 3 2 R
7.0188479290 3 3 3 R
7.0188497120 3 3 0 R
7.0351913400 3 3 1 R
7.0780905680 3 3 2 R
7.1255168010 3 3 3 R
7.1255185500 3 3 0 R
7.1743628880 3 3 1 R
7.2172827800 3 3 2 R
7.2445713230 3 3 3 R
7.2445722060 3 3 0 R
7.2929097740 3 3 1 R
7.3579005730 3 3 2 R
7.3767198160 3 3 3 R
7.3767207140 3 3 0 R
7.4206656250 3 3 1 R
7.4456215350 3 3 2 R
7.4842712450 3 3 3 R
7.4842721830 3 3 0 R
7.5293732130 3 3 1 R
7.5850760350 3 3 2 R
7.6291602990 3 3 3 R
7.6291620520 3 3 0 R
7.6464453170 3 3 1 R
7.6952681720 3 3 2 R
7.7307014950 3 3 3 R
7.7307032910 3 3 0 R
7.7510423310 3 3 1 R
7.7742965420 3 3 2 R
7.8042424240 3 3 3 R
7.8042444600 3 3 0 R
0.0002843120 14 14 0 W
0.0289206740 14 14 1 W
0.0785163120 14 14 2 W
0.1075443940 14 14 3 W
0.1075486310 14 14 0 W
0.1582038920 14 14 1 W
0.3058423790 14 14 2 W
0.3418012860 14 14 3 W
0.3418057820 14 14 0 W
0.3714521050 14 14 1 W
0.5679959740 14 14 2 W
0.5792372930 14 14 3 W
0.5792429000 14 14 0 W
0.6183794660 14 14 1 W
0.7777399100 14 14 2 W
0.8193201100 14 14 3 W
0.8193261240 14 14 0 W
0.8399962240 14 14 1 W
1.0023363620 14 14 2 W
1.0293010850 14 14 3 W
1.0293140580 14 14 0 W
1.0656717160 14 14 1 W
1.1805938290 14 14 2 W
1.1971821070 14 14 3 W
1.1971849300 14 14 0 W
1.2308460300 14 14 1 W
1.4944814480 14 14 2 W
1.5120049140 14 14 3 W
1.5120101210 14 14 0 W
1.5275349130 14 14 1 W
1.6739568280 14 14 2 W
1.7042880500 14 14 3 W
1.7042935260 14 14 0 W
1.7321032550 14 14 1 W
1.9184414450 14 14 2 W
1.9603916510 14 14 3 W
1.9603982020 14 14 0 W
1.9867731170 14 14 1 W
2.1739485880 14 14 2 W
2.1932796090 14 14 3 W
2.1932859590 14 14 0 W
2.2323891260 14 14 1 W
2.3553530070 14 14 2 W
2.3746089520 14 14 3 W
2.3746134320 14 14 0 W
2.3847911430 14 14 1 W
2.6557628700 14 14 2 W
2.6700764870 14 14 3 W
2.6700815120 14 14 0 W
2.6970838550 14 14 1 W
2.8218205400 14 14 2 W
2.8552740100 14 14 3 W
2.8552779620 14 14 0 W
2.8794227070 14 14 1 W
3.0481155120 14 14 2 W
3.0747841390 14 14 3 W
3.0747885610 14 14 0 W
3.0951197340 14 14 1 W
3.2136022860 14 14 2 W
3.2448656810 14 14 3 W
3.2448699290 14 14 0 W
3.2766529810 14 14 1 W
3.5409382410 14 14 2 W
3.5585266460 14 14 3 W
3.5585327560 14 14 0 W
3.5993781540 14 14 1 W
3.9077568600 14 14 2 W
3.9544157780 14 14 3 W
3.9544201690 14 14 0 W
3.9668068890 14 14 1 W
4.0912853770 14 14 2 W
4.1143670370 14 14 3 W
4.1143708780 14 14 0 W
4.1577063010 14 14 1 W
4.2412776030 14 14 2 W
4.2660117820 14 14 3 W
4.2660161020 14 14 0 W
4.3086895110 14 14 1 W
4.4635060670 14 14 2 W
4.4920868970 14 14 3 W
4.4920918130 14 14 0 W
4.5328428440 14 14 1 W
4.6032043990 14 14 2 W
4.6400247100 14 14 3 W
4.6400286070 14 14 0 W
4.6548260320 14 14 1 W
4.8558066870 14 14 2 W
4.8889819860 14 14 3 W
4.8889856070 14 14 0 W
4.9087304270 14 14 1 W
5.1332967010 14 14 2 W
5.1756621980 14 14 3 W
5.1756640430 14 14 0 W
5.2026358930 14 14 1 W
5.3950274200 14 14 2 W
5.4147157790 14 14 3 W
5.4147193160 14 14 0 W
5.4477020700 14 14 1 W
5.6166467770 14 14 2 W
5.6499647030 14 14 3 W
5.6499678140 14 14 0 W
5.6787482980 14 14 1 W
5.7936690810 14 14 2 W
5.8142812980 14 14 3 W
5.8142858830 14 14 0 W
5.8421323430 14 14 1 W
5.9228107300 14 14 2 W
5.9501390430 14 14 3 W
5.9501430060 14 14 0 W
5.9801911550 14 14 1 W
6.0956362400 14 14 2 W
6.1295930570 14 14 3 W
6.1295960980 14 14 0 W
6.1783076640 14 14 1 W
6.2865338580 14 14 2 W
6.2977467170 14 14 3 W
6.2977488390 14 14 0 W
6.3354241120 14 14 1 W
6.4572357160 14 14 2 W
6.4777896770 14 14 3 W
6.4777909100 14 14 0 W
6.5182299210 14 14 1 W
6.6685586680 14 14 2 W
6.7031413950 14 14 3 W
6.7031459400 14 14 0 W
6.7264034960 14 14 1 W
6.8249605080 14 14 2 W
6.8566091290 14 14 3 W
6.8566122770 14 14 0 W
6.8981990230 14 14 1 W
6.9499737910 14 14 2 W
6.9875731400 14 14 3 W
6.9875763200 14 14 0 W
6.9998937120 14 14 1 W
7.0554001890 14 14 2 W
7.0780804250 14 14 3 W
7.0780835110 14 14 0 W
7.0993536550 14 14 1 W
7.1896311350 14 14 2 W
7.2172685590 14 14 3 W
7.2172717430 14 14 0 W
7.2550814880 14 14 1 W
7.3215832890 14 14 2 W
7.3578917350 14 14 3 W
7.3578940110 14 14 0 W
7.4000213810 14 14 1 W
7.4270511400 14 14 2 W
7.4456125710 14 14 3 W
7.4456146510 14 14 0 W
7.4867649280 14 14 1 W
7.5477674130 14 14 2 W
7.5850694460 14 14 3 W
7.5850712850 14 14 0 W
7.6048335130 14 14 1 W
7.6536530460 14 14 2 W
7.6952637760 14 14 3 W
7.6952648400 14 14 0 W
7.7094690640 14 14 1 W
7.7510399720 14 14 2 W
7.7742877320 14 14 3 W
7.7742902570 14 14 0 W
7.8011559750 14 14 1 W
7.8466746320 14 14 2 W
7.8859740200 14 14 3 W
7.8859751610 14 14 0 W
7.9098699680 14 14 1 W
7.9361237760 14 14 2 W
7.9857695230 14 14 3 W
7.9857713570 14 14 0 W
7.9969426040 14 14 1 W
8.0042832670 14 14 2 W
8.0549406970 14 14 3 W
8.0549426400 14 14 0 W
0.0004852190 10 10 0 W
0.0410566650 10 10 1 W
0.1623921750 10 10 2 W
0.1979085880 10 10 3 W
0.1979129120 10 10 0 W
0.2272535760 10 10 1 W
0.3640676650 10 10 2 W
0.3757849930 10 10 3 W
0.3757895700 10 10 0 W
0.4205506750 10 10 1 W
0.5349491330 10 10 2 W
0.5679850420 10 10 3 W
0.5679903500 10 10 0 W
0.5917267140 10 10 1 W
0.6917763160 10 10 2 W
0.7330591340 10 10 3 W
0.7330632420 10 10 0 W
0.7753516830 10 10 1 W
1.0656694780 10 10 2 W
1.0789888410 10 10 3 W
1.0789929670 10 10 0 W
1.1093079130 10 10 1 W
1.1971900800 10 10 2 W
1.2363623340 10 10 3 W
1.2363733880 10 10 0 W
1.2859288280 10 10 1 W
1.4271975200 10 10 2 W
1.4423618770 10 10 3 W
1.4423665070 10 10 0 W
1.4709812790 10 10 1 W
1.6602777680 10 10 2 W
1.6739447640 10 10 3 W
1.6739504910 10 10 0 W
1.7237608720 10 10 1 W
1.8721471060 10 10 2 W
1.9184245010 10 10 3 W
1.9184326820 10 10 0 W
1.9430973080 10 10 1 W
2.1301142800 10 10 2 W
2.1739360060 10 10 3 W
2.1739419140 10 10 0 W
2.2047146040 10 10 1 W
2.3871967710 10 10 2 W
2.4330812440 10 10 3 W
2.4330854780 10 10 0 W
2.4819104360 10 10 1 W
2.6381542540 10 10 2 W
2.6557537350 10 10 3 W
2.6557581490 10 10 0 W
2.6878158340 10 10 1 W
2.8058652250 10 10 2 W
2.8218118980 10 10 3 W
2.8218156900 10 10 0 W
2.8469907540 10 10 1 W
3.0083229340 10 10 2 W
3.0481057720 10 10 3 W
3.0481101970 10 10 0 W
3.0614855180 10 10 1 W
3.3102623900 10 10 2 W
3.3587378010 10 10 3 W
3.3587421020 10 10 0 W
3.3720632690 10 10 1 W
3.4972174070 10 10 2 W
3.5409287790 10 10 3 W
3.5409332660 10 10 0 W
3.5620805270 10 10 1 W
3.7347385620 10 10 2 W
3.7834672850 10 10 3 W
3.7834703670 10 10 0 W
3.8221316040 10 10 1 W
3.9544261800 10 10 2 W
3.9921236600 10 10 3 W
3.9921272760 10 10 0 W
4.0345078700 10 10 1 W
4.2660211320 10 10 2 W
4.3086794900 10 10 3 W
4.3086831110 10 10 0 W
4.3561392460 10 10 1 W
4.5665814100 10 10 2 W
4.5789843590 10 10 3 W
4.5789878070 10 10 0 W
4.6158564170 10 10 1 W
4.7486329200 10 10 2 W
4.7867635400 10 10 3 W
4.7867696740 10 10 0 W
4.8089522590 10 10 1 W
4.9569287370 10 10 2 W
4.9975250510 10 10 3 W
4.9975286200 10 10 0 W
5.0297147120 10 10 1 W
5.3526822960 10 10 2 W
5.3950162360 10 10 3 W
5.3950206840 10 10 0 W
5.4240444290 10 10 1 W
5.5690038210 10 10 2 W
5.6166387520 10 10 3 W
5.6166419150 10 10 0 W
5.6643870360 10 10 1 W
5.7679454540 10 10 2 W
5.7936611450 10 10 3 W
5.7936642920 10 10 0 W
5.8267581320 10 10 1 W
5.8808564220 10 10 2 W
5.9228015240 10 10 3 W
5.9228050600 10 10 0 W
5.9706232020 10 10 1 W
6.0843190160 10 10 2 W
6.0956284160 10 10 3 W
6.0956313240 10 10 0 W
6.1273453190 10 10 1 W
6.2162330790 10 10 2 W
6.2465208990 10 10 3 W
6.2465238980 10 10 0 W
6.2633448800 10 10 1 W
6.3574685740 10 10 2 W
6.4041282890 10 10 3 W
6.4041316370 10 10 0 W
6.4289902610 10 10 1 W
6.5902221040 10 10 2 W
6.6288927900 10 10 3 W
6.6288969040 10 10 0 W
6.6582301220 10 10 1 W
6.7443775760 10 10 2 W
6.7740859710 10 10 3 W
6.7740882490 10 10 0 W
6.8166104200 10 10 1 W
6.9099725160 10 10 2 W
6.9499661090 10 10 3 W
6.9499687980 10 10 0 W
6.9652854920 10 10 1 W
7.0188543310 10 10 2 W
7.0446544150 10 10 3 W
7.0446570930 10 10 0 W
7.0565357460 10 10 1 W
7.1560782130 10 10 2 W
7.1896193820 10 10 3 W
7.1896236010 10 10 0 W
7.2009399490 10 10 1 W
7.2952855750 10 10 2 W
7.3215753530 10 10 3 W
7.3215784050 10 10 0 W
7.3643354020 10 10 1 W
7.4083591450 10 10 2 W
7.4270437370 10 10 3 W
7.4270461120 10 10 0 W
7.4589274200 10 10 1 W
7.5242071940 10 10 2 W
7.5477602420 10 10 3 W
7.5477625340 10 10 0 W
7.5904523750 10 10 1 W
7.6291916680 10 10 2 W
7.6536441440 10 10 3 W
7.6536472190 10 10 0 W
7.6839923570 10 10 1 W
7.7307077790 10 10 2 W
7.7510331220 10 10 3 W
7.7510349850 10 10 0 W
7.7917708440 10 10 1 W
7.8043471080 10 10 2 W
7.8466676310 10 10 3 W
7.8466699230 10 10 0 W
7.8893845390 10 10 1 W
7.8893855410 10 10 2 W
7.9361154580 10 10 3 W
7.9361182230 10 10 0 W
7.9793875470 10 10 1 W
7.9857759880 10 10 2 W
8.0042759510 10 10 3 W
8.0042780260 10 10 0 W
8.0215637130 10 10 1 W
8.0550397440 10 10 2 W
8.0662782160 10 10 3 W
8.0662793660 10 10 0 W
8.0815863230 10 10 1 W
8.0815872850 10 10 2 W
8.1170352410 10 10 3 W
8.1170364040 10 10 0 W
8.1632837200 10 10 1 W
8.1632847500 10 10 2 W
8.1995699780 10 10 3 W
8.1995709570 10 10 0 W
8.2398808480 10 10 1 W
8.2398819290 10 10 2 W
8.2642146080 10 10 3 W
8.2642160540 10 10 0 W
8.3125135400 10 10 1 W
8.3125145180 10 10 2 W
8.3598253350 10 10 3 W
8.3598268170 10 10 0 W
-1 15 15 4 LocalSection;Entry;CriticalSection;Exit;
