-1  15  15  15
 0.000000000  6  9  14  G
 0.030720565  6  9  13  G
 0.059474362  6  10  13  G
 0.109622487  6  10  12  G
 0.132011394  6  10  13  G
 0.156078209  6  11  13  G
 0.156078209  6  11  13  g
 0.000000000  2  11  11  C
 0.018726276  2  12  11  C
 0.047398113  2  12  12  C
 0.091300556  2  12  13  C
 0.136070637  2  13  13  C
 0.155436099  2  12  13  C
 0.155436099  2  12  13  c
 0.000000000  0  11  0  A
 0.035837515  0  11  14  A
 0.055210347  0  10  14  A
 0.078316064  0  11  14  A
 0.122536773  0  12  14  A
 0.161208854  0  12  0  A
 0.178145897  0  12  14  A
 0.190561587  0  13  14  A
 0.215411573  0  12  14  A
 0.252863489  0  11  14  A
 0.252863489  0  11  14  a
 0.000000000  10  6  4  K
 0.018168647  10  7  4  K
 0.062224470  10  7  3  K
 0.085904916  10  8  3  K
 0.107566880  10  8  4  K
 0.136625054  10  8  5  K
 0.169286564  10  8  6  K
 0.184048059  10  8  7  K
 0.200433506  10  8  8  K
 0.249693535  10  8  9  K
 0.295398957  10  8  8  K
 0.339243708  10  9  8  K
 0.373479095  10  8  8  K
 0.422133216  10  9  8  K
 0.461178362  10  9  9  K
 0.000000000  8  10  1  I
 0.034248546  8  11  1  I
 0.044709136  8  10  1  I
 0.056985161  8  9  1  I
 0.074477691  8  9  2  I
 0.096264923  8  9  3  I
 0.139476458  8  9  2  I
 0.160229766  8  8  2  I
 0.181909963  8  9  2  I
 0.209974147  8  8  2  I
 0.248332142  8  7  2  I
 0.272555028  8  7  3  I
 0.322461246  8  7  4  I
 0.351985021  8  6  4  I
 0.368007249  8  5  4  I
 0.386663216  8  6  4  I
 0.400320465  8  6  3  I
 0.417153736  8  5  3  I
 0.465633249  8  5  2  I
 0.486143999  8  6  2  I
 0.486143999  8  6  2  i
 0.000000000  5  7  3  F
 0.055040394  5  7  2  F
 0.086006251  5  7  3  F
 0.109599681  5  7  2  F
 0.137066978  5  8  2  F
 0.160133011  5  8  1  F
 0.173114301  5  8  0  F
 0.214914835  5  7  0  F
 0.234921156  5  8  0  F
 0.246790568  5  8  1  F
 0.264706733  5  9  1  F
 0.299427768  5  10  1  F
 0.314914160  5  10  0  F
 0.346199593  5  9  0  F
 0.389986337  5  8  0  F
 0.430044593  5  7  0  F
 0.467321119  5  7  1  F
 0.490774079  5  6  1  F
 0.490774079  5  6  1  f
 0.000000000  4  0  3  E
 0.019129518  4  1  3  E
 0.051613111  4  1  2  E
 0.063629721  4  2  2  E
 0.099234042  4  2  1  E
 0.136865507  4  2  2  E
 0.175862390  4  1  2  E
 0.194529886  4  1  1  E
 0.228378185  4  1  0  E
 0.274274709  4  0  0  E
 0.322461252  4  1  0  E
 0.338254797  4  0  0  E
 0.363474338  4  14  0  E
 0.406523980  4  13  0  E
 0.451513553  4  13  1  E
 0.474171554  4  14  1  E
 0.485853373  4  14  0  E
 0.528560137  4  13  0  E
 0.560447800  4  13  14  E
 0.600344610  4  13  13  E
 0.600344610  4  13  13  e
 0.000000000  13  10  11  N
 0.030920313  13  9  11  N
 0.063740326  13  9  10  N
 0.084285364  13  8  10  N
 0.129936729  13  9  10  N
 0.174930088  13  9  11  N
 0.218549658  13  9  10  N
 0.236041571  13  9  9  N
 0.295427943  13  8  9  N
 0.325419536  13  7  9  N
 0.364103140  13  7  10  N
 0.390686470  13  7  11  N
 0.410336067  13  6  11  N
 0.439735740  13  7  11  N
 0.476999991  13  7  12  N
 0.502217124  13  8  12  N
 0.515796452  13  7  12  N
 0.552764327  13  8  12  N
 0.580339596  13  8  11  N
 0.622840644  13  8  10  N
 0.672512624  13  7  10  N
 0.690165247  13  7  9  N
 0.702459320  13  7  8  N
 0.723727397  13  7  9  N
 0.744534345  13  8  9  N
 0.769390658  13  7  9  N
 0.814648064  13  8  9  N
 0.814648064  13  8  9  n
 0.000000000  1  4  13  B
 0.037949967  1  3  13  B
 0.080875399  1  3  12  B
 0.103082944  1  3  11  B
 0.147561965  1  4  11  B
 0.180216011  1  4  12  B
 0.214158830  1  4  13  B
 0.227795946  1  5  13  B
 0.273658897  1  6  13  B
 0.299567330  1  6  14  B
 0.337794171  1  7  14  B
 0.353920825  1  8  14  B
 0.383732210  1  7  14  B
 0.408247403  1  8  14  B
 0.428827032  1  8  13  B
 0.439285575  1  8  12  B
 0.452798271  1  7  12  B
 0.476950780  1  6  12  B
 0.509113556  1  6  13  B
 0.533720850  1  5  13  B
 0.567409402  1  5  14  B
 0.580452289  1  4  14  B
 0.621225976  1  5  14  B
 0.661058290  1  6  14  B
 0.700437616  1  6  13  B
 0.727404668  1  6  12  B
 0.765433580  1  7  12  B
 0.805772878  1  8  12  B
 0.838012514  1  8  13  B
 0.887017632  1  8  14  B
 0.913818729  1  7  14  B
 0.935882548  1  6  14  B
 0.956852991  1  7  14  B
 1.000082647  1  7  0  B
 1.020591384  1  7  1  B
 1.020591384  1  7  1  b
 0.000000000  7  12  7  H
 0.032907311  7  12  8  H
 0.044153887  7  12  7  H
 0.079978024  7  12  8  H
 0.116108068  7  13  8  H
 0.161828363  7  14  8  H
 0.177667047  7  14  9  H
 0.215628601  7  14  10  H
 0.239332034  7  14  11  H
 0.252737975  7  13  11  H
 0.297054636  7  12  11  H
 0.338058414  7  13  11  H
 0.353383789  7  14  11  H
 0.395069977  7  14  12  H
 0.416898917  7  14  13  H
 0.448045735  7  14  12  H
 0.484225096  7  0  12  H
 0.494430138  7  0  11  H
 0.520553198  7  0  12  H
 0.553300036  7  14  12  H
 0.566233678  7  13  12  H
 0.587465649  7  12  12  H
 0.627236672  7  12  11  H
 0.662269977  7  12  12  H
 0.685834466  7  12  11  H
 0.711322549  7  12  10  H
 0.733325648  7  11  10  H
 0.762929681  7  10  10  H
 0.780753390  7  10  11  H
 0.829729321  7  10  12  H
 0.860104204  7  10  11  H
 0.896989598  7  9  11  H
 0.913742026  7  10  11  H
 0.963403231  7  10  10  H
 0.973654766  7  9  10  H
 1.019055523  7  8  10  H
 1.029616648  7  7  10  H
 1.063537392  7  8  10  H
 1.063537392  7  8  10  h
 0.000000000  3  7  6  D
 0.042585141  3  6  6  D
 0.064662770  3  6  5  D
 0.110975725  3  6  6  D
 0.122566544  3  5  6  D
 0.137999910  3  6  6  D
 0.158279236  3  6  7  D
 0.207519738  3  6  8  D
 0.254214169  3  7  8  D
 0.285381658  3  7  9  D
 0.309366512  3  7  8  D
 0.339277963  3  8  8  D
 0.373430970  3  8  7  D
 0.387247304  3  7  7  D
 0.432881470  3  7  8  D
 0.474838781  3  6  8  D
 0.489548565  3  6  9  D
 0.526445765  3  6  10  D
 0.564291351  3  7  10  D
 0.613572201  3  7  11  D
 0.632234158  3  7  12  D
 0.646135761  3  7  11  D
 0.674084114  3  8  11  D
 0.717694693  3  9  11  D
 0.766081491  3  8  11  D
 0.794405399  3  7  11  D
 0.823742786  3  6  11  D
 0.857656755  3  7  11  D
 0.886275144  3  7  10  D
 0.929019293  3  7  11  D
 0.979042167  3  6  11  D
 1.014671975  3  7  11  D
 1.063628482  3  7  10  D
 1.063628482  3  7  10  d
 0.000000000  14  10  13  O
 0.041176593  14  10  12  O
 0.072885496  14  11  12  O
 0.121159216  14  11  13  O
 0.137066986  14  11  12  O
 0.183496283  14  12  12  O
 0.200569133  14  11  12  O
 0.234004659  14  12  12  O
 0.278545803  14  12  11  O
 0.297035857  14  11  11  O
 0.332057358  14  10  11  O
 0.349298800  14  9  11  O
 0.372902952  14  10  11  O
 0.411959110  14  10  10  O
 0.441860093  14  11  10  O
 0.476475272  14  10  10  O
 0.510346164  14  11  10  O
 0.537993634  14  11  9  O
 0.565448424  14  12  9  O
 0.578397464  14  12  8  O
 0.626422695  14  12  9  O
 0.667401443  14  13  9  O
 0.678145326  14  13  10  O
 0.701113981  14  14  10  O
 0.722417381  14  0  10  O
 0.751481494  14  0  11  O
 0.784088191  14  0  12  O
 0.827216858  14  0  11  O
 0.871628449  14  1  11  O
 0.886823405  14  1  12  O
 0.907898926  14  1  13  O
 0.944994811  14  1  14  O
 0.958238945  14  0  14  O
 0.988906102  14  14  14  O
 1.032465496  14  0  14  O
 1.061777694  14  0  0  O
 1.086567212  14  0  14  O
 1.097171472  14  14  14  O
 1.112462409  14  13  14  O
 1.127063137  14  12  14  O
 1.147635395  14  13  14  O
 1.159345444  14  14  14  O
 1.201147662  14  14  13  O
 1.222079145  14  14  14  O
 1.235823626  14  14  13  O
 1.256473012  14  14  12  O
 1.276305265  14  14  13  O
 1.310610231  14  14  14  O
 1.337473771  14  13  14  O
 1.367040963  14  14  14  O
 1.386299625  14  13  14  O
 1.420850561  14  13  0  O
 1.436570669  14  12  0  O
 1.451650061  14  11  0  O
 1.451650061  14  11  0  o
 0.000000000  12  11  10  M
 0.038252210  12  11  11  M
 0.086600286  12  10  11  M
 0.130137883  12  10  10  M
 0.177140543  12  10  11  M
 0.199272642  12  11  11  M
 0.211610234  12  10  11  M
 0.233602521  12  11  11  M
 0.272384873  12  11  10  M
 0.288153245  12  11  9  M
 0.312456210  12  11  10  M
 0.329764248  12  12  10  M
 0.349179481  12  11  10  M
 0.372335719  12  11  11  M
 0.416386347  12  11  10  M
 0.441767015  12  11  9  M
 0.456709238  12  11  8  M
 0.478880964  12  10  8  M
 0.521511615  12  11  8  M
 0.537097299  12  11  7  M
 0.587090038  12  11  8  M
 0.616593369  12  11  7  M
 0.656236677  12  11  8  M
 0.678582139  12  11  9  M
 0.706924384  12  11  8  M
 0.753367794  12  11  7  M
 0.798403184  12  11  8  M
 0.843762737  12  12  8  M
 0.890403181  12  11  8  M
 0.904962964  12  12  8  M
 0.954065573  12  12  9  M
 1.000890925  12  12  10  M
 1.033945513  12  13  10  M
 1.049959669  12  12  10  M
 1.093126183  12  11  10  M
 1.111710502  12  10  10  M
 1.156564241  12  11  10  M
 1.199608362  12  10  10  M
 1.221459302  12  10  9  M
 1.262709955  12  10  10  M
 1.297396432  12  11  10  M
 1.343406751  12  11  11  M
 1.354513575  12  10  11  M
 1.402550142  12  11  11  M
 1.415758759  12  11  12  M
 1.441617236  12  12  12  M
 1.441617236  12  12  12  m
 0.000000000  11  3  14  L
 0.037874693  11  4  14  L
 0.079839690  11  5  14  L
 0.098211069  11  4  14  L
 0.131513984  11  3  14  L
 0.174217101  11  4  14  L
 0.227829535  11  4  13  L
 0.273734198  11  5  13  L
 0.306135849  11  5  12  L
 0.354900148  11  5  11  L
 0.403738300  11  5  12  L
 0.449467523  11  5  11  L
 0.462033367  11  6  11  L
 0.509208317  11  6  12  L
 0.541619392  11  6  13  L
 0.552971137  11  6  14  L
 0.571315824  11  6  13  L
 0.585325493  11  6  12  L
 0.631484500  11  6  11  L
 0.648176836  11  5  11  L
 0.682611774  11  6  11  L
 0.721598735  11  5  11  L
 0.757183030  11  6  11  L
 0.802044876  11  5  11  L
 0.820626041  11  5  12  L
 0.868850918  11  5  13  L
 0.884153672  11  4  13  L
 0.934059970  11  4  12  L
 0.956795245  11  3  12  L
 1.001271171  11  3  11  L
 1.026153820  11  2  11  L
 1.072428072  11  2  10  L
 1.111190551  11  2  11  L
 1.130470230  11  3  11  L
 1.165055442  11  2  11  L
 1.193471910  11  2  12  L
 1.242457827  11  3  12  L
 1.290645885  11  3  11  L
 1.315473704  11  3  12  L
 1.346609969  11  4  12  L
 1.384814049  11  3  12  L
 1.400115788  11  2  12  L
 1.413987441  11  2  13  L
 1.434659468  11  1  13  L
 1.479282317  11  0  13  L
 1.526038113  11  0  12  L
 1.572901819  11  0  11  L
 1.585060843  11  0  12  L
 1.611625471  11  14  12  L
 1.640330091  11  13  12  L
 1.640330091  11  13  12  l
 0.000000000  9  0  7  J
 0.053304505  9  14  7  J
 0.103414976  9  14  6  J
 0.139401694  9  13  6  J
 0.163400195  9  13  5  J
 0.204500611  9  14  5  J
 0.222103095  9  14  4  J
 0.238142148  9  14  5  J
 0.282305888  9  14  4  J
 0.319289227  9  13  4  J
 0.367719008  9  14  4  J
 0.404665117  9  13  4  J
 0.416626960  9  13  5  J
 0.439727613  9  12  5  J
 0.468339115  9  12  4  J
 0.478485064  9  12  5  J
 0.521900133  9  12  4  J
 0.560853838  9  12  3  J
 0.596428626  9  13  3  J
 0.630024621  9  14  3  J
 0.673324916  9  0  3  J
 0.711470424  9  0  2  J
 0.743619060  9  14  2  J
 0.790369652  9  14  1  J
 0.803520100  9  13  1  J
 0.844880484  9  13  2  J
 0.894064627  9  12  2  J
 0.905067574  9  13  2  J
 0.948758137  9  13  1  J
 0.969658243  9  14  1  J
 0.995231458  9  13  1  J
 1.010884330  9  14  1  J
 1.027565845  9  0  1  J
 1.038843718  9  1  1  J
 1.085567067  9  0  1  J
 1.103820594  9  0  0  J
 1.114278719  9  14  0  J
 1.159411305  9  0  0  J
 1.178596297  9  14  0  J
 1.213088684  9  14  1  J
 1.229477099  9  13  1  J
 1.258802179  9  12  1  J
 1.272025588  9  13  1  J
 1.302020798  9  14  1  J
 1.320069138  9  13  1  J
 1.344451284  9  12  1  J
 1.369027159  9  12  2  J
 1.390970931  9  13  2  J
 1.435443392  9  12  2  J
 1.455087141  9  12  3  J
 1.476279211  9  13  3  J
 1.512127894  9  14  3  J
 1.533555494  9  14  2  J
 1.559810901  9  13  2  J
 1.599171614  9  14  2  J
 1.620568858  9  13  2  J
 1.647623761  9  12  2  J
 1.672281649  9  11  2  J
 1.697104386  9  11  1  J
 1.729400692  9  10  1  J
 1.778401340  9  10  0  J
 1.778401340  9  10  0  j
