0.000199548 13 13 0 N
0.012327889 13 13 1 N
0.012328104 13 13 2 N
0.037917032 13 13 3 N
0.037917178 13 13 0 N
0.058137073 13 13 1 N
0.550882947 13 13 2 N
0.583469902 13 13 3 N
0.583470044 13 13 0 N
0.6237791 13 13 1 N
1.382206328 13 13 2 N
1.4023715669999999 13 13 3 N
1.402371746 13 13 0 N
1.444859554 13 13 1 N
2.155856344 13 13 2 N
2.196122222 13 13 3 N
2.196122313 13 13 0 N
2.236952648 13 13 1 N
2.825603441 13 13 2 N
2.84573386 13 13 3 N
2.845734006 13 13 0 N
2.865867482 13 13 1 N
3.365863107 13 13 2 N
3.406130164 13 13 3 N
3.406130301 13 13 0 N
3.44639664 13 13 1 N
4.12106783 13 13 2 N
4.161333412 13 13 3 N
4.161333525 13 13 0 N
4.221741076 13 13 1 N
4.842655789 13 13 2 N
4.882922245 13 13 3 N
4.882922324 13 13 0 N
4.943319896 13 13 1 N
5.617788474 13 13 2 N
5.658059658 13 13 3 N
5.658059741 13 13 0 N
5.698320408 13 13 1 N
6.283327227 13 13 2 N
6.303464075 13 13 3 N
6.30346415 13 13 0 N
6.363856865 13 13 1 N
6.949593435 13 13 2 N
6.969725128 13 13 3 N
6.969725213 13 13 0 N
7.009989922 13 13 1 N
7.603937888 13 13 2 N
7.6542900209999996 13 13 3 N
7.65429013 13 13 0 N
7.697148371 13 13 1 N
8.311289907 13 13 2 N
8.35155599 13 13 3 N
8.351556075 13 13 0 N
8.39182195 13 13 1 N
8.958196858 13 13 2 N
9.018556635 13 13 3 N
9.018556724 13 13 0 N
9.058797814 13 13 1 N
9.612195711 13 13 2 N
9.632326529 13 13 3 N
9.632326611 13 13 0 N
9.6524579 13 13 1 N
10.237770628 13 13 2 N
10.257955354 13 13 3 N
10.257955499 13 13 0 N
10.278094004 13 13 1 N
10.903748377 13 13 2 N
10.923875798 13 13 3 N
10.923875909 13 13 0 N
10.965198067 13 13 1 N
11.673458971 13 13 2 N
11.713719106 13 13 3 N
11.713719265 13 13 0 N
11.774126131 13 13 1 N
12.347847289 13 13 2 N
12.408194341 13 13 3 N
12.408194419 13 13 0 N
12.44843644 13 13 1 N
13.022751813 13 13 2 N
13.042889919 13 13 3 N
13.042890085 13 13 0 N
13.083136549 13 13 1 N
13.76932429 13 13 2 N
13.789457183 13 13 3 N
13.78945726 13 13 0 N
13.829726373 13 13 1 N
14.292787468 13 13 2 N
14.333056411 13 13 3 N
14.333056493 13 13 0 N
14.373267855 13 13 1 N
15.048332793 13 13 2 N
15.068464294 13 13 3 N
15.06846444 13 13 0 N
15.108732714 13 13 1 N
15.734336732 13 13 2 N
15.754468994 13 13 3 N
15.754469074 13 13 0 N
15.794735426999999 13 13 1 N
16.441323529 13 13 2 N
16.501677669 13 13 3 N
16.501677744 13 13 0 N
16.541918704 13 13 1 N
17.186065572 13 13 2 N
17.24646748 13 13 3 N
17.246467575 13 13 0 N
17.306862514 13 13 1 N
17.983071422 13 13 2 N
18.003211339 13 13 3 N
18.003211578 13 13 0 N
18.063620554 13 13 1 N
18.587063729 13 13 2 N
18.629208088 13 13 3 N
18.629208191 13 13 0 N
18.649337271 13 13 1 N
19.182876988 13 13 2 N
19.223132505 13 13 3 N
19.223132572 13 13 0 N
19.243267093 13 13 1 N
19.870749633 13 13 2 N
19.911003496 13 13 3 N
19.911003583 13 13 0 N
19.931129095 13 13 1 N
20.464661075 13 13 2 N
20.504930612 13 13 3 N
20.504930741 13 13 0 N
20.525066434 13 13 1 N
21.088810481 13 13 2 N
21.108942228 13 13 3 N
21.108942371 13 13 0 N
21.169338028 13 13 1 N
21.823676745 13 13 2 N
21.843810439 13 13 3 N
21.843810521 13 13 0 N
21.905414886 13 13 1 N
22.438943425 13 13 2 N
22.459072657 13 13 3 N
22.459072775 13 13 0 N
22.499341458 13 13 1 N
23.136747181 13 13 2 N
23.177063854 13 13 3 N
23.177064072 13 13 0 N
23.237413839 13 13 1 N
23.831339976 13 13 2 N
23.871604725 13 13 3 N
23.871604814 13 13 0 N
23.891739518 13 13 1 N
24.475604192 13 13 2 N
24.495738325 13 13 3 N
24.495738482 13 13 0 N
24.51706391 13 13 1 N
25.100820468 13 13 2 N
25.141072098 13 13 3 N
25.141072184 13 13 0 N
25.201472739 13 13 1 N
25.806653894 13 13 2 N
25.867055933 13 13 3 N
25.867056015 13 13 0 N
25.907316767 13 13 1 N
26.431732787 13 13 2 N
26.451857158 13 13 3 N
26.451857244 13 13 0 N
26.51226015 13 13 1 N
27.087201143 13 13 2 N
27.127466739 13 13 3 N
27.127466833 13 13 0 N
27.167727654 13 13 1 N
27.74626319 13 13 2 N
27.786521533 13 13 3 N
27.786521636 13 13 0 N
27.806653632 13 13 1 N
28.511336952 13 13 2 N
28.551595057 13 13 3 N
28.551595147 13 13 0 N
28.591857411 13 13 1 N
29.195793396 13 13 2 N
29.236055643 13 13 3 N
29.236055744 13 13 0 N
29.276319928 13 13 1 N
29.902201574 13 13 2 N
29.922336071 13 13 3 N
29.922336154 13 13 0 N
29.972674405 13 13 1 N
30.61692192 13 13 2 N
30.657192814 13 13 3 N
30.657192909 13 13 0 N
30.697459026 13 13 1 N
31.334337965 13 13 2 N
31.374601766 13 13 3 N
31.374601998 13 13 0 N
31.414868718 13 13 1 N
32.059142055 13 13 2 N
32.099406492 13 13 3 N
32.099406584 13 13 0 N
32.119537978 13 13 1 N
32.683265776 13 13 2 N
32.725192854 13 13 3 N
32.72519294 13 13 0 N
32.765455394 13 13 1 N
33.439942662 13 13 2 N
33.460066543 13 13 3 N
33.460066625 13 13 0 N
33.500331644 13 13 1 N
34.157736296 13 13 2 N
34.177868483 13 13 3 N
34.177868577 13 13 0 N
34.218135568 13 13 1 N
34.771800692 13 13 2 N
34.812071149 13 13 3 N
34.812071259 13 13 0 N
0.000205436 9 9 0 J
0.03154748 9 9 1 J
0.241056149 9 9 2 J
0.271263867 9 9 3 J
0.271263943 9 9 0 J
0.31153051 9 9 1 J
0.957366444 9 9 2 J
1.007727044 9 9 3 J
1.007727343 9 9 0 J
1.047999674 9 9 1 J
1.678720282 9 9 2 J
1.742481068 9 9 3 J
1.742481857 9 9 0 J
1.802911054 9 9 1 J
2.488601908 9 9 2 J
2.528877477 9 9 3 J
2.528877587 9 9 0 J
2.571563074 9 9 1 J
3.063875099 9 9 2 J
3.104133988 9 9 3 J
3.104134156 9 9 0 J
3.144411344 9 9 1 J
3.738334914 9 9 2 J
3.758465104 9 9 3 J
3.758465192 9 9 0 J
3.798728951 9 9 1 J
4.500396409 9 9 2 J
4.540663552 9 9 3 J
4.540663638 9 9 0 J
4.56079482 9 9 1 J
5.235259325 9 9 2 J
5.275530122 9 9 3 J
5.275530309 9 9 0 J
5.295670755 9 9 1 J
5.951224273 9 9 2 J
6.011619994 9 9 3 J
6.011620191 9 9 0 J
6.051870175 9 9 1 J
6.647593948 9 9 2 J
6.687858299 9 9 3 J
6.687858424 9 9 0 J
6.728123819 9 9 1 J
7.301930395 9 9 2 J
7.342197582 9 9 3 J
7.342197658 9 9 0 J
7.362329194 9 9 1 J
7.989134559 9 9 2 J
8.009263544 9 9 3 J
8.009263666 9 9 0 J
8.049529032 9 9 1 J
8.62331853 9 9 2 J
8.663582118 9 9 3 J
8.663582196 9 9 0 J
8.703846004 9 9 1 J
9.310253975 9 9 2 J
9.350497411 9 9 3 J
9.350497536 9 9 0 J
9.390738093 9 9 1 J
9.995148035 9 9 2 J
10.015298356 9 9 3 J
10.015298574 9 9 0 J
10.035435919 9 9 1 J
10.631869236 9 9 2 J
10.672229452 9 9 3 J
10.672229596 9 9 0 J
10.692374402 9 9 1 J
11.347733494 9 9 2 J
11.387994644 9 9 3 J
11.387994739 9 9 0 J
11.448390813 9 9 1 J
12.086285205 9 9 2 J
12.126561859 9 9 3 J
12.126561944 9 9 0 J
12.18693321 9 9 1 J
12.811025853 9 9 2 J
12.871436045 9 9 3 J
12.871436281 9 9 0 J
12.911920301 9 9 1 J
13.515979625 9 9 2 J
13.556198989 9 9 3 J
13.556199087 9 9 0 J
13.616594141 9 9 1 J
14.121659745 9 9 2 J
14.141793907 9 9 3 J
14.141793996 9 9 0 J
14.182063552 9 9 1 J
14.796065455 9 9 2 J
14.816197438 9 9 3 J
14.816197516999999 9 9 0 J
14.87719378 9 9 1 J
15.492730617 9 9 2 J
15.532995129 9 9 3 J
15.532995209 9 9 0 J
15.573265493 9 9 1 J
16.209882287 9 9 2 J
16.25019106 9 9 3 J
16.250191274 9 9 0 J
16.270303009 9 9 1 J
16.984772112 9 9 2 J
17.025039578 9 9 3 J
17.02503971 9 9 0 J
17.085408391 9 9 1 J
17.711268281 9 9 2 J
17.77166548 9 9 3 J
17.771665563 9 9 0 J
17.832062346 9 9 1 J
18.405879461 9 9 2 J
18.446137302 9 9 3 J
18.446137394 9 9 0 J
18.486399921 9 9 1 J
18.941274925 9 9 2 J
18.96140174 9 9 3 J
18.961401821 9 9 0 J
19.021812338 9 9 1 J
19.686205265 9 9 2 J
19.706346918 9 9 3 J
19.706347009 9 9 0 J
19.746613903 9 9 1 J
20.313668368 9 9 2 J
20.364030823 9 9 3 J
20.364030971 9 9 0 J
20.384135244 9 9 1 J
20.937812749 9 9 2 J
20.978074283 9 9 3 J
20.978074363 9 9 0 J
21.018346615 9 9 1 J
21.662608718 9 9 2 J
21.702880187 9 9 3 J
21.702880291 9 9 0 J
21.723010002 9 9 1 J
22.298016959999998 9 9 2 J
22.338269917 9 9 3 J
22.338270006 9 9 0 J
22.378538406 9 9 1 J
22.94546952 9 9 2 J
23.005877692 9 9 3 J
23.005877883 9 9 0 J
23.066273775 9 9 1 J
23.6702698 9 9 2 J
23.710530157 9 9 3 J
23.710530239 9 9 0 J
23.750802625 9 9 1 J
24.324611504 9 9 2 J
24.364871974 9 9 3 J
24.364872049 9 9 0 J
24.425268471 9 9 1 J
24.953063685 9 9 2 J
24.990068395 9 9 3 J
24.990068912 9 9 0 J
25.050484339 9 9 1 J
25.655662313 9 9 2 J
25.695929322 9 9 3 J
25.69592941 9 9 0 J
25.756324541 9 9 1 J
26.300868561 9 9 2 J
26.361270108 9 9 3 J
26.361270197 9 9 0 J
26.401533386 9 9 1 J
26.96640619 9 9 2 J
26.986537244 9 9 3 J
26.986537309 9 9 0 J
27.036874172 9 9 1 J
27.595285519 9 9 2 J
27.635545955 9 9 3 J
27.635546106 9 9 0 J
27.65567732 9 9 1 J
28.41067931 9 9 2 J
28.471078149 9 9 3 J
28.47107827 9 9 0 J
28.511340419 9 9 1 J
29.125332501 9 9 2 J
29.145462762 9 9 3 J
29.145462846 9 9 0 J
29.185722991 9 9 1 J
29.819977663 9 9 2 J
29.860194597 9 9 3 J
29.86019469 9 9 0 J
29.902196881 9 9 1 J
30.5263228 9 9 2 J
30.56658564 9 9 3 J
30.566585727 9 9 0 J
30.606847718 9 9 1 J
31.223600786 9 9 2 J
31.263863647 9 9 3 J
31.263863737 9 9 0 J
31.304138579 9 9 1 J
31.948403867 9 9 2 J
31.988665301 9 9 3 J
31.988665382 9 9 0 J
32.028944373 9 9 1 J
32.602729692 9 9 2 J
32.642992108 9 9 3 J
32.642992192 9 9 0 J
32.683259594 9 9 1 J
33.33926422 9 9 2 J
33.379531578 9 9 3 J
33.379531665 9 9 0 J
33.419801606 9 9 1 J
34.07720395 9 9 2 J
34.117466322 9 9 3 J
34.117466411 9 9 0 J
34.157729752 9 9 1 J
34.691255486 9 9 2 J
34.731518432 9 9 3 J
34.731518629 9 9 0 J
34.791916556 9 9 1 J
35.371425766 9 9 2 J
35.431824693 9 9 3 J
35.431824779 9 9 0 J
35.451956899 9 9 1 J
36.055877041 9 9 2 J
36.116270049 9 9 3 J
36.116270465 9 9 0 J
0.000159869 11 11 0 L
0.048068633 11 11 1 L
0.422266997 11 11 2 L
0.462556874 11 11 3 L
0.462557145 11 11 0 L
0.510076649 11 11 1 L
1.209075521 11 11 2 L
1.2696648050000001 11 11 3 L
1.269665334 11 11 0 L
1.321580666 11 11 1 L
1.9543111610000001 11 11 2 L
1.994601387 11 11 3 L
1.994601469 11 11 0 L
2.034897357 11 11 1 L
2.745073103 11 11 2 L
2.785336184 11 11 3 L
2.785336277 11 11 0 L
2.805468185 11 11 1 L
3.275260664 11 11 2 L
3.315527912 11 11 3 L
3.315528021 11 11 0 L
3.355792708 11 11 1 L
4.000056472 11 11 2 L
4.040273536 11 11 3 L
4.040273614 11 11 0 L
4.100944769 11 11 1 L
4.721875299 11 11 2 L
4.762131052 11 11 3 L
4.762131127 11 11 0 L
4.802396649 11 11 1 L
5.497000224 11 11 2 L
5.537266504 11 11 3 L
5.537266585 11 11 0 L
5.577531084 11 11 1 L
6.172650362 11 11 2 L
6.212915944 11 11 3 L
6.212916048 11 11 0 L
6.233046257 11 11 1 L
6.838863455 11 11 2 L
6.899262111 11 11 3 L
6.899262193 11 11 0 L
6.939526701 11 11 1 L
7.523395968 11 11 2 L
7.563661731 11 11 3 L
7.56366181 11 11 0 L
7.624080374 11 11 1 L
8.190465306 11 11 2 L
8.230733147 11 11 3 L
8.230733234 11 11 0 L
8.250864048 11 11 1 L
8.847548243 11 11 2 L
8.887803767 11 11 3 L
8.887803912 11 11 0 L
8.907909323 11 11 1 L
9.522651852 11 11 2 L
9.582028713 11 11 3 L
9.582028792 11 11 0 L
9.642386832 11 11 1 L
10.217553387 11 11 2 L
10.237770035 11 11 3 L
10.237770236 11 11 0 L
10.278100797 11 11 1 L
10.933946354 11 11 2 L
10.995397269 11 11 3 L
10.995397338 11 11 0 L
11.035667832 11 11 1 L
11.713719575 11 11 2 L
11.733860947 11 11 3 L
11.733861034 11 11 0 L
11.794261737 11 11 1 L
12.408196937 11 11 2 L
12.448437923 11 11 3 L
12.448438004 11 11 0 L
12.468554653 11 11 1 L
13.063020991 11 11 2 L
13.103266923 11 11 3 L
13.103267002 11 11 0 L
13.143527524 11 11 1 L
13.789468625 11 11 2 L
13.82973523 11 11 3 L
13.829735314 11 11 0 L
13.849868094 11 11 1 L
14.333056783 11 11 2 L
14.393398459 11 11 3 L
14.393398539 11 11 0 L
14.453790248 11 11 1 L
15.068464596 11 11 2 L
15.088587161 11 11 3 L
15.088587246 11 11 0 L
15.148986386 11 11 1 L
15.774594641 11 11 2 L
15.814861186 11 11 3 L
15.814861425 11 11 0 L
15.855130057 11 11 1 L
16.541916478 11 11 2 L
16.562038512 11 11 3 L
16.56203859 11 11 0 L
16.582136125 11 11 1 L
17.316928642 11 11 2 L
17.357201143 11 11 3 L
17.357201228 11 11 0 L
17.397462983 11 11 1 L
18.043489376 11 11 2 L
18.083761198 11 11 3 L
18.083761485 11 11 0 L
18.124029162 11 11 1 L
18.669474318 11 11 2 L
18.689603055 11 11 3 L
18.689603135 11 11 0 L
18.729869066 11 11 1 L
19.273471022 11 11 2 L
19.293604266 11 11 3 L
19.2936044 11 11 0 L
19.313737964 11 11 1 L
20.011665814 11 11 2 L
20.051921906 11 11 3 L
20.051921981 11 11 0 L
20.072054972 11 11 1 L
20.605599579 11 11 2 L
20.665992621 11 11 3 L
20.665992699 11 11 0 L
20.706255207 11 11 1 L
21.229745304 11 11 2 L
21.27001842 11 11 3 L
21.270018505 11 11 0 L
21.310266692 11 11 1 L
21.955754772 11 11 2 L
21.97588785 11 11 3 L
21.97588796 11 11 0 L
22.036270777 11 11 1 L
22.583065004 11 11 2 L
22.603195536 11 11 3 L
22.603195638 11 11 0 L
22.6233279 11 11 1 L
23.217265874 11 11 2 L
23.277677538 11 11 3 L
23.2776777 11 11 0 L
23.297812313 11 11 1 L
23.921938068 11 11 2 L
23.962198711 11 11 3 L
23.962198779 11 11 0 L
24.02260034 11 11 1 L
24.537208709 11 11 2 L
24.577477315 11 11 3 L
24.577477439 11 11 0 L
24.617743436 11 11 1 L
25.263072298 11 11 2 L
25.323473378 11 11 3 L
25.323473463 11 11 0 L
25.383867142 11 11 1 L
25.907323783 11 11 2 L
25.947583208 11 11 3 L
25.947583317 11 11 0 L
25.987846347 11 11 1 L
26.493068837 11 11 2 L
26.534074376 11 11 3 L
26.534074468 11 11 0 L
26.573063684 11 11 1 L
27.147597136999998 11 11 2 L
27.177792893 11 11 3 L
27.177792975 11 11 0 L
27.197923573 11 11 1 L
27.796592245 11 11 2 L
27.856994044 11 11 3 L
27.856994126 11 11 0 L
27.897258978 11 11 1 L
28.611997431 11 11 2 L
28.682460666 11 11 3 L
28.682460746 11 11 0 L
28.702592253 11 11 1 L
29.28638255 11 11 2 L
29.327176706 11 11 3 L
29.327176936 11 11 0 L
29.3670244 11 11 1 L
29.982745245 11 11 2 L
30.023026169 11 11 3 L
30.023026331 11 11 0 L
30.043143119 11 11 1 L
30.737716516 11 11 2 L
30.777981525 11 11 3 L
30.777981613 11 11 0 L
30.818200748 11 11 1 L
31.445070932 11 11 2 L
31.485332425 11 11 3 L
31.485332522 11 11 0 L
31.525594047 11 11 1 L
32.139665618 11 11 2 L
32.159797427 11 11 3 L
32.159797523 11 11 0 L
32.20006499 11 11 1 L
32.775526346 11 11 2 L
32.795661358 11 11 3 L
32.795661505 11 11 0 L
32.835929907 11 11 1 L
33.520472325 11 11 2 L
33.580888505 11 11 3 L
33.580888706 11 11 0 L
33.601025016 11 11 1 L
34.208062595 11 11 2 L
34.26846133 11 11 3 L
34.268461414 11 11 0 L
34.308719564 11 11 1 L
34.892606452 11 11 2 L
34.932873358 11 11 3 L
34.93287345 11 11 0 L
34.973132867 11 11 1 L
35.512335167 11 11 2 L
35.572731932 11 11 3 L
35.572732024 11 11 0 L
35.612994534 11 11 1 L
36.216931884 11 11 2 L
36.257204146 11 11 3 L
36.257204307 11 11 0 L
36.277335039 11 11 1 L
36.810846034 11 11 2 L
36.880070014 11 11 3 L
36.880070115 11 11 0 L
36.940508634 11 11 1 L
37.514319447 11 11 2 L
37.574716379 11 11 3 L
37.574716474 11 11 0 L
37.594844302 11 11 1 L
38.088062445 11 11 2 L
38.148457685 11 11 3 L
38.148457773 11 11 0 L
0.000135425 6 6 0 G
0.037929765 6 6 1 G
0.351792732 6 6 2 G
0.371926363 6 6 3 G
0.371926441 6 6 0 G
0.392061781 6 6 1 G
1.078229312 6 6 2 G
1.138634871 6 6 3 G
1.138635052 6 6 0 G
1.1990342489999999 6 6 1 G
1.782773641 6 6 2 G
1.802907288 6 6 3 G
1.802907448 6 6 0 G
1.863437168 6 6 1 G
2.594074645 6 6 2 G
2.654507291 6 6 3 G
2.654507452 6 6 0 G
2.714905612 6 6 1 G
3.134349879 6 6 2 G
3.174616112 6 6 3 G
3.17461619 6 6 0 G
3.194748247 6 6 1 G
3.808795435 6 6 2 G
3.869201365 6 6 3 G
3.8692014439999998 6 6 0 G
3.92959382 6 6 1 G
4.591001184 6 6 2 G
4.6513964869999995 6 6 3 G
4.651396577 6 6 0 G
4.671537913 6 6 1 G
5.325866487 6 6 2 G
5.386267705 6 6 3 G
5.386267825 6 6 0 G
5.426532797 6 6 1 G
6.051864048 6 6 2 G
6.092120422 6 6 3 G
6.092120505 6 6 0 G
6.11321208 6 6 1 G
6.7180671709999995 6 6 2 G
6.758334451 6 6 3 G
6.75833454 6 6 0 G
6.798601234 6 6 1 G
7.372400435 6 6 2 G
7.432789023 6 6 3 G
7.432789107 6 6 0 G
7.493187079 6 6 1 G
8.039465269 6 6 2 G
8.079723236 6 6 3 G
8.079723311 6 6 0 G
8.119994985 6 6 1 G
8.71391667 6 6 2 G
8.754188563 6 6 3 G
8.754188654 6 6 0 G
8.774320834 6 6 1 G
9.370619928 6 6 2 G
9.430977493 6 6 3 G
9.430977654 6 6 0 G
9.471199355 6 6 1 G
10.065656441 6 6 2 G
10.105967117 6 6 3 G
10.105967273 6 6 0 G
10.12607503 6 6 1 G
10.782977791 6 6 2 G
10.843341686 6 6 3 G
10.843341911 6 6 0 G
10.86347668 6 6 1 G
11.538986583 6 6 2 G
11.579253861 6 6 3 G
11.57925394 6 6 0 G
11.623121509 6 6 1 G
12.196997102 6 6 2 G
12.217082283 6 6 3 G
12.217082368 6 6 0 G
12.257322526 6 6 1 G
12.891579551 6 6 2 G
12.932102317 6 6 3 G
12.932102586 6 6 0 G
12.952230369 6 6 1 G
13.616594741 6 6 2 G
13.656862602 6 6 3 G
13.656862684 6 6 0 G
13.717260954 6 6 1 G
14.182058315999999 6 6 2 G
14.222315347 6 6 3 G
14.222315413 6 6 0 G
14.242447147 6 6 1 G
14.816207538 6 6 2 G
14.857071351 6 6 3 G
14.85707143 6 6 0 G
14.877204083 6 6 1 G
15.5430724 6 6 2 G
15.583340023 6 6 3 G
15.583340105 6 6 0 G
15.643739595 6 6 1 G
16.250571926 6 6 2 G
16.310546693 6 6 3 G
16.310546891 6 6 0 G
16.37090609 6 6 1 G
17.025055885 6 6 2 G
17.065275505 6 6 3 G
17.065275604 6 6 0 G
17.115610441 6 6 1 G
17.771665891 6 6 2 G
17.832064932 6 6 3 G
17.832065012 6 6 0 G
17.852201781 6 6 1 G
18.446137737 6 6 2 G
18.486400685 6 6 3 G
18.486400781 6 6 0 G
18.506533436 6 6 1 G
18.971471422 6 6 2 G
19.011751269 6 6 3 G
19.011751391 6 6 0 G
19.052021133 6 6 1 G
19.716404591 6 6 2 G
19.760066221 6 6 3 G
19.760066314 6 6 0 G
19.804075819 6 6 1 G
20.364031303 6 6 2 G
20.404265513 6 6 3 G
20.404265606 6 6 0 G
20.44453195 6 6 1 G
20.978074695 6 6 2 G
21.038481615 6 6 3 G
21.038481705 6 6 0 G
21.05861498 6 6 1 G
21.702880568 6 6 2 G
21.743133299 6 6 3 G
21.743133378 6 6 0 G
21.803538706 6 6 1 G
22.338271346 6 6 2 G
22.378537424 6 6 3 G
22.378537567 6 6 0 G
22.438938032 6 6 1 G
23.005878441 6 6 2 G
23.046138266 6 6 3 G
23.046138358 6 6 0 G
23.10654816 6 6 1 G
23.710530593 6 6 2 G
23.76087961 6 6 3 G
23.760879746 6 6 0 G
23.801139834 6 6 1 G
24.374942323 6 6 2 G
24.395072192 6 6 3 G
24.395072444 6 6 0 G
24.435340098 6 6 1 G
25.010220121 6 6 2 G
25.070618609 6 6 3 G
25.07061869 6 6 0 G
25.110885762 6 6 1 G
25.71605577 6 6 2 G
25.776452725 6 6 3 G
25.776452808 6 6 0 G
25.816716647 6 6 1 G
26.361270538 6 6 2 G
26.381405766 6 6 3 G
26.381405875 6 6 0 G
26.401537208 6 6 1 G
27.006669813 6 6 2 G
27.067063836 6 6 3 G
27.067063929 6 6 0 G
27.087195089 6 6 1 G
27.655672702 6 6 2 G
27.695938659 6 6 3 G
27.695938822 6 6 0 G
27.716063483 6 6 1 G
28.471078479 6 6 2 G
28.51133643 6 6 3 G
28.511336565 6 6 0 G
28.551601744 6 6 1 G
29.155526806 6 6 2 G
29.195793003 6 6 3 G
29.195793083 6 6 0 G
29.256189112 6 6 1 G
29.86019515 6 6 2 G
29.882069559 6 6 3 G
29.882069646 6 6 0 G
29.942470969 6 6 1 G
30.566587843 6 6 2 G
30.606851137 6 6 3 G
30.606851266 6 6 0 G
30.667253761 6 6 1 G
31.273926089 6 6 2 G
31.334337235 6 6 3 G
31.334337389 6 6 0 G
31.374599623 6 6 1 G
31.988665658 6 6 2 G
32.049068587 6 6 3 G
32.049068715 6 6 0 G
32.089331992 6 6 1 G
32.642997636 6 6 2 G
32.68326528 6 6 3 G
32.683265363 6 6 0 G
32.725200699 6 6 1 G
33.379536033 6 6 2 G
33.439942131 6 6 3 G
33.439942298 6 6 0 G
33.480206061 6 6 1 G
34.117466634 6 6 2 G
34.147660239 6 6 3 G
34.147660309 6 6 0 G
34.187925734 6 6 1 G
34.731529903 6 6 2 G
34.771794155 6 6 3 G
34.771794235 6 6 0 G
34.81206334 6 6 1 G
35.431826753 6 6 2 G
35.472067665 6 6 3 G
35.472067746 6 6 0 G
35.492196704 6 6 1 G
36.116271077 6 6 2 G
36.156542439 6 6 3 G
36.156542762 6 6 0 G
36.196807739 6 6 1 G
36.75044746 6 6 2 G
36.810845529 6 6 3 G
36.810845617 6 6 0 G
36.830983603 6 6 1 G
37.44385585 6 6 2 G
37.504256843 6 6 3 G
37.504256924 6 6 0 G
37.564655144 6 6 1 G
38.037725627 6 6 2 G
38.077996192 6 6 3 G
38.077996453 6 6 0 G
38.118262063 6 6 1 G
38.702222172 6 6 2 G
38.742506425 6 6 3 G
38.742506549 6 6 0 G
38.805349452 6 6 1 G
39.228136693 6 6 2 G
39.268400855 6 6 3 G
39.268400978 6 6 0 G
39.288533505 6 6 1 G
39.771707539 6 6 2 G
39.791842211 6 6 3 G
39.791842384 6 6 0 G
39.811973451 6 6 1 G
40.306064484 6 6 2 G
40.356063574 6 6 3 G
40.356063791 6 6 0 G
0.000188431 4 4 0 E
0.058133213 4 4 1 E
0.523045141 4 4 2 E
0.550881549 4 4 3 E
0.550881868 4 4 0 E
0.583466457 4 4 1 E
1.3215622329999999 4 4 2 E
1.372132529 4 4 3 E
1.372132753 4 4 0 E
1.392290528 4 4 1 E
2.075317779 4 4 2 E
2.135723184 4 4 3 E
2.135723461 4 4 0 E
2.175989062 4 4 1 E
2.805469132 4 4 2 E
2.825603133 4 4 3 E
2.825603214 4 4 0 E
2.8676644319999998 4 4 1 E
3.426259246 4 4 2 E
3.486666519 4 4 3 E
3.486666706 4 4 0 E
3.506803203 4 4 1 E
4.161333816 4 4 2 E
4.201608641 4 4 3 E
4.20160874 4 4 0 E
4.241880285 4 4 1 E
4.88292265 4 4 2 E
4.943330002 4 4 3 E
4.943330228 4 4 0 E
4.963458138 4 4 1 E
5.658060595 4 4 2 E
5.708383815 4 4 3 E
5.708383893 4 4 0 E
5.768779096 4 4 1 E
6.323591621 4 4 2 E
6.3638553909999995 4 4 3 E
6.363855672 4 4 0 E
6.404122912 4 4 1 E
6.989855307 4 4 2 E
7.020061098 4 4 3 E
7.020061172 4 4 0 E
7.060324378 4 4 1 E
7.6744235629999995 4 4 2 E
7.717302382 4 4 3 E
7.717302576 4 4 0 E
7.757585973 4 4 1 E
8.351556311 4 4 2 E
8.411951974 4 4 3 E
8.411952093 4 4 0 E
8.452201015 4 4 1 E
9.018557251 4 4 2 E
9.058794495 4 4 3 E
9.058794595 4 4 0 E
9.078914038 4 4 1 E
9.632327014 4 4 2 E
9.672589712 4 4 3 E
9.672589795 4 4 0 E
9.712852656 4 4 1 E
10.318410213 4 4 2 E
10.380069067 4 4 3 E
10.380069247 4 4 0 E
10.420351284 4 4 1 E
11.055806047 4 4 2 E
11.096073664 4 4 3 E
11.096073777 4 4 0 E
11.136340877 4 4 1 E
11.824477012 4 4 2 E
11.864780052 4 4 3 E
11.864780289 4 4 0 E
11.905066853 4 4 1 E
12.478665955 4 4 2 E
12.538999364 4 4 3 E
12.538999455999999 4 4 0 E
12.579199038 4 4 1 E
13.173723383 4 4 2 E
13.234123267 4 4 3 E
13.234123348 4 4 0 E
13.254252476 4 4 1 E
13.869994106 4 4 2 E
13.890129488 4 4 3 E
13.890129567 4 4 0 E
13.950528695 4 4 1 E
14.413529176 4 4 2 E
14.453791355 4 4 3 E
14.453791451 4 4 0 E
14.483990168 4 4 1 E
15.14900113 4 4 2 E
15.189271467 4 4 3 E
15.189271551 4 4 0 E
15.209403158 4 4 1 E
15.834991814 4 4 2 E
15.875260758 4 4 3 E
15.875260862 4 4 0 E
15.915523443 4 4 1 E
16.622378204 4 4 2 E
16.66263501 4 4 3 E
16.662635091 4 4 0 E
16.702873373 4 4 1 E
17.397469429 4 4 2 E
17.457871716 4 4 3 E
17.457871805 4 4 0 E
17.498139192 4 4 1 E
18.164262972 4 4 2 E
18.194465159 4 4 3 E
18.194465239 4 4 0 E
18.214596469 4 4 1 E
18.750004502 4 4 2 E
18.77013792 4 4 3 E
18.770138001 4 4 0 E
18.810406925 4 4 1 E
19.404331474 4 4 2 E
19.46473509 4 4 3 E
19.464735179 4 4 0 E
19.484867397 4 4 1 E
20.09220812 4 4 2 E
20.122410571 4 4 3 E
20.122410651 4 4 0 E
20.142544539 4 4 1 E
20.786804634 4 4 2 E
20.806936692 4 4 3 E
20.806936777 4 4 0 E
20.827069395 4 4 1 E
21.421012662 4 4 2 E
21.461270058 4 4 3 E
21.461270157 4 4 0 E
21.481402011 4 4 1 E
22.08660781 4 4 2 E
22.106745868 4 4 3 E
22.106745967 4 4 0 E
22.167134787 4 4 1 E
22.683739619 4 4 2 E
22.703873136 4 4 3 E
22.703873216 4 4 0 E
22.724006453 4 4 1 E
23.398466121 4 4 2 E
23.438735234 4 4 3 E
23.438735388 4 4 0 E
23.479005379 4 4 1 E
24.103146778 4 4 2 E
24.16355154 4 4 3 E
24.163551691 4 4 0 E
24.203821018 4 4 1 E
24.748500091 4 4 2 E
24.768622083 4 4 3 E
24.768622164 4 4 0 E
24.828984444 4 4 1 E
25.464396168 4 4 2 E
25.484523038 4 4 3 E
25.484523125 4 4 0 E
25.524787265 4 4 1 E
26.079398246 4 4 2 E
26.139792504 4 4 3 E
26.139793124 4 4 0 E
26.159923916 4 4 1 E
26.684541699 4 4 2 E
26.744930066 4 4 3 E
26.744930188 4 4 0 E
26.765063381 4 4 1 E
27.308648154 4 4 2 E
27.35206799 4 4 3 E
27.352068085 4 4 0 E
27.392330951 4 4 1 E
28.048264372 4 4 2 E
28.108662755 4 4 3 E
28.108662845 4 4 0 E
28.148927657 4 4 1 E
28.873666328 4 4 2 E
28.893798524 4 4 3 E
28.893798608 4 4 0 E
28.923994197 4 4 1 E
29.487794529 4 4 2 E
29.548193561 4 4 3 E
29.54819366 4 4 0 E
29.588453766 4 4 1 E
30.234398166 4 4 2 E
30.284728644 4 4 3 E
30.284728719 4 4 0 E
30.304859574 4 4 1 E
30.928932065 4 4 2 E
30.969199237 4 4 3 E
30.969199323 4 4 0 E
30.992067056 4 4 1 E
31.646403435 4 4 2 E
31.686671023 4 4 3 E
31.686671222 4 4 0 E
31.726940493 4 4 1 E
32.391347258 4 4 2 E
32.411549543 4 4 3 E
32.411549721 4 4 0 E
32.471900561 4 4 1 E
33.017136288 4 4 2 E
33.057401458 4 4 3 E
33.057401546 4 4 0 E
33.097666836 4 4 1 E
33.741928396 4 4 2 E
33.785266919 4 4 3 E
33.785267 4 4 0 E
33.825530424 4 4 1 E
34.439603238 4 4 2 E
34.459730012 4 4 3 E
34.459730112 4 4 0 E
34.50000224 4 4 1 E
35.093945811 4 4 2 E
35.114068159 4 4 3 E
35.114068299 4 4 0 E
35.154351833 4 4 1 E
35.76397704 4 4 2 E
35.804197646 4 4 3 E
35.804197724 4 4 0 E
35.864594192 4 4 1 E
36.458529915 4 4 2 E
36.498793806 4 4 3 E
36.498794035 4 4 0 E
36.518926206 4 4 1 E
37.151943133 4 4 2 E
37.172072798 4 4 3 E
37.172072885 4 4 0 E
37.232465326 4 4 1 E
37.786068586 4 4 2 E
37.846464133 4 4 3 E
37.846464217 4 4 0 E
37.906856909 4 4 1 E
38.490731836 4 4 2 E
38.551171798 4 4 3 E
38.551172004 4 4 0 E
38.591462115 4 4 1 E
39.036883299 4 4 2 E
39.077128073 4 4 3 E
39.077128223 4 4 0 E
39.117394279 4 4 1 E
39.520063663 4 4 2 E
39.560324535 4 4 3 E
39.560324628000004 4 4 0 E
39.620719976 4 4 1 E
40.113945314 4 4 2 E
40.15420756 4 4 3 E
40.154207727 4 4 0 E
40.194474848 4 4 1 E
40.564037823 4 4 2 E
40.584143649 4 4 3 E
40.584143754 4 4 0 E
40.6042792 4 4 1 E
41.006958179 4 4 2 E
41.037137286 4 4 3 E
41.037137368 4 4 0 E
41.077406113 4 4 1 E
41.419696341 4 4 2 E
41.459965878 4 4 3 E
41.459965968 4 4 0 E
41.500201778 4 4 1 E
41.902882737 4 4 2 E
41.943133088 4 4 3 E
41.94313336 4 4 0 E
41.983404749 4 4 1 E
42.427820474 4 4 2 E
42.468072222 4 4 3 E
42.46807232 4 4 0 E
42.528476983 4 4 1 E
42.900948658 4 4 2 E
42.941199975 4 4 3 E
42.941200085 4 4 0 E
42.961336847 4 4 1 E
43.31368353 4 4 2 E
43.333813535 4 4 3 E
43.333813645 4 4 0 E
43.374071245 4 4 1 E
43.786823696 4 4 2 E
43.827074115 4 4 3 E
43.82707425 4 4 0 E
43.891145582 4 4 1 E
44.396403229 4 4 2 E
44.436672848 4 4 3 E
44.436672961 4 4 0 E
44.476954057 4 4 1 E
44.849406029 4 4 2 E
44.909808066 4 4 3 E
44.909808159 4 4 0 E
9.4635e-05 14 14 0 O
0.014702499 14 14 1 O
0.037917407 14 14 2 O
0.068205108 14 14 3 O
0.068205209 14 14 0 O
0.110199069 14 14 1 O
0.593547775 14 14 2 O
0.653984871 14 14 3 O
0.653985265 14 14 0 O
0.67413103 14 14 1 O
1.402373439 14 14 2 O
1.4240062519999999 14 14 3 O
1.424007966 14 14 0 O
1.465000679 14 14 1 O
2.196122617 14 14 2 O
2.236958146 14 14 3 O
2.236958233 14 14 0 O
2.2772088569999998 14 14 1 O
2.865868846 14 14 2 O
2.906138907 14 14 3 O
2.906139091 14 14 0 O
2.953086881 14 14 1 O
3.486666947 14 14 2 O
3.5269376340000003 14 14 3 O
3.526937801 14 14 0 O
3.567196085 14 14 1 O
4.2116716499999995 14 14 2 O
4.275139087 14 14 3 O
4.27513922 14 14 0 O
4.299071427 14 14 1 O
4.9433306 14 14 2 O
5.003723077 14 14 3 O
5.003723196 14 14 0 O
5.043985787 14 14 1 O
5.728526085 14 14 2 O
5.768787394 14 14 3 O
5.768787471 14 14 0 O
5.788920937 14 14 1 O
6.363866365 14 14 2 O
6.424263586 14 14 3 O
6.424263695 14 14 0 O
6.464526254 14 14 1 O
7.030128855 14 14 2 O
7.070393208 14 14 3 O
7.070393343 14 14 0 O
7.090536133 14 14 1 O
7.717302928 14 14 2 O
7.777731482 14 14 3 O
7.777731648 14 14 0 O
7.817998327 14 14 1 O
8.411952944 14 14 2 O
8.452200314 14 14 3 O
8.452200392 14 14 0 O
8.492461405 14 14 1 O
9.058794983 14 14 2 O
9.078908857 14 14 3 O
9.078908934 14 14 0 O
9.099032 14 14 1 O
9.672590377 14 14 2 O
9.753133546 14 14 3 O
9.753133629 14 14 0 O
9.793554346 14 14 1 O
10.380070965 14 14 2 O
10.420349889 14 14 3 O
10.420349972 14 14 0 O
10.44048679 14 14 1 O
11.106137263 14 14 2 O
11.146405776 14 14 3 O
11.14640593 14 14 0 O
11.206811263 14 14 1 O
11.884926725 14 14 2 O
11.935267336 14 14 3 O
11.935267601 14 14 0 O
11.97553566 14 14 1 O
12.549055949 14 14 2 O
12.569137046 14 14 3 O
12.569137128 14 14 0 O
12.609378719 14 14 1 O
13.234133127 14 14 2 O
13.274399469 14 14 3 O
13.274399563 14 14 0 O
13.314662478 14 14 1 O
13.890140476 14 14 2 O
13.930403877 14 14 3 O
13.930403996 14 14 0 O
13.990804331 14 14 1 O
14.544401982 14 14 2 O
14.584672665 14 14 3 O
14.584672806 14 14 0 O
14.624942208 14 14 1 O
15.251134342 14 14 2 O
15.291396047 14 14 3 O
15.291396157 14 14 0 O
15.311528008 14 14 1 O
15.875261204 14 14 2 O
15.895386918 14 14 3 O
15.895386998 14 14 0 O
15.915518181 14 14 1 O
16.572086693 14 14 2 O
16.612331992 14 14 3 O
16.612332111 14 14 0 O
16.632452285 14 14 1 O
17.377319935 14 14 2 O
17.397454534 14 14 3 O
17.397454617 14 14 0 O
17.417588393 14 14 1 O
18.103889168 14 14 2 O
18.144132193 14 14 3 O
18.144132295 14 14 0 O
18.184395777 14 14 1 O
18.69967349 14 14 2 O
18.73994318 14 14 3 O
18.739943257 14 14 0 O
18.800342345 14 14 1 O
19.333872938 14 14 2 O
19.394270515 14 14 3 O
19.3942706 14 14 0 O
19.434536484 14 14 1 O
20.051922367 14 14 2 O
20.09220687 14 14 3 O
20.0922071 14 14 0 O
20.112339406 14 14 1 O
20.726394396 14 14 2 O
20.7868044 14 14 3 O
20.786804498 14 14 0 O
20.827068924 14 14 1 O
21.360603822 14 14 2 O
21.42101213 14 14 3 O
21.421012326 14 14 0 O
21.44113289 14 14 1 O
22.01613511 14 14 2 O
22.066479081 14 14 3 O
22.066479219 14 14 0 O
22.086616059 14 14 1 O
22.643472111 14 14 2 O
22.683737583 14 14 3 O
22.683737672 14 14 0 O
22.724002546 14 14 1 O
23.34813252 14 14 2 O
23.378342188 14 14 3 O
23.378342281 14 14 0 O
23.418612611 14 14 1 O
24.083015657 14 14 2 O
24.103140752 14 14 3 O
24.103140834 14 14 0 O
24.14341151 14 14 1 O
24.688135846 14 14 2 O
24.748495847 14 14 3 O
24.74849598 14 14 0 O
24.788737875 14 14 1 O
25.424133246 14 14 2 O
25.464395868 14 14 3 O
25.464395995 14 14 0 O
25.504656515 14 14 1 O
26.018064099 14 14 2 O
26.059265729 14 14 3 O
26.059265817 14 14 0 O
26.079396281 14 14 1 O
26.664413751 14 14 2 O
26.684541123 14 14 3 O
26.684541205 14 14 0 O
26.724800886 14 14 1 O
27.278453794 14 14 2 O
27.298583963 14 14 3 O
27.298584051 14 14 0 O
27.338846113 14 14 1 O
27.957658759 14 14 2 O
27.997922167 14 14 3 O
27.997922306 14 14 0 O
28.058329432 14 14 1 O
28.793137732 14 14 2 O
28.833408388 14 14 3 O
28.833408514 14 14 0 O
28.89380224 14 14 1 O
29.407263315 14 14 2 O
29.447532449 14 14 3 O
29.447532587 14 14 0 O
29.467663043 14 14 1 O
30.123678209 14 14 2 O
30.143813047 14 14 3 O
30.143813145 14 14 0 O
30.18406621 14 14 1 O
30.848404277 14 14 2 O
30.888661354 14 14 3 O
30.888661442 14 14 0 O
30.928924546 14 14 1 O
31.555790412 14 14 2 O
31.596061547 14 14 3 O
31.596061641 14 14 0 O
31.616194876 14 14 1 O
32.189995893 14 14 2 O
32.250402398 14 14 3 O
32.250402484 14 14 0 O
32.310795963 14 14 1 O
32.856056254 14 14 2 O
32.91645718 14 14 3 O
32.916457266 14 14 0 O
32.95672158 14 14 1 O
33.621140432 14 14 2 O
33.661396956 14 14 3 O
33.66139704 14 14 0 O
33.681529876 14 14 1 O
34.308722867 14 14 2 O
34.369117057 14 14 3 O
34.369117137 14 14 0 O
34.429525137 14 14 1 O
34.96306962 14 14 2 O
34.9832093 14 14 3 O
34.983209383 14 14 0 O
35.003346334 14 14 1 O
35.572732478 14 14 2 O
35.61299087 14 14 3 O
35.61299096 14 14 0 O
35.653259945 14 14 1 O
36.257211337 14 14 2 O
36.297479768 14 14 3 O
36.297479913 14 14 0 O
36.337750067 14 14 1 O
36.940513125 14 14 2 O
36.960667024 14 14 3 O
36.960667329 14 14 0 O
37.000962217 14 14 1 O
37.625053253 14 14 2 O
37.645138097 14 14 3 O
37.645138182 14 14 0 O
37.70553108 14 14 1 O
38.218924427 14 14 2 O
38.279336167 14 14 3 O
38.279336339 14 14 0 O
38.339734985 14 14 1 O
38.805346919 14 14 2 O
38.825482525 14 14 3 O
38.825482614 14 14 0 O
38.885878463 14 14 1 O
39.328796734 14 14 2 O
39.348929317 14 14 3 O
39.348929419 14 14 0 O
39.409328819 14 14 1 O
39.822042012 14 14 2 O
39.882392044 14 14 3 O
39.882392135 14 14 0 O
39.902526286 14 14 1 O
40.40284152 14 14 2 O
40.422988040999996 14 14 3 O
40.42298814 14 14 0 O
40.443146245 14 14 1 O
40.735132355 14 14 2 O
40.795535562 14 14 3 O
40.795535662 14 14 0 O
40.855936145 14 14 1 O
41.258609058 14 14 2 O
41.288809648 14 14 3 O
41.288809734 14 14 0 O
41.329080349 14 14 1 O
41.68140976 14 14 2 O
41.741816274 14 14 3 O
41.74181637 14 14 0 O
41.782071051 14 14 1 O
42.206297751 14 14 2 O
42.231064323 14 14 3 O
42.23106448 14 14 0 O
42.28689135 14 14 1 O
42.659343397 14 14 2 O
42.699609942 14 14 3 O
42.699610069 14 14 0 O
42.739878205 14 14 1 O
43.132486915 14 14 2 O
43.152617827 14 14 3 O
43.152617934 14 14 0 O
43.213025641 14 14 1 O
43.575409153 14 14 2 O
43.615677643 14 14 3 O
43.615677731 14 14 0 O
43.676080614 14 14 1 O
44.174950135 14 14 2 O
44.235335381 14 14 3 O
44.23533546 14 14 0 O
44.295733504 14 14 1 O
44.668207039 14 14 2 O
44.728613033 14 14 3 O
44.728613133 14 14 0 O
44.789016808 14 14 1 O
45.161476374 14 14 2 O
45.181601235 14 14 3 O
45.181601324 14 14 0 O
0.000142109 2 2 0 C
0.048070713 2 2 1 C
0.462557499 2 2 2 C
0.502890506 2 2 3 C
0.502890714 2 2 0 C
0.523044662 2 2 1 C
1.279742605 2 2 2 C
1.301419561 2 2 3 C
1.3014198129999999 2 2 0 C
1.321557438 2 2 1 C
1.893771519 2 2 2 C
1.934173014 2 2 3 C
1.934173151 2 2 0 C
1.994601373 2 2 1 C
2.704839221 2 2 2 C
2.745072613 2 2 3 C
2.745072706 2 2 0 C
2.765205465 2 2 1 C
3.214885731 2 2 2 C
3.255140301 2 2 3 C
3.255140392 2 2 0 C
3.275272565 2 2 1 C
3.929581432 2 2 2 C
3.989976462 2 2 3 C
3.989976551 2 2 0 C
4.010066233 2 2 1 C
4.701738614 2 2 2 C
4.721874707 2 2 3 C
4.721874822 2 2 0 C
4.762133794 2 2 1 C
5.46679148 2 2 2 C
5.486926088 2 2 3 C
5.486926207 2 2 0 C
5.527194958 2 2 1 C
6.132393692 2 2 2 C
6.172649782 2 2 3 C
6.172649898 2 2 0 C
6.212908413 2 2 1 C
6.798603526 2 2 2 C
6.838860831 2 2 3 C
6.838860914 2 2 0 C
6.879127624 2 2 1 C
7.473063266 2 2 2 C
7.513331075 2 2 3 C
7.513331157 2 2 0 C
7.553595255 2 2 1 C
8.109937053 2 2 2 C
8.170334618 2 2 3 C
8.170334713999999 2 2 0 C
8.210600212 2 2 1 C
8.80730835 2 2 2 C
8.847547824 2 2 3 C
8.847547944 2 2 0 C
8.887807581 2 2 1 C
9.501501278 2 2 2 C
9.521639842 2 2 3 C
9.521640177 2 2 0 C
9.561905844 2 2 1 C
10.166351598 2 2 2 C
10.206771776 2 2 3 C
10.206772012 2 2 0 C
10.247874058 2 2 1 C
10.883615808 2 2 2 C
10.90374773 2 2 3 C
10.903747818 2 2 0 C
10.945068394 2 2 1 C
11.623118214 2 2 2 C
11.673458632 2 2 3 C
11.673458713 2 2 0 C
11.713724623 2 2 1 C
12.277446103 2 2 2 C
12.337802156 2 2 3 C
12.337802233 2 2 0 C
12.398144577 2 2 1 C
12.962303836 2 2 2 C
13.002593457 2 2 3 C
13.002593676 2 2 0 C
13.022815375 2 2 1 C
13.707190674 2 2 2 C
13.749205146 2 2 3 C
13.749205238 2 2 0 C
13.789466274 2 2 1 C
14.252523897 2 2 2 C
14.292787056 2 2 3 C
14.292787134 2 2 0 C
14.312918642 2 2 1 C
14.977858689 2 2 2 C
15.038261649 2 2 3 C
15.038261738 2 2 0 C
15.098657921 2 2 1 C
15.68400056 2 2 2 C
15.724261187 2 2 3 C
15.724261274 2 2 0 C
15.764527368 2 2 1 C
16.421193102 2 2 2 C
16.441320879 2 2 3 C
16.44132097 2 2 0 C
16.501676212 2 2 1 C
17.145801796 2 2 2 C
17.186065075 2 2 3 C
17.186065156 2 2 0 C
17.226329258 2 2 1 C
17.912604027 2 2 2 C
17.973010188 2 2 3 C
17.973010431 2 2 0 C
18.013280385 2 2 1 C
18.566938274 2 2 2 C
18.587063423 2 2 3 C
18.587063506 2 2 0 C
18.609070609 2 2 1 C
19.082201024 2 2 2 C
19.142609046 2 2 3 C
19.142609129 2 2 0 C
19.162742131 2 2 1 C
19.830507206 2 2 2 C
19.87074895 2 2 3 C
19.870749106 2 2 0 C
19.931167801 2 2 1 C
20.504934122 2 2 2 C
20.54520358 2 2 3 C
20.545203664 2 2 0 C
20.585466783 2 2 1 C
21.108942642 2 2 2 C
21.16933468 2 2 3 C
21.169334777 2 2 0 C
21.229750918 2 2 1 C
21.843810766 2 2 2 C
21.89533954 2 2 3 C
21.895339639 2 2 0 C
21.935621227 2 2 1 C
22.459072982 2 2 2 C
22.499338258 2 2 3 C
22.499338349 2 2 0 C
22.559738713 2 2 1 C
23.177064451 2 2 2 C
23.21726521 2 2 3 C
23.217265427 2 2 0 C
23.257543783 2 2 1 C
23.881668435 2 2 2 C
23.921936894 2 2 3 C
23.92193715 2 2 0 C
23.962199536 2 2 1 C
24.495739201 2 2 2 C
24.527131178 2 2 3 C
24.52713125 2 2 0 C
24.587533534 2 2 1 C
25.161201935 2 2 2 C
25.241739892 2 2 3 C
25.241740212 2 2 0 C
25.283210337 2 2 1 C
25.867056543 2 2 2 C
25.907323339 2 2 3 C
25.907323426 2 2 0 C
25.947586615 2 2 1 C
26.451860603 2 2 2 C
26.493068267 2 2 3 C
26.493068358 2 2 0 C
26.532403664 2 2 1 C
27.127467045 2 2 2 C
27.147593283 2 2 3 C
27.147593379 2 2 0 C
27.207988222 2 2 1 C
27.856994261 2 2 2 C
27.917389549 2 2 3 C
27.917389633 2 2 0 C
27.97778456 2 2 1 C
28.682461591 2 2 2 C
28.732789713 2 2 3 C
28.732789804 2 2 0 C
28.752921999 2 2 1 C
29.32717763 2 2 2 C
29.367027599 2 2 3 C
29.367027832 2 2 0 C
29.407267988 2 2 1 C
30.043135997 2 2 2 C
30.063272957 2 2 3 C
30.063273046 2 2 0 C
30.103541027 2 2 1 C
30.77798201 2 2 2 C
30.79807055 2 2 3 C
30.798070633000002 2 2 0 C
30.83833334 2 2 1 C
31.485332797 2 2 2 C
31.51552863 2 2 3 C
31.515528717 2 2 0 C
31.555792138 2 2 1 C
32.159797837 2 2 2 C
32.179925005 2 2 3 C
32.179925116 2 2 0 C
32.220192561 2 2 1 C
32.795661831 2 2 2 C
32.835933475 2 2 3 C
32.835933594 2 2 0 C
32.896335368 2 2 1 C
33.580895396 2 2 2 C
33.621139841 2 2 3 C
33.621140014 2 2 0 C
33.661403927 2 2 1 C
34.268461831 2 2 2 C
34.308722362 2 2 3 C
34.308722736 2 2 0 C
34.369119942 2 2 1 C
34.942945746 2 2 2 C
34.963065402 2 2 3 C
34.96306552 2 2 0 C
35.023474915 2 2 1 C
35.612991197 2 2 2 C
35.653261098 2 2 3 C
35.653261187 2 2 0 C
35.693524069 2 2 1 C
36.297480052 2 2 2 C
36.33774259 2 2 3 C
36.337742731 2 2 0 C
36.378009801 2 2 1 C
36.960667432 2 2 2 C
37.021071486 2 2 3 C
37.021071641 2 2 0 C
37.06133815 2 2 1 C
37.645138559 2 2 2 C
37.705533352 2 2 3 C
37.705533462 2 2 0 C
37.745795641 2 2 1 C
38.2793376 2 2 2 C
38.319603444 2 2 3 C
38.319603584 2 2 0 C
38.369937008 2 2 1 C
38.825487684 2 2 2 C
38.885885706 2 2 3 C
38.885885809 2 2 0 C
38.906018209 2 2 1 C
39.348929605 2 2 2 C
39.389194693 2 2 3 C
39.3891948 2 2 0 C
39.429458252 2 2 1 C
39.89245758 2 2 2 C
39.952858954999996 2 2 3 C
39.952859095 2 2 0 C
39.972992153 2 2 1 C
40.422988981 2 2 2 C
40.473429924 2 2 3 C
40.473430084 2 2 0 C
40.513669541 2 2 1 C
40.835810301 2 2 2 C
40.876066615 2 2 3 C
40.876066717 2 2 0 C
40.91633623 2 2 1 C
41.30894142 2 2 2 C
41.329075969 2 2 3 C
41.329076065 2 2 0 C
41.369353486 2 2 1 C
41.812269802 2 2 2 C
41.832399205 2 2 3 C
41.832399322 2 2 0 C
41.852533996 2 2 1 C
42.286890909 2 2 2 C
42.327138737 2 2 3 C
42.327138835 2 2 0 C
42.387545 2 2 1 C
42.76000757 2 2 2 C
42.820406282 2 2 3 C
42.820406413 2 2 0 C
42.860673986 2 2 1 C
43.213020484 2 2 2 C
43.25326875 2 2 3 C
43.253268855 2 2 0 C
43.313678084 2 2 1 C
43.686145011 2 2 2 C
43.726410092 2 2 3 C
43.726410184 2 2 0 C
43.746543172 2 2 1 C
44.235335917 2 2 2 C
44.275608965 2 2 3 C
44.275609096 2 2 0 C
44.336010592 2 2 1 C
44.728613496 2 2 2 C
44.768875512 2 2 3 C
44.768875696 2 2 0 C
44.789009607 2 2 1 C
45.121203519 2 2 2 C
45.161475759 2 2 3 C
45.161475874 2 2 0 C
45.20064753 2 2 1 C
45.418797563 2 2 2 C
45.433923772 2 2 3 C
45.433923867 2 2 0 C
45.468250967 2 2 1 C
45.762352911 2 2 2 C
45.797476044 2 2 3 C
45.7974762 2 2 0 C
0.00020955 1 1 0 B
0.027243404 1 1 1 B
0.150463849 1 1 2 B
0.19073345 1 1 3 B
0.190733582 1 1 0 B
0.251131463 1 1 1 B
0.794925662 1 1 2 B
0.835194669 1 1 3 B
0.835194845 1 1 0 B
0.876089893 1 1 1 B
1.535477566 1 1 2 B
1.575750727 1 1 3 B
1.57575081 1 1 0 B
1.616813649 1 1 1 B
2.3376204 1 1 2 B
2.398038743 1 1 3 B
2.39803883 1 1 0 B
2.418136514 1 1 1 B
2.973239114 1 1 2 B
2.993372417 1 1 3 B
2.9933724980000003 1 1 0 B
3.043727607 1 1 1 B
3.597408137 1 1 2 B
3.637679608 1 1 3 B
3.637679706 1 1 0 B
3.698070505 1 1 1 B
4.409828336 1 1 2 B
4.450063637 1 1 3 B
4.450063728 1 1 0 B
4.47019704 1 1 1 B
5.17485941 1 1 2 B
5.215128339 1 1 3 B
5.215128441 1 1 0 B
5.235259546 1 1 1 B
5.889569208 1 1 2 B
5.910988624 1 1 3 B
5.910988703 1 1 0 B
5.95121842 1 1 1 B
6.536916493 1 1 2 B
6.577135439 1 1 3 B
6.577135531 1 1 0 B
6.617403437 1 1 1 B
7.231468407 1 1 2 B
7.271729907 1 1 3 B
7.271730137 1 1 0 B
7.312001751 1 1 1 B
7.908602661 1 1 2 B
7.94886809 1 1 3 B
7.948868192 1 1 0 B
7.968999644 1 1 1 B
8.562932626 1 1 2 B
8.58305774 1 1 3 B
8.583057832 1 1 0 B
8.603188804 1 1 1 B
9.159373776 1 1 2 B
9.21973689 1 1 3 B
9.219736979 1 1 0 B
9.259974699 1 1 1 B
9.833960255000001 1 1 2 B
9.87421072 1 1 3 B
9.8742108 1 1 0 B
9.914491162000001 1 1 1 B
10.500905353 1 1 2 B
10.561274001 1 1 3 B
10.561274085 1 1 0 B
10.601548514 1 1 1 B
11.24706444 1 1 2 B
11.307463136 1 1 3 B
11.307463221 1 1 0 B
11.327594759 1 1 1 B
12.00574118 1 1 2 B
12.046004255 1 1 3 B
12.046004356 1 1 0 B
12.066135933 1 1 1 B
12.64960623 1 1 2 B
12.700070546 1 1 3 B
12.700070659 1 1 0 B
12.743076478999999 1 1 1 B
13.405260065 1 1 2 B
13.455590253 1 1 3 B
13.455590327 1 1 0 B
13.495854419 1 1 1 B
14.021000347 1 1 2 B
14.061255238 1 1 3 B
14.061255313 1 1 0 B
14.081385083 1 1 1 B
14.624932013 1 1 2 B
14.665205285999999 1 1 3 B
14.665205383 1 1 0 B
14.705470504 1 1 1 B
15.351790509 1 1 2 B
15.402125008 1 1 3 B
15.402125081 1 1 0 B
15.422259874 1 1 1 B
16.036361725 1 1 2 B
16.096793645 1 1 3 B
16.096793869 1 1 0 B
16.139414774 1 1 1 B
16.813587562 1 1 2 B
16.833712877 1 1 3 B
16.833712963 1 1 0 B
16.874006915 1 1 1 B
17.570325902 1 1 2 B
17.610592863 1 1 3 B
17.610592954 1 1 0 B
17.67099078 1 1 1 B
18.254872825 1 1 2 B
18.305200026 1 1 3 B
18.305200106 1 1 0 B
18.325330992 1 1 1 B
18.840610559 1 1 2 B
18.860740296 1 1 3 B
18.860740455 1 1 0 B
18.880874769 1 1 1 B
19.484874939 1 1 2 B
19.525136697 1 1 3 B
19.525136782 1 1 0 B
19.565403646 1 1 1 B
20.152603143 1 1 2 B
20.212999458 1 1 3 B
20.21299955 1 1 0 B
20.253267045 1 1 1 B
20.827068386 1 1 2 B
20.847196229 1 1 3 B
20.847196396 1 1 0 B
20.887469309 1 1 1 B
21.511606521 1 1 2 B
21.531756914 1 1 3 B
21.531757229 1 1 0 B
21.572031307 1 1 1 B
22.147005941 1 1 2 B
22.167129194 1 1 3 B
22.167129274 1 1 0 B
22.207402007 1 1 1 B
22.764268374 1 1 2 B
22.80453772 1 1 3 B
22.804537814 1 1 0 B
22.864941852 1 1 1 B
23.479005322 1 1 2 B
23.539413858 1 1 3 B
23.539413954 1 1 0 B
23.559549243 1 1 1 B
24.213883459 1 1 2 B
24.264205182 1 1 3 B
24.26420526 1 1 0 B
24.324605665 1 1 1 B
24.801066332 1 1 2 B
24.818920165 1 1 3 B
24.818920261 1 1 0 B
24.859182477 1 1 1 B
25.514725955 1 1 2 B
25.534859595 1 1 3 B
25.534859697999998 1 1 0 B
25.554992743 1 1 1 B
26.169987881 1 1 2 B
26.190409985 1 1 3 B
26.19041008 1 1 0 B
26.250524427 1 1 1 B
26.815407106 1 1 2 B
26.855673136 1 1 3 B
26.855673219 1 1 0 B
26.916062951 1 1 1 B
27.434156016 1 1 2 B
27.474435822 1 1 3 B
27.474436054 1 1 0 B
27.514715119999998 1 1 1 B
28.189200032 1 1 2 B
28.229473548 1 1 3 B
28.229473644 1 1 0 B
28.269740463 1 1 1 B
28.91392742 1 1 2 B
28.954201521 1 1 3 B
28.95420161 1 1 0 B
29.014604862 1 1 1 B
29.618656963 1 1 2 B
29.658924229 1 1 3 B
29.658924335000002 1 1 0 B
29.699188702 1 1 1 B
30.335067197 1 1 2 B
30.355197847 1 1 3 B
30.35519798 1 1 0 B
30.375328735 1 1 1 B
30.979263707 1 1 2 B
31.022279163 1 1 3 B
31.022279275 1 1 0 B
31.062544401 1 1 1 B
31.696730868 1 1 2 B
31.736998691 1 1 3 B
31.736998775 1 1 0 B
31.797404411 1 1 1 B
32.41155188 1 1 2 B
32.451767159 1 1 3 B
32.451767248 1 1 0 B
32.481965538 1 1 1 B
33.077533922 1 1 2 B
33.117799952 1 1 3 B
33.117800046 1 1 0 B
33.1580687 1 1 1 B
33.78526738 1 1 2 B
33.845663535 1 1 3 B
33.845663649 1 1 0 B
33.885928008 1 1 1 B
34.469794588 1 1 2 B
34.530198178 1 1 3 B
34.530198277 1 1 0 B
34.550329195 1 1 1 B
35.124144196 1 1 2 B
35.164428456 1 1 3 B
35.164428674 1 1 0 B
35.210287402 1 1 1 B
35.8041983 1 1 2 B
35.854535422 1 1 3 B
35.854535503 1 1 0 B
35.894808873 1 1 1 B
36.508865275 1 1 2 B
36.54913553 1 1 3 B
36.54913563 1 1 0 B
36.6095295 1 1 1 B
37.192195654 1 1 2 B
37.252592289 1 1 3 B
37.252592378 1 1 0 B
37.29285506 1 1 1 B
37.846464728 1 1 2 B
37.866600117 1 1 3 B
37.866600198 1 1 0 B
37.886732256 1 1 1 B
38.470599897 1 1 2 B
38.490731394 1 1 3 B
38.490731511999996 1 1 0 B
38.531008917 1 1 1 B
38.996603123 1 1 2 B
39.036882757 1 1 3 B
39.036882867 1 1 0 B
39.097263964 1 1 1 B
39.479794928 1 1 2 B
39.52006327 1 1 3 B
39.520063358 1 1 0 B
39.580457266 1 1 1 B
40.053535811 1 1 2 B
40.113940289 1 1 3 B
40.113940383 1 1 0 B
40.154202516 1 1 1 B
40.5438935 1 1 2 B
40.564037227 1 1 3 B
40.564037374 1 1 0 B
40.604277278 1 1 1 B
40.966680699 1 1 2 B
41.00695772 1 1 3 B
41.006957832 1 1 0 B
41.087478884 1 1 1 B
41.470027795 1 1 2 B
41.490129255 1 1 3 B
41.490129347 1 1 0 B
41.550531019 1 1 1 B
41.943139818 1 1 2 B
41.983411238 1 1 3 B
41.983411331 1 1 0 B
42.023688822 1 1 1 B
42.47813717 1 1 2 B
42.498271186 1 1 3 B
42.498271278 1 1 0 B
42.538541203 1 1 1 B
42.941200628 1 1 2 B
42.961339213 1 1 3 B
42.961339356 1 1 0 B
43.02174874 1 1 1 B
43.333817902 1 1 2 B
43.384145478 1 1 3 B
43.384145581 1 1 0 B
43.424413012 1 1 1 B
43.828067475 1 1 2 B
43.894062759 1 1 3 B
43.894063174 1 1 0 B
43.933307389 1 1 1 B
44.436673779 1 1 2 B
44.456805736 1 1 3 B
44.456805823 1 1 0 B
44.507138374 1 1 1 B
44.909808449 1 1 2 B
44.950066341 1 1 3 B
44.950066458 1 1 0 B
44.975330476 1 1 1 B
45.282265873 1 1 2 B
45.297390604 1 1 3 B
45.297390691 1 1 0 B
45.323641933 1 1 1 B
45.479277167 1 1 2 B
45.509470262 1 1 3 B
45.509470359 1 1 0 B
45.556137518 1 1 1 B
45.842730406 1 1 2 B
45.889946282 1 1 3 B
45.88994655 1 1 0 B
45.906243573 1 1 1 B
46.050875514 1 1 2 B
46.068969091 1 1 3 B
46.068969215 1 1 0 B
46.1033142 1 1 1 B
46.232361646 1 1 2 B
46.249595163 1 1 3 B
46.249595275 1 1 0 B
46.288840371 1 1 1 B
46.413546546 1 1 2 B
46.463927473 1 1 3 B
46.463927575 1 1 0 B
0.000170571 7 7 0 H
0.033745393 7 7 1 H
0.271264089 7 7 2 H
0.291395004 7 7 3 H
0.291395088 7 7 0 H
0.3115238 7 7 1 H
0.895602106 7 7 2 H
0.957364129 7 7 3 H
0.9573643 7 7 0 H
0.997651567 7 7 1 H
1.616816603 7 7 2 H
1.6585513029999999 7 7 3 H
1.6585517379999999 7 7 0 H
1.722099413 7 7 1 H
2.448344723 7 7 2 H
2.488599466 7 7 3 H
2.488599556 7 7 0 H
2.528874817 7 7 1 H
3.023593175 7 7 2 H
3.053806471 7 7 3 H
3.053806635 7 7 0 H
3.073953844 7 7 1 H
3.667849012 7 7 2 H
3.728261973 7 7 3 H
3.728262067 7 7 0 H
3.768523903 7 7 1 H
4.450064487 7 7 2 H
4.500394551 7 7 3 H
4.500394656 7 7 0 H
4.540661436 7 7 1 H
5.215128839 7 7 2 H
5.235255656 7 7 3 H
5.235255732 7 7 0 H
5.255390224 7 7 1 H
5.910989127 7 7 2 H
5.95121629 7 7 3 H
5.951216423 7 7 0 H
6.011612972 7 7 1 H
6.577137046 7 7 2 H
6.627474634 7 7 3 H
6.627474719 7 7 0 H
6.647604698 7 7 1 H
7.271730414 7 7 2 H
7.291862754 7 7 3 H
7.291862865 7 7 0 H
7.332131877 7 7 1 H
7.94886858 7 7 2 H
7.989133965 7 7 3 H
7.989134051 7 7 0 H
8.029398664 7 7 1 H
8.583058326 7 7 2 H
8.623318218 7 7 3 H
8.623318299 7 7 0 H
8.663578865 7 7 1 H
9.270038303 7 7 2 H
9.290139927 7 7 3 H
9.290140007 7 7 0 H
9.330382168 7 7 1 H
9.884278989 7 7 2 H
9.944700391 7 7 3 H
9.944700516 7 7 0 H
9.964949093 7 7 1 H
10.571342653 7 7 2 H
10.611627655 7 7 3 H
10.611627797 7 7 0 H
10.631868106 7 7 1 H
11.307467627 7 7 2 H
11.34773317 7 7 3 H
11.347733259 7 7 0 H
11.408133008 7 7 1 H
12.046009271 7 7 2 H
12.08628478 7 7 3 H
12.086284928 7 7 0 H
12.106421748 7 7 1 H
12.710143252 7 7 2 H
12.75043878 7 7 3 H
12.750438946 7 7 0 H
12.790881145 7 7 1 H
13.455591263 7 7 2 H
13.495853714999999 7 7 3 H
13.495853796 7 7 0 H
13.536073276 7 7 1 H
14.071327966 7 7 2 H
14.091461517 7 7 3 H
14.091461649 7 7 0 H
14.151857356 7 7 1 H
14.725602143 7 7 2 H
14.775937049 7 7 3 H
14.775937171 7 7 0 H
14.816201694 7 7 1 H
15.462534514 7 7 2 H
15.482667223 7 7 3 H
15.482667298 7 7 0 H
15.543069048 7 7 1 H
16.129352856 7 7 2 H
16.18975002 7 7 3 H
16.189750201 7 7 0 H
16.230031223 7 7 1 H
16.904240421 7 7 2 H
16.944501097 7 7 3 H
16.944501182 7 7 0 H
17.004901937 7 7 1 H
17.650863418 7 7 2 H
17.711264958 7 7 3 H
17.71126506 7 7 0 H
17.731396035 7 7 1 H
18.345465885 7 7 2 H
18.40587709 7 7 3 H
18.405877191 7 7 0 H
18.446134581 7 7 1 H
18.921140949 7 7 2 H
18.941274535 7 7 3 H
18.941274615 7 7 0 H
19.001682688 7 7 1 H
19.635874535 7 7 2 H
19.686200907 7 7 3 H
19.686201001 7 7 0 H
19.709064415 7 7 1 H
20.273400526 7 7 2 H
20.313667641 7 7 3 H
20.31366772 7 7 0 H
20.353960655 7 7 1 H
20.907608278 7 7 2 H
20.927742701 7 7 3 H
20.927742788 7 7 0 H
20.947879013 7 7 1 H
21.622351099 7 7 2 H
21.662608397 7 7 3 H
21.662608511 7 7 0 H
21.682742442 7 7 1 H
22.247676454 7 7 2 H
22.287946719 7 7 3 H
22.287946963 7 7 0 H
22.348332161 7 7 1 H
22.915261436 7 7 2 H
22.94546923 7 7 3 H
22.945469316 7 7 0 H
22.965601142 7 7 1 H
23.609881226 7 7 2 H
23.670269413 7 7 3 H
23.670269548 7 7 0 H
23.710536822 7 7 1 H
24.304476666 7 7 2 H
24.324611196 7 7 3 H
24.324611293 7 7 0 H
24.364877517 7 7 1 H
24.913061616 7 7 2 H
24.953062909 7 7 3 H
24.953063116 7 7 0 H
24.990071934 7 7 1 H
25.62547107 7 7 2 H
25.645597279 7 7 3 H
25.645597361 7 7 0 H
25.705996734 7 7 1 H
26.270661821 7 7 2 H
26.290798762 7 7 3 H
26.290798853 7 7 0 H
26.310929392 7 7 1 H
26.92613717 7 7 2 H
26.96640528 7 7 3 H
26.966405361 7 7 0 H
27.026810628 7 7 1 H
27.524788957 7 7 2 H
27.595285107 7 7 3 H
27.59528527 7 7 0 H
27.615418711 7 7 1 H
28.370412351 7 7 2 H
28.410675132 7 7 3 H
28.410675214 7 7 0 H
28.471071644 7 7 1 H
29.085069119 7 7 2 H
29.125332159 7 7 3 H
29.125332248 7 7 0 H
29.185722462 7 7 1 H
29.779712482 7 7 2 H
29.819977313 7 7 3 H
29.819977413 7 7 0 H
29.860201676 7 7 1 H
30.486056881 7 7 2 H
30.526322445 7 7 3 H
30.526322537 7 7 0 H
30.546454483 7 7 1 H
31.163203618 7 7 2 H
31.223596167 7 7 3 H
31.223596248 7 7 0 H
31.263858119 7 7 1 H
31.908137181 7 7 2 H
31.948402707 7 7 3 H
31.948402868 7 7 0 H
31.988665992 7 7 1 H
32.582597531 7 7 2 H
32.602728757 7 7 3 H
32.602728874 7 7 0 H
32.642992863 7 7 1 H
33.278853283 7 7 2 H
33.329203003 7 7 3 H
33.329203141 7 7 0 H
33.389604165 7 7 1 H
34.016794252 7 7 2 H
34.067134908 7 7 3 H
34.067134983 7 7 0 H
34.117467733 7 7 1 H
34.620794108 7 7 2 H
34.681197199 7 7 3 H
34.681197331999996 7 7 0 H
34.701328712 7 7 1 H
35.311024838 7 7 2 H
35.371425098 7 7 3 H
35.371425229 7 7 0 H
35.391557921 7 7 1 H
36.005540502 7 7 2 H
36.045803814 7 7 3 H
36.045803909 7 7 0 H
36.086063425 7 7 1 H
36.690059943 7 7 2 H
36.730324574 7 7 3 H
36.730324727 7 7 0 H
36.750454345 7 7 1 H
37.393516749 7 7 2 H
37.433791503 7 7 3 H
37.433791591 7 7 0 H
37.514319811 7 7 1 H
38.017593141 7 7 2 H
38.037725054 7 7 3 H
38.037725294 7 7 0 H
38.077988242 7 7 1 H
38.641808225 7 7 2 H
38.702218511 7 7 3 H
38.702218604 7 7 0 H
38.742501956 7 7 1 H
39.167739116 7 7 2 H
39.218072887 7 7 3 H
39.218072967 7 7 0 H
39.278466549 7 7 1 H
39.751577614 7 7 2 H
39.771706076 7 7 3 H
39.771706202 7 7 0 H
39.811971845 7 7 1 H
40.275020634 7 7 2 H
40.302083387 7 7 3 H
40.30208347 7 7 0 H
40.322228713 7 7 1 H
40.694884007 7 7 2 H
40.715018184 7 7 3 H
40.715018263 7 7 0 H
40.735124828 7 7 1 H
41.147873617 7 7 2 H
41.208268717 7 7 3 H
41.208268822 7 7 0 H
41.228400458 7 7 1 H
41.621015669 7 7 2 H
41.66127602 7 7 3 H
41.661276113 7 7 0 H
41.701543342 7 7 1 H
42.094134733 7 7 2 H
42.134419859 7 7 3 H
42.134419936 7 7 0 H
42.196215654 7 7 1 H
42.598949499 7 7 2 H
42.639204195 7 7 3 H
42.639204323 7 7 0 H
42.699606467 7 7 1 H
43.112353735 7 7 2 H
43.13248663 7 7 3 H
43.13248671 7 7 0 H
43.192894237 7 7 1 H
43.55527142 7 7 2 H
43.575404995 7 7 3 H
43.575405095 7 7 0 H
43.635804864 7 7 1 H
44.064200975 7 7 2 H
44.104469561 7 7 3 H
44.104469647 7 7 0 H
44.164877098 7 7 1 H
44.567545032 7 7 2 H
44.607809746 7 7 3 H
44.607809842 7 7 0 H
44.627941886 7 7 1 H
45.010482371 7 7 2 H
45.040680754 7 7 3 H
45.040680843 7 7 0 H
45.060815166 7 7 1 H
45.347069849 7 7 2 H
45.375322958 7 7 3 H
45.375323053 7 7 0 H
45.417726889 7 7 1 H
45.650418868 7 7 2 H
45.690696538 7 7 3 H
45.690696638 7 7 0 H
45.740060174999996 7 7 1 H
46.006063665 7 7 2 H
46.023315098 7 7 3 H
46.02331522 7 7 0 H
46.068972094 7 7 1 H
46.186478904 7 7 2 H
46.202732944 7 7 3 H
46.202733069 7 7 0 H
46.227234652 7 7 1 H
46.361224954 7 7 2 H
46.389350474 7 7 3 H
46.389350582 7 7 0 H
46.426668873 7 7 1 H
46.614953911 7 7 2 H
46.665327385 7 7 3 H
46.66532749 7 7 0 H
46.695539805 7 7 1 H
46.872607025 7 7 2 H
46.901062094 7 7 3 H
46.901062182 7 7 0 H
0.000187309 8 8 0 I
0.058129145 8 8 1 I
0.502891228 8 8 2 I
0.523044656 8 8 3 I
0.523044927 8 8 0 I
0.567067007 8 8 1 I
1.30142042 8 8 2 I
1.321558685 8 8 3 I
1.321558831 8 8 0 I
1.382206478 8 8 1 I
2.024822438 8 8 2 I
2.065225748 8 8 3 I
2.065226442 8 8 0 I
2.085377825 8 8 1 I
2.785337228 8 8 2 I
2.8054686589999998 8 8 3 I
2.805468746 8 8 0 I
2.845734688 8 8 1 I
3.335658422 8 8 2 I
3.355792032 8 8 3 I
3.355792248 8 8 0 I
3.416191273 8 8 1 I
4.040274512 8 8 2 I
4.111009808 8 8 3 I
4.111009977 8 8 0 I
4.151270393 8 8 1 I
4.782260337 8 8 2 I
4.8225259430000005 8 8 3 I
4.822526028 8 8 0 I
4.862791054 8 8 1 I
5.537266822 8 8 2 I
5.59766434 8 8 3 I
5.597664432 8 8 0 I
5.617795757 8 8 1 I
6.222973666 8 8 2 I
6.283326628 8 8 3 I
6.283326784 8 8 0 I
6.343718134 8 8 1 I
6.909319566 8 8 2 I
6.949586172 8 8 3 I
6.949586254 8 8 0 I
6.969716946 8 8 1 I
7.563662384 8 8 2 I
7.603932488 8 8 3 I
7.603932916 8 8 0 I
7.645117996 8 8 1 I
8.230733669 8 8 2 I
8.291154523 8 8 3 I
8.29115467 8 8 0 I
8.331418691 8 8 1 I
8.887806111 8 8 2 I
8.948139124 8 8 3 I
8.9481392 8 8 0 I
9.008497743 8 8 1 I
9.582028987 8 8 2 I
9.612195225 8 8 3 I
9.612195314000001 8 8 0 I
9.672590197 8 8 1 I
10.268030391 8 8 2 I
10.308318822 8 8 3 I
10.308318983 8 8 0 I
10.369020863 8 8 1 I
10.995399154 8 8 2 I
11.055802881 8 8 3 I
11.055803133 8 8 0 I
11.096071849 8 8 1 I
11.743923067 8 8 2 I
11.804332242 8 8 3 I
11.804332539 8 8 0 I
11.844630824 8 8 1 I
12.458503496 8 8 2 I
12.478661873 8 8 3 I
12.478661945 8 8 0 I
12.518875487 8 8 1 I
13.10326743 8 8 2 I
13.163664922 8 8 3 I
13.163665015 8 8 0 I
13.203929197 8 8 1 I
13.829735612 8 8 2 I
13.849869954999999 8 8 3 I
13.849870074 8 8 0 I
13.890138065 8 8 1 I
14.393398751 8 8 2 I
14.413528399 8 8 3 I
14.413528475 8 8 0 I
14.473922255 8 8 1 I
15.088598349 8 8 2 I
15.138927421 8 8 3 I
15.138927534 8 8 0 I
15.159064509 8 8 1 I
15.814861564 8 8 2 I
15.834986714 8 8 3 I
15.834986791 8 8 0 I
15.855121421 8 8 1 I
16.501678011 8 8 2 I
16.541915841 8 8 3 I
16.541915943 8 8 0 I
16.562033858 8 8 1 I
17.246469324 8 8 2 I
17.306866042 8 8 3 I
17.306866121 8 8 0 I
17.327000135 8 8 1 I
18.003211756 8 8 2 I
18.04347939 8 8 3 I
18.043479582 8 8 0 I
18.083752508 8 8 1 I
18.629208483 8 8 2 I
18.669473876 8 8 3 I
18.669473999 8 8 0 I
18.709736 8 8 1 I
19.223135657 8 8 2 I
19.263404715 8 8 3 I
19.263404855 8 8 0 I
19.283537005 8 8 1 I
19.951264628 8 8 2 I
20.011665368 8 8 3 I
20.011665482 8 8 0 I
20.072065225 8 8 1 I
20.665992929 8 8 2 I
20.706263758 8 8 3 I
20.706263846 8 8 0 I
20.726395908 8 8 1 I
21.280070403 8 8 2 I
21.340474184 8 8 3 I
21.340474352 8 8 0 I
21.380744798 8 8 1 I
21.975888361 8 8 2 I
22.01613437 8 8 3 I
22.016134446 8 8 0 I
22.076537443 8 8 1 I
22.603197339 8 8 2 I
22.643471605 8 8 3 I
22.643471687 8 8 0 I
22.703873889 8 8 1 I
23.307885746 8 8 2 I
23.348132088 8 8 3 I
23.348132292 8 8 0 I
23.388401693 8 8 1 I
24.022609707 8 8 2 I
24.07294674 8 8 3 I
24.072946834 8 8 0 I
24.113207637 8 8 1 I
24.607671184 8 8 2 I
24.668037927 8 8 3 I
24.668038006 8 8 0 I
24.708259736 8 8 1 I
25.36374011 8 8 2 I
25.424128889 8 8 3 I
25.424129017 8 8 0 I
25.48452028 8 8 1 I
25.977790479 8 8 2 I
25.997924223 8 8 3 I
25.997924303 8 8 0 I
26.01807353 8 8 1 I
26.604060667 8 8 2 I
26.664411551 8 8 3 I
26.664411747 8 8 0 I
26.684542037 8 8 1 I
27.23819026 8 8 2 I
27.278453389 8 8 3 I
27.278453475 8 8 0 I
27.338850295 8 8 1 I
27.997922615 8 8 2 I
28.03819421 8 8 3 I
28.038194668 8 8 0 I
28.078459878 8 8 1 I
28.833408859 8 8 2 I
28.873665492 8 8 3 I
28.873665596 8 8 0 I
28.913931524 8 8 1 I
29.44753317 8 8 2 I
29.487794242 8 8 3 I
29.487794321 8 8 0 I
29.5280607 8 8 1 I
30.153875745 8 8 2 I
30.214265593 8 8 3 I
30.214265688 8 8 0 I
30.274662635 8 8 1 I
30.888661531 8 8 2 I
30.928927432000002 8 8 3 I
30.928927515 8 8 0 I
30.992061672 8 8 1 I
31.59606273 8 8 2 I
31.646402698 8 8 3 I
31.646402836 8 8 0 I
31.666532422 8 8 1 I
32.351085036 8 8 2 I
32.391346792 8 8 3 I
32.391346897 8 8 0 I
32.431638906 8 8 1 I
32.946662954 8 8 2 I
33.00707755 8 8 3 I
33.007077716 8 8 0 I
33.047340845 8 8 1 I
33.71172368 8 8 2 I
33.74192774 8 8 3 I
33.741927808 8 8 0 I
33.785262289 8 8 1 I
34.399327428 8 8 2 I
34.439602924 8 8 3 I
34.439603047 8 8 0 I
34.479870892 8 8 1 I
35.033548834 8 8 2 I
35.073817349 8 8 3 I
35.073817462 8 8 0 I
35.139067039 8 8 1 I
35.69352417 8 8 2 I
35.75391993 8 8 3 I
35.753920019 8 8 0 I
35.794139997 8 8 1 I
36.408196823 8 8 2 I
36.448461574 8 8 3 I
36.448461696 8 8 0 I
36.488724576 8 8 1 I
37.091534614 8 8 2 I
37.151942436 8 8 3 I
37.151942523 8 8 0 I
37.212333745 8 8 1 I
37.735725494 8 8 2 I
37.775993049 8 8 3 I
37.775993131999996 8 8 0 I
37.836399401 8 8 1 I
38.390072567 8 8 2 I
38.47059736 8 8 3 I
38.470597534 8 8 0 I
38.510858567 8 8 1 I
38.936197074 8 8 2 I
38.986536239 8 8 3 I
38.986536366 8 8 0 I
39.026809914 8 8 1 I
39.439527027 8 8 2 I
39.479784554 8 8 3 I
39.479784746 8 8 0 I
39.520053141 8 8 1 I
40.003206543 8 8 2 I
40.043474972 8 8 3 I
40.043475077 8 8 0 I
40.083743935 8 8 1 I
40.523743303 8 8 2 I
40.543892864 8 8 3 I
40.543893016 8 8 0 I
40.564039969 8 8 1 I
40.926403912 8 8 2 I
40.966674611 8 8 3 I
40.966674713 8 8 0 I
41.027067427 8 8 1 I
41.379421757 8 8 2 I
41.419695881 8 8 3 I
41.419695969 8 8 0 I
41.439829919 8 8 1 I
41.86261025 8 8 2 I
41.902882327 8 8 3 I
41.902882427 8 8 0 I
41.943140874 8 8 1 I
42.367413569 8 8 2 I
42.427819652 8 8 3 I
42.427819931 8 8 0 I
42.468074903 8 8 1 I
42.86068061 8 8 2 I
42.90094804 8 8 3 I
42.900948145 8 8 0 I
42.941203376 8 8 1 I
43.273413777 8 8 2 I
43.313683052 8 8 3 I
43.313683143 8 8 0 I
43.353953466 8 8 1 I
43.726410633 8 8 2 I
43.786823235 8 8 3 I
43.786823334 8 8 0 I
43.827079401 8 8 1 I
44.336013523 8 8 2 I
44.3964028 8 8 3 I
44.396402878 8 8 0 I
44.436666546 8 8 1 I
44.789010065 8 8 2 I
44.849405383 8 8 3 I
44.84940551 8 8 0 I
44.869541279 8 8 1 I
45.242005092 8 8 2 I
45.282265282 8 8 3 I
45.282265384 8 8 0 I
45.324711966 8 8 1 I
45.5094709 8 8 2 I
45.556133071 8 8 3 I
45.55613324 8 8 0 I
45.573059925 8 8 1 I
45.889947279 8 8 2 I
45.926373138 8 8 3 I
45.926373304 8 8 0 I
45.970704373 8 8 1 I
46.068969608 8 8 2 I
46.086191489 8 8 3 I
46.086191622 8 8 0 I
46.131556585 8 8 1 I
46.249595873 8 8 2 I
46.263718697 8 8 3 I
46.263718828 8 8 0 I
46.310791558 8 8 1 I
46.463928047 8 8 2 I
46.510070369 8 8 3 I
46.510070513 8 8 0 I
46.540199839 8 8 1 I
46.695549956 8 8 2 I
46.729674524 8 8 3 I
46.729674687 8 8 0 I
46.750992748 8 8 1 I
46.933191347 8 8 2 I
46.961327442 8 8 3 I
46.961327568 8 8 0 I
46.979451983 8 8 1 I
47.106316206 8 8 2 I
47.130787172 8 8 3 I
47.130787283 8 8 0 I
47.175019737 8 8 1 I
47.267008881 8 8 2 I
47.315477497 8 8 3 I
47.315477693 8 8 0 I
0.000150951 10 10 0 K
0.034824926 10 10 1 K
0.301461918 10 10 2 K
0.341727403 10 10 3 K
0.341727553 10 10 0 K
0.381994433 10 10 1 K
1.007729472 10 10 2 K
1.068172631 10 10 3 K
1.068172868 10 10 0 K
1.108437927 10 10 1 K
1.762620641 10 10 2 K
1.7827727709999999 10 10 3 K
1.7827729209999998 10 10 0 K
1.813093377 10 10 1 K
2.549015551 10 10 2 K
2.594074194 10 10 3 K
2.594074312 10 10 0 K
2.634357994 10 10 1 K
3.11421915 10 10 2 K
3.134348979 10 10 3 K
3.134349118 10 10 0 K
3.174616855 10 10 1 K
3.768531196 10 10 2 K
3.808792474 10 10 3 K
3.80879256 10 10 0 K
3.849054649 10 10 1 K
4.55073017 10 10 2 K
4.5909942919999995 10 10 3 K
4.590994405 10 10 0 K
4.631257957 10 10 1 K
5.275530416 10 10 2 K
5.315799367 10 10 3 K
5.315799729 10 10 0 K
5.356064302 10 10 1 K
6.013059744 10 10 2 K
6.051863575 10 10 3 K
6.051863714 10 10 0 K
6.092125133 10 10 1 K
6.697929597 10 10 2 K
6.718066183 10 10 3 K
6.71806627 10 10 0 K
6.758335547 10 10 1 K
7.35226682 10 10 2 K
7.372400135 10 10 3 K
7.372400214 10 10 0 K
7.412665153 10 10 1 K
8.019330586 10 10 2 K
8.039464785 10 10 3 K
8.039464882 10 10 0 K
8.079729959 10 10 1 K
8.663582813 10 10 2 K
8.713916227 10 10 3 K
8.7139163 10 10 0 K
8.75418185 10 10 1 K
9.350497805 10 10 2 K
9.370619251 10 10 3 K
9.37061937 10 10 0 K
9.430977999 10 10 1 K
10.015298855 10 10 2 K
10.055585938 10 10 3 K
10.055586132 10 10 0 K
10.116012013 10 10 1 K
10.752777847 10 10 2 K
10.772908741 10 10 3 K
10.772908814 10 10 0 K
10.793040488 10 10 1 K
11.468527043 10 10 2 K
11.528923708 10 10 3 K
11.528923797000001 10 10 0 K
11.589322809 10 10 1 K
12.146678331 10 10 2 K
12.186933286 10 10 3 K
12.186933473 10 10 0 K
12.207046436 10 10 1 K
12.871436975 10 10 2 K
12.891577318 10 10 3 K
12.891577398 10 10 0 K
12.952223952 10 10 1 K
13.5561994 10 10 2 K
13.616590924 10 10 3 K
13.616591029 10 10 0 K
13.676986957 10 10 1 K
14.14179434 10 10 2 K
14.182058099 10 10 3 K
14.182058177 10 10 0 K
14.242457574 10 10 1 K
14.857071825 10 10 2 K
14.897332941 10 10 3 K
14.897333019 10 10 0 K
14.937596767 10 10 1 K
15.583340338 10 10 2 K
15.623597315 10 10 3 K
15.623597488 10 10 0 K
15.663864588 10 10 1 K
16.320605233 10 10 2 K
16.360846123 10 10 3 K
16.360846511 10 10 0 K
16.401079237 10 10 1 K
17.065276054 10 10 2 K
17.105536471 10 10 3 K
17.10553656 10 10 0 K
17.175998724 10 10 1 K
17.872337017 10 10 2 K
17.912603406 10 10 3 K
17.912603493 10 10 0 K
17.952876139 10 10 1 K
18.546800634 10 10 2 K
18.566937853 10 10 3 K
18.566938009 10 10 0 K
18.609081252 10 10 1 K
19.142609728 10 10 2 K
19.182876735 10 10 3 K
19.182876817 10 10 0 K
19.263406004 10 10 1 K
19.911003985 10 10 2 K
19.951264158 10 10 3 K
19.951264281 10 10 0 K
20.011664201 10 10 1 K
20.545204009 10 10 2 K
20.605599061 10 10 3 K
20.605599173999998 10 10 0 K
20.625732534 10 10 1 K
21.179404306 10 10 2 K
21.219684543 10 10 3 K
21.219684625 10 10 0 K
21.239826269 10 10 1 K
21.895340081 10 10 2 K
21.955754438 10 10 3 K
21.955754564 10 10 0 K
22.016136125 10 10 1 K
22.519465891 10 10 2 K
22.583063606 10 10 3 K
22.583063795 10 10 0 K
22.633391609 10 10 1 K
23.287746567 10 10 2 K
23.307885534 10 10 3 K
23.307885608 10 10 0 K
23.36826868 10 10 1 K
23.962206028 10 10 2 K
24.022608281 10 10 3 K
24.022608375 10 10 0 K
24.062877564 10 10 1 K
24.577477776 10 10 2 K
24.59761619 10 10 3 K
24.597616289 10 10 0 K
24.637855601 10 10 1 K
25.323473898 10 10 2 K
25.363739759 10 10 3 K
25.363739849 10 10 0 K
25.404004926 10 10 1 K
25.947587356 10 10 2 K
25.96772114 10 10 3 K
25.967721221 10 10 0 K
26.007993632 10 10 1 K
26.534074822 10 10 2 K
26.592806648 10 10 3 K
26.592806804 10 10 0 K
26.614068083 10 10 1 K
27.187853324 10 10 2 K
27.228122376 10 10 3 K
27.228122472 10 10 0 K
27.288515658 10 10 1 K
27.927465314 10 10 2 K
27.947597256 10 10 3 K
27.947597359 10 10 0 K
27.987862209 10 10 1 K
28.732790209 10 10 2 K
28.79313265 10 10 3 K
28.793132746 10 10 0 K
28.813263594 10 10 1 K
29.387131216 10 10 2 K
29.407262871 10 10 3 K
29.407262958 10 10 0 K
29.467659908 10 10 1 K
30.083405113 10 10 2 K
30.123675903 10 10 3 K
30.123676116 10 10 0 K
30.163941967 10 10 1 K
30.80813641 10 10 2 K
30.848403876 10 10 3 K
30.84840396 10 10 0 K
30.888670047 10 10 1 K
31.515529175 10 10 2 K
31.555790135 10 10 3 K
31.555790222 10 10 0 K
31.61619551 10 10 1 K
32.270529935 10 10 2 K
32.351078488 10 10 3 K
32.351078573 10 10 0 K
32.391340176 10 10 1 K
32.91645765 10 10 2 K
32.9466626 10 10 3 K
32.946662685 10 10 0 K
32.986929699 10 10 1 K
33.671459137 10 10 2 K
33.691590846 10 10 3 K
33.691590935 10 10 0 K
33.731855694 10 10 1 K
34.379190527 10 10 2 K
34.399324942 10 10 3 K
34.399325025 10 10 0 K
34.439596094 10 10 1 K
34.983209761 10 10 2 K
35.023482606 10 10 3 K
35.023482745 10 10 0 K
35.063749067 10 10 1 K
35.653261462 10 10 2 K
35.693523655 10 10 3 K
35.693523766 10 10 0 K
35.733787205 10 10 1 K
36.337743211 10 10 2 K
36.38807083 10 10 3 K
36.388070927 10 10 0 K
36.448465237 10 10 1 K
37.031137943 10 10 2 K
37.091534093 10 10 3 K
37.091534189 10 10 0 K
37.131797134 10 10 1 K
37.705534008 10 10 2 K
37.725659373 10 10 3 K
37.725659459 10 10 0 K
37.765925056 10 10 1 K
38.3296634 10 10 2 K
38.390067082 10 10 3 K
38.390067246 10 10 0 K
38.430328223 10 10 1 K
38.89594169 10 10 2 K
38.936195885 10 10 3 K
38.936196043 10 10 0 K
38.956335157 10 10 1 K
39.389197853 10 10 2 K
39.439526561 10 10 3 K
39.43952665 10 10 0 K
39.479790613 10 10 1 K
39.952870453 10 10 2 K
39.993140452 10 10 3 K
39.993140544 10 10 0 K
40.053550943 10 10 1 K
40.473430647 10 10 2 K
40.51367056 10 10 3 K
40.513670697 10 10 0 K
40.533822036 10 10 1 K
40.876067118 10 10 2 K
40.916341893 10 10 3 K
40.916341994 10 10 0 K
40.956613956 10 10 1 K
41.329076453 10 10 2 K
41.379421177 10 10 3 K
41.379421337 10 10 0 K
41.399553415 10 10 1 K
41.842474231 10 10 2 K
41.862609727 10 10 3 K
41.862609856 10 10 0 K
41.902878652 10 10 1 K
42.327140019 10 10 2 K
42.36741318 10 10 3 K
42.367413275 10 10 0 K
42.417750351 10 10 1 K
42.82041107 10 10 2 K
42.860680272 10 10 3 K
42.860680365 10 10 0 K
42.92107173 10 10 1 K
43.253269368 10 10 2 K
43.273412636 10 10 3 K
43.273412919 10 10 0 K
43.293542871 10 10 1 K
43.635799006 10 10 2 K
43.686144523 10 10 3 K
43.686144623 10 10 0 K
43.746546928 10 10 1 K
44.275610264 10 10 2 K
44.336013196 10 10 3 K
44.336013332 10 10 0 K
44.356142302 10 10 1 K
44.76887681 10 10 2 K
44.789008551 10 10 3 K
44.789008651 10 10 0 K
44.809135094 10 10 1 K
45.181601422 10 10 2 K
45.242004276 10 10 3 K
45.242004366 10 10 0 K
45.269118638 10 10 1 K
45.433924376 10 10 2 K
45.479276758 10 10 3 K
45.479276849 10 10 0 K
45.490408635 10 10 1 K
45.797476857 10 10 2 K
45.842729989 10 10 3 K
45.842730136 10 10 0 K
45.892111365 10 10 1 K
46.034433962 10 10 2 K
46.05087513 10 10 3 K
46.050875271 10 10 0 K
46.084062606 10 10 1 K
46.202733429 10 10 2 K
46.232361315 10 10 3 K
46.232361413 10 10 0 K
46.243465584 10 10 1 K
46.389350965 10 10 2 K
46.41354602 10 10 3 K
46.41354611 10 10 0 K
46.438799921 10 10 1 K
46.665327741 10 10 2 K
46.6955495 10 10 3 K
46.695549619 10 10 0 K
46.744798649 10 10 1 K
46.901062611 10 10 2 K
46.933190651 10 10 3 K
46.933190794 10 10 0 K
46.961314522 10 10 1 K
47.089193556 10 10 2 K
47.10631584 10 10 3 K
47.106315963 10 10 0 K
47.12352513 10 10 1 K
47.231382988 10 10 2 K
47.243636934 10 10 3 K
47.243637119 10 10 0 K
47.27917034 10 10 1 K
47.376192703 10 10 2 K
47.395506036 10 10 3 K
47.395506157 10 10 0 K
0.000165812 3 3 0 D
0.02304535 3 3 1 D
0.11020128 3 3 2 D
0.150463006 3 3 3 D
0.150463145 3 3 0 D
0.170595082 3 3 1 D
0.744588098 3 3 2 D
0.784855153 3 3 3 D
0.784855224 3 3 0 D
0.804987609 3 3 1 D
1.48514437 3 3 2 D
1.525422343 3 3 3 D
1.525422427 3 3 0 D
1.5858296539999999 3 3 1 D
2.287283353 3 3 2 D
2.3275551070000002 3 3 3 D
2.327555196 3 3 0 D
2.367823462 3 3 1 D
2.936336099 3 3 2 D
2.963165865 3 3 3 D
2.9631660909999997 3 3 0 D
3.003448448 3 3 1 D
3.557130842 3 3 2 D
3.5973976370000003 3 3 3 D
3.597397715 3 3 0 D
3.657789276 3 3 1 D
4.3091423110000004 3 3 2 D
4.349419206 3 3 3 D
4.349419313 3 3 0 D
4.389686121 3 3 1 D
5.054058914 3 3 2 D
5.094324611 3 3 3 D
5.094324707 3 3 0 D
5.134588146 3 3 1 D
5.798989247 3 3 2 D
5.839220458 3 3 3 D
5.839220589 3 3 0 D
5.8996574299999995 3 3 1 D
6.516788336 3 3 2 D
6.536916046 3 3 3 D
6.536916135 3 3 0 D
6.5972712300000005 3 3 1 D
7.171074852 3 3 2 D
7.2113400930000005 3 3 3 D
7.21134019 3 3 0 D
7.251603687 3 3 1 D
7.858265254 3 3 2 D
7.908600917 3 3 3 D
7.908601008 3 3 0 D
7.92873426 3 3 1 D
8.522662345 3 3 2 D
8.562932277 3 3 3 D
8.562932356 3 3 0 D
8.603198733 3 3 1 D
9.229797356 3 3 2 D
9.270038059 3 3 3 D
9.270038145000001 3 3 0 D
9.330382653000001 3 3 1 D
9.94470389 3 3 2 D
9.985077177 3 3 3 D
9.985077252 3 3 0 D
10.045516503 3 3 1 D
10.692365321 3 3 2 D
10.752776136 3 3 3 D
10.752776373 3 3 0 D
10.772909249 3 3 1 D
11.387995116 3 3 2 D
11.448395374 3 3 3 D
11.448395451 3 3 0 D
11.488656769 3 3 1 D
12.126562296 3 3 2 D
12.146677747 3 3 3 D
12.146677866 3 3 0 D
12.186929115 3 3 1 D
12.753065711 3 3 2 D
12.811025016 3 3 3 D
12.811025224 3 3 0 D
12.873065062 3 3 1 D
13.495854061 3 3 2 D
13.515977051 3 3 3 D
13.515977125 3 3 0 D
13.576328904 3 3 1 D
14.091461801 3 3 2 D
14.111587676 3 3 3 D
14.111587815 3 3 0 D
14.131718855999999 3 3 1 D
14.665205676 3 3 2 D
14.705468799 3 3 3 D
14.705468972 3 3 0 D
14.765866275 3 3 1 D
15.412197955 3 3 2 D
15.452466652 3 3 3 D
15.452466742 3 3 0 D
15.512861726 3 3 1 D
16.09679515 3 3 2 D
16.116943604 3 3 3 D
16.116943798 3 3 0 D
16.139753377 3 3 1 D
16.843788674 3 3 2 D
16.90423912 3 3 3 D
16.90423937 3 3 0 D
16.944505019 3 3 1 D
17.620661455 3 3 2 D
17.640796291 3 3 3 D
17.64079638 3 3 0 D
17.681065907 3 3 1 D
18.305200575 3 3 2 D
18.345465402 3 3 3 D
18.345465504 3 3 0 D
18.365611667 3 3 1 D
18.901011425 3 3 2 D
18.921138194 3 3 3 D
18.921138289 3 3 0 D
18.961404817000002 3 3 1 D
19.575470157 3 3 2 D
19.635872571 3 3 3 D
19.635872672 3 3 0 D
19.676131167 3 3 1 D
20.233134771 3 3 2 D
20.263338199 3 3 3 D
20.263338295 3 3 0 D
20.283471828 3 3 1 D
20.877403176 3 3 2 D
20.897538141 3 3 3 D
20.897538316 3 3 0 D
20.937808686 3 3 1 D
21.602214333 3 3 2 D
21.622350498 3 3 3 D
21.622350639 3 3 0 D
21.662619154 3 3 1 D
22.197343569 3 3 2 D
22.23760463 3 3 3 D
22.237604803 3 3 0 D
22.277873327000002 3 3 1 D
22.854869023 3 3 2 D
22.915260928 3 3 3 D
22.915261025 3 3 0 D
22.955527023 3 3 1 D
23.569612559 3 3 2 D
23.609880512 3 3 3 D
23.609880605 3 3 0 D
23.650131079 3 3 1 D
24.284341087 3 3 2 D
24.304466744 3 3 3 D
24.304466833 3 3 0 D
24.36487256 3 3 1 D
24.879329362 3 3 2 D
24.899466056 3 3 3 D
24.899466148 3 3 0 D
24.939737919 3 3 1 D
25.585205617 3 3 2 D
25.625470532 3 3 3 D
25.625470623 3 3 0 D
25.645601668 3 3 1 D
26.230391859 3 3 2 D
26.270661178 3 3 3 D
26.270661298 3 3 0 D
26.310924567 3 3 1 D
26.885878699 3 3 2 D
26.926126572 3 3 3 D
26.926126663 3 3 0 D
26.98652846 3 3 1 D
27.504646026 3 3 2 D
27.524788223 3 3 3 D
27.524788309 3 3 0 D
27.585208361 3 3 1 D
28.289879172 3 3 2 D
28.350285141 3 3 3 D
28.350285367 3 3 0 D
28.410679851 3 3 1 D
29.024664875 3 3 2 D
29.085066281 3 3 3 D
29.085066398 3 3 0 D
29.105197609 3 3 1 D
29.719316052 3 3 2 D
29.759590918 3 3 3 D
29.759591001 3 3 0 D
29.819973884 3 3 1 D
30.41559465 3 3 2 D
30.47598764 3 3 3 D
30.475987723 3 3 0 D
30.536384749 3 3 1 D
31.102802572 3 3 2 D
31.143063816 3 3 3 D
31.143063906 3 3 0 D
31.203459209 3 3 1 D
31.837679901 3 3 2 D
31.898067626 3 3 3 D
31.898067719 3 3 0 D
31.938330279 3 3 1 D
32.542334323 3 3 2 D
32.562465536 3 3 3 D
32.562465628 3 3 0 D
32.582597018 3 3 1 D
33.198328156 3 3 2 D
33.238593177 3 3 3 D
33.238593264 3 3 0 D
33.278855848 3 3 1 D
33.89598944 3 3 2 D
33.936262025 3 3 3 D
33.936262105 3 3 0 D
33.95639324 3 3 1 D
34.560402011 3 3 2 D
34.580527374 3 3 3 D
34.580527462 3 3 0 D
34.620790869 3 3 1 D
35.164432374 3 3 2 D
35.210299143 3 3 3 D
35.210299246 3 3 0 D
35.250591012 3 3 1 D
35.864600275 3 3 2 D
35.904872221 3 3 3 D
35.90487231 3 3 0 D
35.945127674 3 3 1 D
36.549136225 3 3 2 D
36.58938947 3 3 3 D
36.589389555 3 3 0 D
36.649790342 3 3 1 D
37.252592784 3 3 2 D
37.292861673 3 3 3 D
37.292861767 3 3 0 D
37.333126368 3 3 1 D
37.866600666 3 3 2 D
37.906863247 3 3 3 D
37.906863339 3 3 0 D
37.977328575 3 3 1 D
38.581389999 3 3 2 D
38.601520834 3 3 3 D
38.601520918 3 3 0 D
38.621662569 3 3 1 D
39.077129129 3 3 2 D
39.117393604 3 3 3 D
39.117393684 3 3 0 D
39.137529829 3 3 1 D
39.56032569 3 3 2 D
39.620719318 3 3 3 D
39.620719407 3 3 0 D
39.660984472 3 3 1 D
40.15420799 3 3 2 D
40.194468939 3 3 3 D
40.19446905 3 3 0 D
40.234740828 3 3 1 D
40.584145323 3 3 2 D
40.644553645 3 3 3 D
40.644553743 3 3 0 D
40.684824528 3 3 1 D
41.037146407 3 3 2 D
41.097549008 3 3 3 D
41.097549144 3 3 0 D
41.117682832 3 3 1 D
41.490130055 3 3 2 D
41.560605397 3 3 3 D
41.560605514 3 3 0 D
41.58073531 3 3 1 D
41.993473113 3 3 2 D
42.033757659 3 3 3 D
42.033757945 3 3 0 D
42.075064908 3 3 1 D
42.498271551 3 3 2 D
42.558677339 3 3 3 D
42.558677431 3 3 0 D
42.578813774 3 3 1 D
42.961339841 3 3 2 D
43.021745093 3 3 3 D
43.021745188 3 3 0 D
43.062017823 3 3 1 D
43.384146302 3 3 2 D
43.444542992 3 3 3 D
43.444543096 3 3 0 D
43.464677492 3 3 1 D
43.894063974 3 3 2 D
43.953450595 3 3 3 D
43.953451005 3 3 0 D
43.993743932 3 3 1 D
44.456806111 3 3 2 D
44.47695456 3 3 3 D
44.476954722 3 3 0 D
44.517209948 3 3 1 D
44.950069483 3 3 2 D
44.970206085 3 3 3 D
44.970206171 3 3 0 D
45.010487817 3 3 1 D
45.297391255 3 3 2 D
45.315518443 3 3 3 D
45.315518615 3 3 0 D
45.351192942 3 3 1 D
45.556133689 3 3 2 D
45.613064773 3 3 3 D
45.613065067 3 3 0 D
45.629195289 3 3 1 D
45.926373561 3 3 2 D
45.950579701 3 3 3 D
45.950579938 3 3 0 D
45.982958495 3 3 1 D
46.086192 3 3 2 D
46.122440298 3 3 3 D
46.122440416 3 3 0 D
46.149530154 3 3 1 D
46.263719211 3 3 2 D
46.298019818 3 3 3 D
46.298019942 3 3 0 D
46.313071789 3 3 1 D
46.510070862 3 3 2 D
46.550238616 3 3 3 D
46.550238786 3 3 0 D
46.574474774 3 3 1 D
46.72967507 3 3 2 D
46.74992964 3 3 3 D
46.749929754 3 3 0 D
46.761120891 3 3 1 D
46.961327948 3 3 2 D
46.981594562 3 3 3 D
46.981594681 3 3 0 D
47.02813225 3 3 1 D
47.13078755 3 3 2 D
47.173913122 3 3 3 D
47.173913282 3 3 0 D
47.209252585 3 3 1 D
47.315478025 3 3 2 D
47.344693038 3 3 3 D
47.344693167 3 3 0 D
47.358762923 3 3 1 D
47.42563488 3 3 2 D
47.471062405 3 3 3 D
47.471062591 3 3 0 D
47.5164123 3 3 1 D
47.608295563 3 3 2 D
47.637762999 3 3 3 D
47.637763127 3 3 0 D
0.000205673 0 0 0 A
0.028381804 0 0 1 A
0.200790426 0 0 2 A
0.2410557 0 0 3 A
0.241055777 0 0 0 A
0.301456022 0 0 1 A
0.855318616 0 0 2 A
0.895601347 0 0 3 A
0.895601586 0 0 0 A
0.917070428 0 0 1 A
1.585824105 0 0 2 A
1.606738414 0 0 3 A
1.6067384919999999 0 0 0 A
1.6269370319999998 0 0 1 A
2.408075889 0 0 2 A
2.448344281 0 0 3 A
2.44834436 0 0 0 A
2.488606196 0 0 1 A
3.003450693 0 0 2 A
3.0235924 0 0 3 A
3.023592592 0 0 0 A
3.063881747 0 0 1 A
3.637679981 0 0 2 A
3.657791722 0 0 3 A
3.657791805 0 0 0 A
3.69806836 0 0 1 A
4.349424585 0 0 2 A
4.409827881 0 0 3 A
4.409827963 0 0 0 A
4.450070436 0 0 1 A
5.104390165 0 0 2 A
5.164791513 0 0 3 A
5.16479161 0 0 0 A
5.20506067 0 0 1 A
5.859353111 0 0 2 A
5.879502954 0 0 3 A
5.8795031 0 0 0 A
5.899652493 0 0 1 A
6.476522398 0 0 2 A
6.516787762 0 0 3 A
6.516787846 0 0 0 A
6.557054042 0 0 1 A
7.120737966 0 0 2 A
7.161000375 0 0 3 A
7.161000457 0 0 0 A
7.181135451 0 0 1 A
7.838128771 0 0 2 A
7.858264304 0 0 3 A
7.858264382 0 0 0 A
7.898528941 0 0 1 A
8.492462514 0 0 2 A
8.512594017 0 0 3 A
8.512594101 0 0 0 A
8.552857435 0 0 1 A
9.078909224 0 0 2 A
9.109083475 0 0 3 A
9.10908365 0 0 0 A
9.129203662 0 0 1 A
9.763199747 0 0 2 A
9.78334059 0 0 3 A
9.783340669 0 0 0 A
9.823896795 0 0 1 A
10.420350176 0 0 2 A
10.460624477 0 0 3 A
10.460624565 0 0 0 A
10.521041394000001 0 0 1 A
11.146406532 0 0 2 A
11.206810356 0 0 3 A
11.20681054 0 0 0 A
11.267201315 0 0 1 A
11.945337028 0 0 2 A
11.965469618 0 0 3 A
11.965469701 0 0 0 A
12.005740703 0 0 1 A
12.56913736 0 0 2 A
12.609368754 0 0 3 A
12.609368833 0 0 0 A
12.669858133 0 0 1 A
13.274399743 0 0 2 A
13.314653571000001 0 0 3 A
13.314653665 0 0 0 A
13.334787763 0 0 1 A
13.930404177 0 0 2 A
13.950535243000001 0 0 3 A
13.950535327 0 0 0 A
13.970667329 0 0 1 A
14.453791849 0 0 2 A
14.534332421 0 0 3 A
14.534332707 0 0 0 A
14.554466596 0 0 1 A
15.209397747 0 0 2 A
15.25113383 0 0 3 A
15.251133912 0 0 0 A
15.311529972 0 0 1 A
15.905452727 0 0 2 A
15.965865698 0 0 3 A
15.965865791 0 0 0 A
15.985997232999999 0 0 1 A
16.682752366 0 0 2 A
16.743128707 0 0 3 A
16.743128802 0 0 0 A
16.803521301 0 0 1 A
17.467929824 0 0 2 A
17.530066732 0 0 3 A
17.530066925 0 0 0 A
17.590460911 0 0 1 A
18.194465671 0 0 2 A
18.214602683 0 0 3 A
18.214602774 0 0 0 A
18.254871563000002 0 0 1 A
18.780200733 0 0 2 A
18.800333969 0 0 3 A
18.800334051 0 0 0 A
18.820470675 0 0 1 A
19.464735381 0 0 2 A
19.484870346 0 0 3 A
19.484870422 0 0 0 A
19.505002781 0 0 1 A
20.132471039 0 0 2 A
20.15260276 0 0 3 A
20.152602869 0 0 0 A
20.192868013000002 0 0 1 A
20.806936946 0 0 2 A
20.827067983 0 0 3 A
20.827068098 0 0 0 A
20.867336198 0 0 1 A
21.461270593 0 0 2 A
21.50154332 0 0 3 A
21.501543478 0 0 0 A
21.521676049 0 0 1 A
22.116810524 0 0 2 A
22.136946836 0 0 3 A
22.136946941 0 0 0 A
22.177208408 0 0 1 A
22.703873533 0 0 2 A
22.764267989 0 0 3 A
22.764268077 0 0 0 A
22.824668078 0 0 1 A
23.45887083 0 0 2 A
23.479004614 0 0 3 A
23.479004843 0 0 0 A
23.519265015 0 0 1 A
24.173612829 0 0 2 A
24.213882202 0 0 3 A
24.213882282 0 0 0 A
24.23401623 0 0 1 A
24.778682313 0 0 2 A
24.801065804 0 0 3 A
24.801065932 0 0 0 A
24.840062966 0 0 1 A
25.484523779 0 0 2 A
25.50466187 0 0 3 A
25.504662081 0 0 0 A
25.524792955 0 0 1 A
26.139793481 0 0 2 A
26.159921418 0 0 3 A
26.1599215 0 0 0 A
26.200190757 0 0 1 A
26.754997149 0 0 2 A
26.795266375 0 0 3 A
26.795266528 0 0 0 A
26.83554251 0 0 1 A
27.362133867 0 0 2 A
27.402405937 0 0 3 A
27.402406018 0 0 0 A
27.444226956 0 0 1 A
28.118723568 0 0 2 A
28.179128476 0 0 3 A
28.179128653 0 0 0 A
28.199262768 0 0 1 A
28.8937991 0 0 2 A
28.91392693 0 0 3 A
28.913927018 0 0 0 A
28.974325131 0 0 1 A
29.548194049 0 0 2 A
29.60858766 0 0 3 A
29.608587747 0 0 0 A
29.648852558 0 0 1 A
30.294796498 0 0 2 A
30.335066146 0 0 3 A
30.335066271 0 0 0 A
30.385395109 0 0 1 A
31.042408716 0 0 2 A
31.082676212 0 0 3 A
31.082676305 0 0 0 A
31.102807798 0 0 1 A
31.747069408 0 0 2 A
31.787344453 0 0 3 A
31.787344551 0 0 0 A
31.847749989 0 0 1 A
32.461825496 0 0 2 A
32.502064589 0 0 3 A
32.50206468 0 0 0 A
32.542327751 0 0 1 A
33.127868419 0 0 2 A
33.1882705 0 0 3 A
33.188270610000004 0 0 0 A
33.208400203 0 0 1 A
33.845664151 0 0 2 A
33.885927171 0 0 3 A
33.885927263 0 0 0 A
33.92620104 0 0 1 A
34.530218067 0 0 2 A
34.560401369 0 0 3 A
34.560401443 0 0 0 A
34.620797204 0 0 1 A
35.210299556 0 0 2 A
35.27072793 0 0 3 A
35.270728078 0 0 0 A
35.311014853 0 0 1 A
35.92500229 0 0 2 A
35.96526232 0 0 3 A
35.965262429 0 0 0 A
36.00553916 0 0 1 A
36.599457948 0 0 2 A
36.639722986 0 0 3 A
36.639723122 0 0 0 A
36.679986383 0 0 1 A
37.292862253 0 0 2 A
37.333129469 0 0 3 A
37.333129599 0 0 0 A
37.393523978 0 0 1 A
37.906864277 0 0 2 A
37.947133728 0 0 3 A
37.947133826 0 0 0 A
37.96726169 0 0 1 A
38.561239317 0 0 2 A
38.581389376 0 0 3 A
38.581389464 0 0 0 A
38.621669398 0 0 1 A
39.117401728 0 0 2 A
39.13753747 0 0 3 A
39.137537611 0 0 0 A
39.177804377 0 0 1 A
39.620719771 0 0 2 A
39.681118206 0 0 3 A
39.681118289 0 0 0 A
39.721379651 0 0 1 A
40.194469282 0 0 2 A
40.234737802 0 0 3 A
40.234737893 0 0 0 A
40.302080597 0 0 1 A
40.654612302 0 0 2 A
40.694882755 0 0 3 A
40.694882865 0 0 0 A
40.715018871 0 0 1 A
41.10760579 0 0 2 A
41.14787291 0 0 3 A
41.147873011 0 0 0 A
41.188123994 0 0 1 A
41.560606033 0 0 2 A
41.621015147 0 0 3 A
41.621015258 0 0 0 A
41.681410141 0 0 1 A
42.053883202 0 0 2 A
42.094133518 0 0 3 A
42.094133666 0 0 0 A
42.134421083 0 0 1 A
42.558677829 0 0 2 A
42.598948941 0 0 3 A
42.598949157 0 0 0 A
42.659339018 0 0 1 A
43.021747083 0 0 2 A
43.062018742 0 0 3 A
43.062018853 0 0 0 A
43.102275601 0 0 1 A
43.444543659 0 0 2 A
43.504941562 0 0 3 A
43.504941743 0 0 0 A
43.545198401 0 0 1 A
43.953451531 0 0 2 A
44.013890937 0 0 3 A
44.013891154 0 0 0 A
44.034022831 0 0 1 A
44.4769564 0 0 2 A
44.52727839 0 0 3 A
44.527278473 0 0 0 A
44.587683596 0 0 1 A
44.970206494 0 0 2 A
45.010481343 0 0 3 A
45.010481555 0 0 0 A
45.040688257 0 0 1 A
45.315519308 0 0 2 A
45.347069085 0 0 3 A
45.347069199 0 0 0 A
45.389449437 0 0 1 A
45.61306566 0 0 2 A
45.650417944 0 0 3 A
45.650418075 0 0 0 A
45.668543663 0 0 1 A
45.950580352 0 0 2 A
45.980835701 0 0 3 A
45.980836278 0 0 0 A
46.018552769 0 0 1 A
46.122440832 0 0 2 A
46.155188024 0 0 3 A
46.155188146 0 0 0 A
46.191603653 0 0 1 A
46.298020293 0 0 2 A
46.314139024 0 0 3 A
46.314139132 0 0 0 A
46.341383225 0 0 1 A
46.550239429 0 0 2 A
46.573366793 0 0 3 A
46.573366968 0 0 0 A
46.605823762 0 0 1 A
46.749930183000004 0 0 2 A
46.792041137 0 0 3 A
46.792041273 0 0 0 A
46.821372838 0 0 1 A
46.981595122 0 0 2 A
47.019719153 0 0 3 A
47.019719329 0 0 0 A
47.044971317 0 0 1 A
47.173913701 0 0 2 A
47.2051304 0 0 3 A
47.205130571 0 0 0 A
47.234505164 0 0 1 A
47.344693546 0 0 2 A
47.36202912 0 0 3 A
47.362029304 0 0 0 A
47.377255711 0 0 1 A
47.471062914 0 0 2 A
47.498166688 0 0 3 A
47.498166802 0 0 0 A
47.515345303 0 0 1 A
47.571044367 0 0 2 A
47.608295251 0 0 3 A
47.608295349 0 0 0 A
47.620493655 0 0 1 A
47.677285699 0 0 2 A
47.689447767 0 0 3 A
47.689447914 0 0 0 A
47.731994446 0 0 1 A
47.752450852 0 0 2 A
47.787674018 0 0 3 A
47.787674206 0 0 0 A
47.818025108 0 0 1 A
47.87165524 0 0 2 A
47.887857583 0 0 3 A
47.887857715 0 0 0 A
47.92876502 0 0 1 A
47.92876523 0 0 2 A
47.948403566 0 0 3 A
47.948403793 0 0 0 A
47.974001249 0 0 1 A
48.009462904 0 0 2 A
48.053365042 0 0 3 A
48.053365151 0 0 0 A
48.085108777 0 0 1 A
48.108421141 0 0 2 A
48.122695487 0 0 3 A
48.122695608 0 0 0 A
48.147275695 0 0 1 A
48.166516501 0 0 2 A
48.180934577 0 0 3 A
48.180934681 0 0 0 A
48.229186602 0 0 1 A
48.260867745 0 0 2 A
48.298373115 0 0 3 A
48.298373277 0 0 0 A
48.317617906 0 0 1 A
48.348079335 0 0 2 A
48.377439669 0 0 3 A
48.377439833 0 0 0 A
48.422216815 0 0 1 A
48.46060933 0 0 2 A
48.475098429 0 0 3 A
48.475098577 0 0 0 A
48.498546878 0 0 1 A
48.533949998 0 0 2 A
48.555063827 0 0 3 A
48.555063931 0 0 0 A
48.578583081 0 0 1 A
48.629262895 0 0 2 A
48.642482255 0 0 3 A
48.642482363 0 0 0 A
48.659966279 0 0 1 A
48.687370172 0 0 2 A
48.72911845 0 0 3 A
48.729118585 0 0 0 A
48.74025333 0 0 1 A
48.805758142 0 0 2 A
48.833962278 0 0 3 A
48.833962464 0 0 0 A
0.000183824 12 12 0 M
0.048068556 12 12 1 M
0.371927717 12 12 2 M
0.412196461 12 12 3 M
0.41219655 12 12 0 M
0.452471489 12 12 1 M
1.142189981 12 12 2 M
1.199042484 12 12 3 M
1.199042568 12 12 0 M
1.259579703 12 12 1 M
1.823163415 12 12 2 M
1.883701432 12 12 3 M
1.88370172 12 12 0 M
1.903838252 12 12 1 M
2.654507882 12 12 2 M
2.694770595 12 12 3 M
2.694770679 12 12 0 M
2.755133419 12 12 1 M
3.174616591 12 12 2 M
3.2148838 12 12 3 M
3.214883894 12 12 0 M
3.235015789 12 12 1 M
3.879260702 12 12 2 M
3.919523057 12 12 3 M
3.919523141 12 12 0 M
3.959786843 12 12 1 M
4.651396793 12 12 2 M
4.691667246 12 12 3 M
4.6916674050000005 12 12 0 M
4.711800211 12 12 1 M
5.406403477 12 12 2 M
5.446666533 12 12 3 M
5.446666638 12 12 0 M
5.486933854 12 12 1 M
6.09212661 12 12 2 M
6.132393292 12 12 3 M
6.132393473 12 12 0 M
6.172657059 12 12 1 M
6.7583349550000005 12 12 2 M
6.798603133 12 12 3 M
6.798603226 12 12 0 M
6.858999154 12 12 1 M
7.432793415 12 12 2 M
7.473062543 12 12 3 M
7.473062623 12 12 0 M
7.513326914 12 12 1 M
8.079723731 12 12 2 M
8.10993687 12 12 3 M
8.109936953 12 12 0 M
8.130072009 12 12 1 M
8.754188863 12 12 2 M
8.797248367 12 12 3 M
8.797248451 12 12 0 M
8.837485755 12 12 1 M
9.430978049 12 12 2 M
9.491434493 12 12 3 M
9.491434648 12 12 0 M
9.511569574 12 12 1 M
10.116018158 12 12 2 M
10.156285661 12 12 3 M
10.156285737 12 12 0 M
10.217555762 12 12 1 M
10.843342195 12 12 2 M
10.883615308 12 12 3 M
10.883615387999999 12 12 0 M
10.92388055 12 12 1 M
11.579254199 12 12 2 M
11.623117766 12 12 3 M
11.623117841 12 12 0 M
11.663384287 12 12 1 M
12.217088732 12 12 2 M
12.277443475 12 12 3 M
12.277443569999999 12 12 0 M
12.297561831 12 12 1 M
12.942153316 12 12 2 M
12.962303324 12 12 3 M
12.962303444 12 12 0 M
13.002594353 12 12 1 M
13.656863011 12 12 2 M
13.697121965000001 12 12 3 M
13.697122045 12 12 0 M
13.759264384 12 12 1 M
14.222322845 12 12 2 M
14.252522679 12 12 3 M
14.252522755 12 12 0 M
14.31291529 12 12 1 M
14.917460071 12 12 2 M
14.977858388 12 12 3 M
14.977858468 12 12 0 M
15.018125724 12 12 1 M
15.623600829 12 12 2 M
15.684000274 12 12 3 M
15.684000366 12 12 0 M
15.724263144 12 12 1 M
16.380959721 12 12 2 M
16.421192595 12 12 3 M
16.421192675 12 12 0 M
16.481553445 12 12 1 M
17.105549121 12 12 2 M
17.145801481 12 12 3 M
17.145801561 12 12 0 M
17.165933539 12 12 1 M
17.832065221 12 12 2 M
17.872336503 12 12 3 M
17.872336708 12 12 0 M
17.932740861 12 12 1 M
18.486401042 12 12 2 M
18.546800176 12 12 3 M
18.546800284 12 12 0 M
18.566929294 12 12 1 M
19.011751713 12 12 2 M
19.072126848 12 12 3 M
19.072126926 12 12 0 M
19.092263512 12 12 1 M
19.77014789 12 12 2 M
19.810388621 12 12 3 M
19.810388776 12 12 0 M
19.850632282 12 12 1 M
20.424389639 12 12 2 M
20.464660719 12 12 3 M
20.464660815 12 12 0 M
20.504925527 12 12 1 M
21.048542359 12 12 2 M
21.088809842 12 12 3 M
21.088809996 12 12 0 M
21.149204319 12 12 1 M
21.76327034 12 12 2 M
21.823672244 12 12 3 M
21.823672396 12 12 0 M
21.865131327 12 12 1 M
22.388597259 12 12 2 M
22.428863802 12 12 3 M
22.428863897 12 12 0 M
22.469127723 12 12 1 M
23.05620376 12 12 2 M
23.096476512 12 12 3 M
23.096476604 12 12 0 M
23.136747193 12 12 1 M
23.770944981 12 12 2 M
23.831339567 12 12 3 M
23.831339684 12 12 0 M
23.851473285 12 12 1 M
24.415205583 12 12 2 M
24.455476023 12 12 3 M
24.455476139 12 12 0 M
24.495747402 12 12 1 M
25.070624158 12 12 2 M
25.090757751 12 12 3 M
25.090757836 12 12 0 M
25.110890277 12 12 1 M
25.776460618 12 12 2 M
25.796595206 12 12 3 M
25.796595311 12 12 0 M
25.836858772 12 12 1 M
26.391464199 12 12 2 M
26.431732381 12 12 3 M
26.431732558 12 12 0 M
26.471997241 12 12 1 M
27.067064108 12 12 2 M
27.08719311 12 12 3 M
27.087193189 12 12 0 M
27.147582264 12 12 1 M
27.706004659 12 12 2 M
27.746262759 12 12 3 M
27.746263013 12 12 0 M
27.806659327 12 12 1 M
28.551600915 12 12 2 M
28.611996626 12 12 3 M
28.611996714 12 12 0 M
28.672393764 12 12 1 M
29.256178843 12 12 2 M
29.276311929 12 12 3 M
29.276312017 12 12 0 M
29.316635994 12 12 1 M
29.932402689 12 12 2 M
29.97267012 12 12 3 M
29.972670308 12 12 0 M
29.992806724 12 12 1 M
30.657193162 12 12 2 M
30.717581121 12 12 3 M
30.7175812 12 12 0 M
30.777977169 12 12 1 M
31.394734257 12 12 2 M
31.445070435 12 12 3 M
31.445070527 12 12 0 M
31.505460673 12 12 1 M
32.099406859 12 12 2 M
32.119521187 12 12 3 M
32.119521294 12 12 0 M
32.179924949 12 12 1 M
32.72519323 12 12 2 M
32.765459592 12 12 3 M
32.765459672 12 12 0 M
32.805722751 12 12 1 M
33.4600671 12 12 2 M
33.500340632 12 12 3 M
33.500340812 12 12 0 M
33.523065488 12 12 1 M
34.187928078 12 12 2 M
34.208062082 12 12 3 M
34.208062214 12 12 0 M
34.248323918 12 12 1 M
34.832198836 12 12 2 M
34.892605741 12 12 3 M
34.892606115 12 12 0 M
34.932876003 12 12 1 M
35.47206805 12 12 2 M
35.512332953 12 12 3 M
35.512333056 12 12 0 M
35.53246746 12 12 1 M
36.176663784 12 12 2 M
36.216931594 12 12 3 M
36.216931694 12 12 0 M
36.277336888 12 12 1 M
36.880070472 12 12 2 M
36.940512644 12 12 3 M
36.940512856 12 12 0 M
36.960670845 12 12 1 M
37.57471672 12 12 2 M
37.614982799 12 12 3 M
37.614982914 12 12 0 M
37.655199384 12 12 1 M
38.15853001 12 12 2 M
38.218924167 12 12 3 M
38.218924265 12 12 0 M
38.279334897 12 12 1 M
38.742507044999996 12 12 2 M
38.80534419 12 12 3 M
38.805344374 12 12 0 M
38.845609759 12 12 1 M
39.268401442 12 12 2 M
39.328796467 12 12 3 M
39.328796555 12 12 0 M
39.389192924 12 12 1 M
39.791842596 12 12 2 M
39.822041602 12 12 3 M
39.822041687 12 12 0 M
39.882397672 12 12 1 M
40.356064354 12 12 2 M
40.392775468 12 12 3 M
40.39277562 12 12 0 M
40.453229167 12 12 1 M
40.795539728 12 12 2 M
40.835809804 12 12 3 M
40.835809906 12 12 0 M
40.876067725 12 12 1 M
41.288810157 12 12 2 M
41.308940917 12 12 3 M
41.30894103 12 12 0 M
41.369352651 12 12 1 M
41.751878456 12 12 2 M
41.812269424 12 12 3 M
41.812269526 12 12 0 M
41.832400804 12 12 1 M
42.231064689 12 12 2 M
42.286890333 12 12 3 M
42.286890487 12 12 0 M
42.347277359 12 12 1 M
42.699610281 12 12 2 M
42.760007325 12 12 3 M
42.760007436 12 12 0 M
42.800271331 12 12 1 M
43.152618177 12 12 2 M
43.213013049 12 12 3 M
43.213013142 12 12 0 M
43.253262741 12 12 1 M
43.615677967 12 12 2 M
43.635798189 12 12 3 M
43.635798278 12 12 0 M
43.676066626 12 12 1 M
44.104470342 12 12 2 M
44.164884393 12 12 3 M
44.164884564 12 12 0 M
44.225266462 12 12 1 M
44.607810252 12 12 2 M
44.668205768 12 12 3 M
44.668205925 12 12 0 M
44.728609215 12 12 1 M
45.08095383 12 12 2 M
45.121200105 12 12 3 M
45.121200216 12 12 0 M
45.161469635 12 12 1 M
45.407580269 12 12 2 M
45.418796938 12 12 3 M
45.418797178 12 12 0 M
45.438045969 12 12 1 M
45.690697861 12 12 2 M
45.715821145 12 12 3 M
45.715821299 12 12 0 M
45.735947468 12 12 1 M
45.980836838 12 12 2 M
46.006062671 12 12 3 M
46.006063118 12 12 0 M
46.035496882 12 12 1 M
46.15518847 12 12 2 M
46.173349422 12 12 3 M
46.173349562 12 12 0 M
46.209104458 12 12 1 M
46.327260812 12 12 2 M
46.361224574 12 12 3 M
46.361224751 12 12 0 M
46.402416778 12 12 1 M
46.596605982 12 12 2 M
46.614953368 12 12 3 M
46.614953621 12 12 0 M
46.626063919 12 12 1 M
46.79204157 12 12 2 M
46.831553486 12 12 3 M
46.831553650000004 12 12 0 M
46.86072485 12 12 1 M
47.019719746 12 12 2 M
47.046041512 12 12 3 M
47.046041741 12 12 0 M
47.059123305 12 12 1 M
47.205131002 12 12 2 M
47.231382469 12 12 3 M
47.231382646 12 12 0 M
47.257762213 12 12 1 M
47.362029663 12 12 2 M
47.376192189 12 12 3 M
47.376192405 12 12 0 M
47.395509089 12 12 1 M
47.498167177 12 12 2 M
47.535668945 12 12 3 M
47.53566918 12 12 0 M
47.545780798 12 12 1 M
47.637763618 12 12 2 M
47.654974684 12 12 3 M
47.654974793 12 12 0 M
47.672119108 12 12 1 M
47.689448194 12 12 2 M
47.734172912 12 12 3 M
47.734173048 12 12 0 M
47.752399793 12 12 1 M
47.787674465 12 12 2 M
47.82217461 12 12 3 M
47.822174714 12 12 0 M
47.835380983 12 12 1 M
47.887858015 12 12 2 M
47.899029383 12 12 3 M
47.899029487 12 12 0 M
47.943161195 12 12 1 M
47.948404246 12 12 2 M
47.990239715 12 12 3 M
47.990240061 12 12 0 M
48.011925998 12 12 1 M
48.053365477 12 12 2 M
48.069576675 12 12 3 M
48.069576782 12 12 0 M
48.086183156 12 12 1 M
48.122695926 12 12 2 M
48.141914914 12 12 3 M
48.141915021 12 12 0 M
48.188219593 12 12 1 M
48.188219793 12 12 2 M
48.209446755 12 12 3 M
48.209446885 12 12 0 M
48.252510741 12 12 1 M
48.29837371 12 12 2 M
48.319353265 12 12 3 M
48.319353394 12 12 0 M
48.351272929 12 12 1 M
48.377440155 12 12 2 M
48.420992163 12 12 3 M
48.420992296 12 12 0 M
48.458481749 12 12 1 M
48.475098931 12 12 2 M
48.489745586 12 12 3 M
48.489745699 12 12 0 M
48.517823733 12 12 1 M
48.555064186 12 12 2 M
48.596843741 12 12 3 M
48.59684388 12 12 0 M
48.616059319 12 12 1 M
48.642482613 12 12 2 M
48.662175129 12 12 3 M
48.662175235 12 12 0 M
48.703799996 12 12 1 M
48.729118885 12 12 2 M
48.755386663 12 12 3 M
48.755386793 12 12 0 M
48.768511477 12 12 1 M
48.833962917 12 12 2 M
48.85523163 12 12 3 M
48.855231835 12 12 0 M
48.880675028 12 12 1 M
48.896935796 12 12 2 M
48.920199357 12 12 3 M
48.920199704 12 12 0 M
48.969106965 12 12 1 M
48.969107757 12 12 2 M
48.99729642 12 12 3 M
48.997296871 12 12 0 M
0.000105152 5 5 0 F
0.018910203 5 5 1 F
0.068205974 5 5 2 F
0.110200877 5 5 3 F
0.110200945 5 5 0 F
0.150467292 5 5 1 F
0.664063661 5 5 2 F
0.724455841 5 5 3 F
0.724456022 5 5 0 F
0.784855856 5 5 1 F
1.434787042 5 5 2 F
1.475068338 5 5 3 F
1.475068524 5 5 0 F
1.535481525 5 5 1 F
2.247028418 5 5 2 F
2.287282728 5 5 3 F
2.287282919 5 5 0 F
2.3275580209999998 5 5 1 F
2.906140051 5 5 2 F
2.926270433 5 5 3 F
2.9262705159999998 5 5 0 F
2.963170781 5 5 1 F
3.5269445470000003 5 5 2 F
3.54707428 5 5 3 F
3.547074357 5 5 0 F
3.587341343 5 5 1 F
4.275139759 5 5 2 F
4.299072137 5 5 3 F
4.299072213 5 5 0 F
4.339351356 5 5 1 F
5.00372423 5 5 2 F
5.05405859 5 5 3 F
5.054058658 5 5 0 F
5.074189753 5 5 1 F
5.768788552 5 5 2 F
5.798988782 5 5 3 F
5.798988862 5 5 0 F
5.839214441 5 5 1 F
6.434322141 5 5 2 F
6.476512749 5 5 3 F
6.476512836 5 5 0 F
6.496644286 5 5 1 F
7.070394206 5 5 2 F
7.120737491 5 5 3 F
7.12073765 5 5 0 F
7.16100153 5 5 1 F
7.777732365 5 5 2 F
7.838128215 5 5 3 F
7.838128396 5 5 0 F
7.898522544 5 5 1 F
8.45220062 5 5 2 F
8.492462034 5 5 3 F
8.492462112 5 5 0 F
8.552857821 5 5 1 F
9.129191406 5 5 2 F
9.149310368 5 5 3 F
9.149310441 5 5 0 F
9.189549425 5 5 1 F
9.783340938 5 5 2 F
9.823897065 5 5 3 F
9.823897267 5 5 0 F
9.884283784 5 5 1 F
10.460625137 5 5 2 F
10.500902527000001 5 5 3 F
10.500902713 5 5 0 F
10.54114084 5 5 1 F
11.206812749 5 5 2 F
11.226948743 5 5 3 F
11.226948825 5 5 0 F
11.267208079 5 5 1 F
11.965469945 5 5 2 F
12.005740705 5 5 3 F
12.005740815 5 5 0 F
12.046005613 5 5 1 F
12.619437472 5 5 2 F
12.639557929 5 5 3 F
12.639558019 5 5 0 F
12.679932754 5 5 1 F
13.324727425 5 5 2 F
13.405259041 5 5 3 F
13.405259117 5 5 0 F
13.445525222 5 5 1 F
13.960595122 5 5 2 F
14.000864607 5 5 3 F
14.000864696 5 5 0 F
14.020999131 5 5 1 F
14.584673267 5 5 2 F
14.624930819 5 5 3 F
14.624931237 5 5 0 F
14.685331531 5 5 1 F
15.311522562 5 5 2 F
15.331658758 5 5 3 F
15.331658871 5 5 0 F
15.371923448 5 5 1 F
15.965866232 5 5 2 F
16.018097486 5 5 3 F
16.018097872 5 5 0 F
16.058063224 5 5 1 F
16.743141774 5 5 2 F
16.813587128 5 5 3 F
16.813587201 5 5 0 F
16.833720501 5 5 1 F
17.540131979 5 5 2 F
17.560263507 5 5 3 F
17.560263604 5 5 0 F
17.600530172 5 5 1 F
18.214603063 5 5 2 F
18.254871606 5 5 3 F
18.254871813 5 5 0 F
18.295134627 5 5 1 F
18.800340238 5 5 2 F
18.840610039 5 5 3 F
18.840610126 5 5 0 F
18.880878105 5 5 1 F
19.535200155 5 5 2 F
19.575469831 5 5 3 F
19.575469923 5 5 0 F
19.61573729 5 5 1 F
20.212999746 5 5 2 F
20.233133245 5 5 3 F
20.233133342 5 5 0 F
20.273400012 5 5 1 F
20.84719666 5 5 2 F
20.877402784 5 5 3 F
20.877402881 5 5 0 F
20.897540673 5 5 1 F
21.531760528 5 5 2 F
21.592154175 5 5 3 F
21.592154455 5 5 0 F
21.612287826 5 5 1 F
22.167129651 5 5 2 F
22.197343163 5 5 3 F
22.197343256 5 5 0 F
22.217478256 5 5 1 F
22.804538178 5 5 2 F
22.844809511 5 5 3 F
22.844809599 5 5 0 F
22.885069011 5 5 1 F
23.549475461 5 5 2 F
23.569610172 5 5 3 F
23.569610257 5 5 0 F
23.589743609 5 5 1 F
24.264205508 5 5 2 F
24.284340583 5 5 3 F
24.284340702 5 5 0 F
24.324607677 5 5 1 F
24.818930099 5 5 2 F
24.879324833 5 5 3 F
24.879324943 5 5 0 F
24.939734945 5 5 1 F
25.534859936 5 5 2 F
25.575127018 5 5 3 F
25.575127111 5 5 0 F
25.615395369 5 5 1 F
26.190410436 5 5 2 F
26.230391604 5 5 3 F
26.230391686 5 5 0 F
26.250528145 5 5 1 F
26.865745545 5 5 2 F
26.885878316 5 5 3 F
26.885878398 5 5 0 F
26.946274165 5 5 1 F
27.474436398 5 5 2 F
27.494578066 5 5 3 F
27.494578182 5 5 0 F
27.514717434 5 5 1 F
28.229474234 5 5 2 F
28.289878757 5 5 3 F
28.289878876 5 5 0 F
28.332063201 5 5 1 F
28.964266008 5 5 2 F
29.004541111 5 5 3 F
29.004541251 5 5 0 F
29.044806959 5 5 1 F
29.658924763999998 5 5 2 F
29.719307604 5 5 3 F
29.719307689 5 5 0 F
29.739438211 5 5 1 F
30.35519829 5 5 2 F
30.415594238 5 5 3 F
30.415594327 5 5 0 F
30.455857773 5 5 1 F
31.082676826 5 5 2 F
31.102802219 5 5 3 F
31.102802323 5 5 0 F
31.143071203 5 5 1 F
31.787345537 5 5 2 F
31.827621849 5 5 3 F
31.827622042 5 5 0 F
31.867886151 5 5 1 F
32.502068324 5 5 2 F
32.542333134 5 5 3 F
32.542333304 5 5 0 F
32.592665097 5 5 1 F
33.238593466 5 5 2 F
33.27885275 5 5 3 F
33.278852848 5 5 0 F
33.319121962 5 5 1 F
33.956390731 5 5 2 F
33.996653904 5 5 3 F
33.996653999 5 5 0 F
34.036927705 5 5 1 F
34.580527717 5 5 2 F
34.620788156 5 5 3 F
34.620788254 5 5 0 F
34.640925651 5 5 1 F
35.27072854 5 5 2 F
35.311024291 5 5 3 F
35.311024461 5 5 0 F
35.351297658 5 5 1 F
35.965262958 5 5 2 F
36.005539187 5 5 3 F
36.005539374 5 5 0 F
36.045808631 5 5 1 F
36.639726361 5 5 2 F
36.679991464 5 5 3 F
36.679991552 5 5 0 F
36.700125615 5 5 1 F
37.333129937 5 5 2 F
37.393516309 5 5 3 F
37.393516385 5 5 0 F
37.45391616 5 5 1 F
37.947134351 5 5 2 F
38.007530938 5 5 3 F
38.00753103 5 5 0 F
38.047794848 5 5 1 F
38.621664251 5 5 2 F
38.641807615 5 5 3 F
38.6418077 5 5 0 F
38.682074653 5 5 1 F
39.147605864 5 5 2 F
39.167738142 5 5 3 F
39.167738239 5 5 0 F
39.208005796 5 5 1 F
39.691183026 5 5 2 F
39.751577204 5 5 3 F
39.751577329 5 5 0 F
39.771705333 5 5 1 F
40.23474853 5 5 2 F
40.27502024 5 5 3 F
40.275020343 5 5 0 F
40.326063955 5 5 1 F
40.715024247 5 5 2 F
40.73513191 5 5 3 F
40.735132015 5 5 0 F
40.775400925 5 5 1 F
41.218334449 5 5 2 F
41.258607886 5 5 3 F
41.258608024 5 5 0 F
41.27874203 5 5 1 F
41.661277114 5 5 2 F
41.681409145 5 5 3 F
41.68140928 5 5 0 F
41.731745215 5 5 1 F
42.134420213 5 5 2 F
42.19621599 5 5 3 F
42.196216095 5 5 0 F
42.236505075 5 5 1 F
42.639204545 5 5 2 F
42.659338042 5 5 3 F
42.659338143 5 5 0 F
42.699604371 5 5 1 F
43.0620198 5 5 2 F
43.112352754 5 5 3 F
43.112352828 5 5 0 F
43.15262177 5 5 1 F
43.504944549 5 5 2 F
43.545200582 5 5 3 F
43.54520067 5 5 0 F
43.605597544 5 5 1 F
44.01389186 5 5 2 F
44.05414263 5 5 3 F
44.054142745 5 5 0 F
44.094410306 5 5 1 F
44.527279024 5 5 2 F
44.567544359 5 5 3 F
44.567544489 5 5 0 F
44.627942563 5 5 1 F
45.040684495 5 5 2 F
45.080953369 5 5 3 F
45.080953468 5 5 0 F
45.121201532 5 5 1 F
45.375323604 5 5 2 F
45.407579526 5 5 3 F
45.407579616 5 5 0 F
45.439121212 5 5 1 F
45.71582166 5 5 2 F
45.762352341 5 5 3 F
45.762352436 5 5 0 F
45.803604289 5 5 1 F
46.023315746 5 5 2 F
46.034433338 5 5 3 F
46.034433437 5 5 0 F
46.048628465 5 5 1 F
46.173349923 5 5 2 F
46.186478379 5 5 3 F
46.186478479 5 5 0 F
46.204854897 5 5 1 F
46.314139731 5 5 2 F
46.327260347 5 5 3 F
46.327260435 5 5 0 F
46.343516037 5 5 1 F
46.573367415999996 5 5 2 F
46.596605553 5 5 3 F
46.596605697 5 5 0 F
46.644192678 5 5 1 F
46.831553929 5 5 2 F
46.872606548 5 5 3 F
46.87260668 5 5 0 F
46.884978258 5 5 1 F
47.04604208 5 5 2 F
47.089192911 5 5 3 F
47.089193006 5 5 0 F
47.128654655 5 5 1 F
47.243637492 5 5 2 F
47.267008011 5 5 3 F
47.267008208 5 5 0 F
47.284301322 5 5 1 F
47.395506381 5 5 2 F
47.425634534 5 5 3 F
47.425634632 5 5 0 F
47.468853551 5 5 1 F
47.535669403 5 5 2 F
47.57104378 5 5 3 F
47.571043968 5 5 0 F
47.597169514 5 5 1 F
47.654975013 5 5 2 F
47.677285288 5 5 3 F
47.677285413 5 5 0 F
47.724835773 5 5 1 F
47.734173336 5 5 2 F
47.752450337 5 5 3 F
47.752450491 5 5 0 F
47.78886633 5 5 1 F
47.822174952 5 5 2 F
47.87165482 5 5 3 F
47.871654944 5 5 0 F
47.887859437 5 5 1 F
47.899029623 5 5 2 F
47.919290102 5 5 3 F
47.919290207 5 5 0 F
47.964665351 5 5 1 F
47.990240526 5 5 2 F
48.009462469 5 5 3 F
48.009462626 5 5 0 F
48.030110627 5 5 1 F
48.069577 5 5 2 F
48.108420766 5 5 3 F
48.108420874 5 5 0 F
48.121546581 5 5 1 F
48.14191526 5 5 2 F
48.166516148 5 5 3 F
48.166516257 5 5 0 F
48.216861587 5 5 1 F
48.216861914 5 5 2 F
48.260866532 5 5 3 F
48.260866855 5 5 0 F
48.272117017 5 5 1 F
48.319353649 5 5 2 F
48.348078937 5 5 3 F
48.34807905 5 5 0 F
48.388844761 5 5 1 F
48.420992553 5 5 2 F
48.4606089 5 5 3 F
48.460609019 5 5 0 F
48.472840488 5 5 1 F
48.489745877 5 5 2 F
48.533949688999996 5 5 3 F
48.533949782 5 5 0 F
48.567301256 5 5 1 F
48.596844114 5 5 2 F
48.629262488 5 5 3 F
48.629262614 5 5 0 F
48.653731974 5 5 1 F
48.662175403 5 5 2 F
48.687369789 5 5 3 F
48.687369916 5 5 0 F
48.716869108 5 5 1 F
48.755386957 5 5 2 F
48.805757707 5 5 3 F
48.805757866 5 5 0 F
48.853104801 5 5 1 F
48.855231919 5 5 2 F
48.896935352 5 5 3 F
48.896935514 5 5 0 F
48.931546759 5 5 1 F
48.931547252 5 5 2 F
48.952819433 5 5 3 F
48.952819841 5 5 0 F
49.002522995 5 5 1 F
49.002523936 5 5 2 F
49.050804492 5 5 3 F
49.05080492 5 5 0 F
-1 15 15 4 LocalSection;EntryProtocol;CriticalSection;ExitProtocol;maxTicket=1082;