 0.006191625  8  8  0  I
 0.044113780  8  8  1  I
 0.376096049  8  8  2  I
 0.420980476  8  8  3  I
 0.420981478  8  8  0  I
 0.445339128  8  8  1  I
 0.916093846  8  8  2  I
 0.951245207  8  8  3  I
 0.951246087  8  8  0  I
 0.981099818  8  8  1  I
 1.477345973  8  8  2  I
 1.507560808  8  8  3  I
 1.507561738  8  8  0  I
 1.554212621  8  8  1  I
 2.102102419  8  8  2  I
 2.116753587  8  8  3  I
 2.116754520  8  8  0  I
 2.149868086  8  8  1  I
 2.566918142  8  8  2  I
 2.594818274  8  8  3  I
 2.594819168  8  8  0  I
 2.619157829  8  8  1  I
 3.139827955  8  8  2  I
 3.166169777  8  8  3  I
 3.166170699  8  8  0  I
 3.205800193  8  8  1  I
 3.680093523  8  8  2  I
 3.697597290  8  8  3  I
 3.697598165  8  8  0  I
 3.744107462  8  8  1  I
 4.222473143  8  8  2  I
 4.248098080  8  8  3  I
 4.248098990  8  8  0  I
 4.289105979  8  8  1  I
 4.698098287  8  8  2  I
 4.728096060  8  8  3  I
 4.728097145  8  8  0  I
 4.756108536  8  8  1  I
 5.248268962  8  8  2  I
 5.288412382  8  8  3  I
 5.288413389  8  8  0  I
 5.307401718  8  8  1  I
 5.786698583  8  8  2  I
 5.817588979  8  8  3  I
 5.817589976  8  8  0  I
 5.857804340  8  8  1  I
 6.285516177  8  8  2  I
 6.337381291  8  8  3  I
 6.337382368  8  8  0  I
 6.349074217  8  8  1  I
 6.776591989  8  8  2  I
 6.824810127  8  8  3  I
 6.824811199  8  8  0  I
 0.006402245  10  10  0  K
 0.051096480  10  10  1  K
 0.500118640  10  10  2  K
 0.541663902  10  10  3  K
 0.541665121  10  10  0  K
 0.562281646  10  10  1  K
 1.017094794  10  10  2  K
 1.056099480  10  10  3  K
 1.056099998  10  10  0  K
 1.099784366  10  10  1  K
 1.554107148  10  10  2  K
 1.599113997  10  10  3  K
 1.599115784  10  10  0  K
 1.634127900  10  10  1  K
 2.175095175  10  10  2  K
 2.229126834  10  10  3  K
 2.229129441  10  10  0  K
 2.248644815  10  10  1  K
 2.685117359  10  10  2  K
 2.730682700  10  10  3  K
 2.730683715  10  10  0  K
 2.768264317  10  10  1  K
 3.219278459  10  10  2  K
 3.244137223  10  10  3  K
 3.244138881  10  10  0  K
 3.258325791  10  10  1  K
 3.789226348  10  10  2  K
 3.815102283  10  10  3  K
 3.815103271  10  10  0  K
 3.833309521  10  10  1  K
 4.327639063  10  10  2  K
 4.358330616  10  10  3  K
 4.358331672  10  10  0  K
 4.400101626  10  10  1  K
 4.787107323  10  10  2  K
 4.813102256  10  10  3  K
 4.813102779  10  10  0  K
 4.855808793  10  10  1  K
 5.367098080  10  10  2  K
 5.396271744  10  10  3  K
 5.396272750  10  10  0  K
 5.411068160  10  10  1  K
 5.829114356  10  10  2  K
 5.844403503  10  10  3  K
 5.844404228  10  10  0  K
 5.867309344  10  10  1  K
 6.337391920  10  10  2  K
 6.359527512  10  10  3  K
 6.359528830  10  10  0  K
 6.371615756  10  10  1  K
 6.824811563  10  10  2  K
 6.864102241  10  10  3  K
 6.864103058  10  10  0  K
 6.912109719  10  10  1  K
 7.318372671  10  10  2  K
 7.346101334  10  10  3  K
 7.346102320  10  10  0  K
 0.006118233  7  7  0  H
 0.037112513  7  7  1  H
 0.292705956  7  7  2  H
 0.329066383  7  7  3  H
 0.329066751  7  7  0  H
 0.380092609  7  7  1  H
 0.847106370  7  7  2  H
 0.876272920  7  7  3  H
 0.876274117  7  7  0  H
 0.911644195  7  7  1  H
 1.404662126  7  7  2  H
 1.429192296  7  7  3  H
 1.429193217  7  7  0  H
 1.447615274  7  7  1  H
 2.003094952  7  7  2  H
 2.051939475  7  7  3  H
 2.051940372  7  7  0  H
 2.077474857  7  7  1  H
 2.515235266  7  7  2  H
 2.546959300  7  7  3  H
 2.546960648  7  7  0  H
 2.583526308  7  7  1  H
 3.031701377  7  7  2  H
 3.093099069  7  7  3  H
 3.093100077  7  7  0  H
 3.112562579  7  7  1  H
 3.590095041  7  7  2  H
 3.616003487  7  7  3  H
 3.616004426  7  7  0  H
 3.649344502  7  7  1  H
 4.133097468  7  7  2  H
 4.177102371  7  7  3  H
 4.177103147  7  7  0  H
 4.217108133  7  7  1  H
 4.620096217  7  7  2  H
 4.667682618  7  7  3  H
 4.667683586  7  7  0  H
 4.690071483  7  7  1  H
 5.177093863  7  7  2  H
 5.211059270  7  7  3  H
 5.211060189  7  7  0  H
 5.249856828  7  7  1  H
 5.726119531  7  7  2  H
 5.740645038  7  7  3  H
 5.740645684  7  7  0  H
 5.763495972  7  7  1  H
 6.163465627  7  7  2  H
 6.210101880  7  7  3  H
 6.210102814  7  7  0  H
 6.255060254  7  7  1  H
 6.692115435  7  7  2  H
 6.723099555  7  7  3  H
 6.723100378  7  7  0  H
 6.773120600  7  7  1  H
 7.274098522  7  7  2  H
 7.296755659  7  7  3  H
 7.296756628  7  7  0  H
 7.333511184  7  7  1  H
 7.731101591  7  7  2  H
 7.757802720  7  7  3  H
 7.757803941  7  7  0  H
 0.006769331  13  13  0  N
 0.028728290  13  13  1  N
 0.223048488  13  13  2  N
 0.248833470  13  13  3  N
 0.248833817  13  13  0  N
 0.271395376  13  13  1  N
 0.785511855  13  13  2  N
 0.804250500  13  13  3  N
 0.804251873  13  13  0  N
 0.814973935  13  13  1  N
 1.255578800  13  13  2  N
 1.308098084  13  13  3  N
 1.308099260  13  13  0  N
 1.338102105  13  13  1  N
 1.868097252  13  13  2  N
 1.917283401  13  13  3  N
 1.917284280  13  13  0  N
 1.945737299  13  13  1  N
 2.412423042  13  13  2  N
 2.463101342  13  13  3  N
 2.463102253  13  13  0  N
 2.473877925  13  13  1  N
 2.911761751  13  13  2  N
 2.925126167  13  13  3  N
 2.925127164  13  13  0  N
 2.948893968  13  13  1  N
 3.462838857  13  13  2  N
 3.510458913  13  13  3  N
 3.510459965  13  13  0  N
 3.542017604  13  13  1  N
 4.010597963  13  13  2  N
 4.044162560  13  13  3  N
 4.044165792  13  13  0  N
 4.093465442  13  13  1  N
 4.560747179  13  13  2  N
 4.578977926  13  13  3  N
 4.578978968  13  13  0  N
 4.614109090  13  13  1  N
 5.035261371  13  13  2  N
 5.084553315  13  13  3  N
 5.084554180  13  13  0  N
 5.120114000  13  13  1  N
 5.626560111  13  13  2  N
 5.664094570  13  13  3  N
 5.664095497  13  13  0  N
 5.700444410  13  13  1  N
 6.058942172  13  13  2  N
 6.087169730  13  13  3  N
 6.087170739  13  13  0  N
 6.135288860  13  13  1  N
 6.571116190  13  13  2  N
 6.618128079  13  13  3  N
 6.618128989  13  13  0  N
 6.660221311  13  13  1  N
 7.145155773  13  13  2  N
 7.175102552  13  13  3  N
 7.175103287  13  13  0  N
 7.209076810  13  13  1  N
 7.540150656  13  13  2  N
 7.589150081  13  13  3  N
 7.589152997  13  13  0  N
 7.607272749  13  13  1  N
 7.971139674  13  13  2  N
 7.988792107  13  13  3  N
 7.988793346  13  13  0  N
 0.006837150  14  14  0  O
 0.018772319  14  14  1  O
 0.018774402  14  14  2  O
 0.058133302  14  14  3  O
 0.058133675  14  14  0  O
 0.102833058  14  14  1  O
 0.564109582  14  14  2  O
 0.595330158  14  14  3  O
 0.595331021  14  14  0  O
 0.635827781  14  14  1  O
 1.091531223  14  14  2  O
 1.130552365  14  14  3  O
 1.130552925  14  14  0  O
 1.169400021  14  14  1  O
 1.631507117  14  14  2  O
 1.668098856  14  14  3  O
 1.668099851  14  14  0  O
 1.711029304  14  14  1  O
 2.265319568  14  14  2  O
 2.288118549  14  14  3  O
 2.288119549  14  14  0  O
 2.312832374  14  14  1  O
 2.762099372  14  14  2  O
 2.794166374  14  14  3  O
 2.794167105  14  14  0  O
 2.838026060  14  14  1  O
 3.295092888  14  14  2  O
 3.333724588  14  14  3  O
 3.333725478  14  14  0  O
 3.367556875  14  14  1  O
 3.841097829  14  14  2  O
 3.869805338  14  14  3  O
 3.869805902  14  14  0  O
 3.885443844  14  14  1  O
 4.382185484  14  14  2  O
 4.410399197  14  14  3  O
 4.410403404  14  14  0  O
 4.451469179  14  14  1  O
 4.824851935  14  14  2  O
 4.880101301  14  14  3  O
 4.880102318  14  14  0  O
 4.908069400  14  14  1  O
 5.416119362  14  14  2  O
 5.465801340  14  14  3  O
 5.465804523  14  14  0  O
 5.482423689  14  14  1  O
 5.891607516  14  14  2  O
 5.935416236  14  14  3  O
 5.935417137  14  14  0  O
 5.973321936  14  14  1  O
 6.396448034  14  14  2  O
 6.423602115  14  14  3  O
 6.423603169  14  14  0  O
 6.459924560  14  14  1  O
 6.941690973  14  14  2  O
 6.989788333  14  14  3  O
 6.989790275  14  14  0  O
 7.039053418  14  14  1  O
 7.381701138  14  14  2  O
 7.397095542  14  14  3  O
 7.397096541  14  14  0  O
 7.411223704  14  14  1  O
 7.818897023  14  14  2  O
 7.836162439  14  14  3  O
 7.836163470  14  14  0  O
 7.854306502  14  14  1  O
 8.196257825  14  14  2  O
 8.236633007  14  14  3  O
 8.236633888  14  14  0  O
 0.005565004  2  2  0  C
 0.038767751  2  2  1  C
 0.329231463  2  2  2  C
 0.375467452  2  2  3  C
 0.375468446  2  2  0  C
 0.421155421  2  2  1  C
 0.876558292  2  2  2  C
 0.914817751  2  2  3  C
 0.914819281  2  2  0  C
 0.932261235  2  2  1  C
 1.431111094  2  2  2  C
 1.467489659  2  2  3  C
 1.467490785  2  2  0  C
 1.487207101  2  2  1  C
 2.051941152  2  2  2  C
 2.101137433  2  2  3  C
 2.101138401  2  2  0  C
 2.135915072  2  2  1  C
 2.553134733  2  2  2  C
 2.566916472  2  2  3  C
 2.566917333  2  2  0  C
 2.585111137  2  2  1  C
 3.093311704  2  2  2  C
 3.138102058  2  2  3  C
 3.138102978  2  2  0  C
 3.168213573  2  2  1  C
 3.616005178  2  2  2  C
 3.671252877  2  2  3  C
 3.671253897  2  2  0  C
 3.700654359  2  2  1  C
 4.177103845  2  2  2  C
 4.216821276  2  2  3  C
 4.216822221  2  2  0  C
 4.258910434  2  2  1  C
 4.669883902  2  2  2  C
 4.689725407  2  2  3  C
 4.689726348  2  2  0  C
 4.720099000  2  2  1  C
 5.214109797  2  2  2  C
 5.248266521  2  2  3  C
 5.248267935  2  2  0  C
 5.269545146  2  2  1  C
 5.740646949  2  2  2  C
 5.784113592  2  2  3  C
 5.784114581  2  2  0  C
 5.813405236  2  2  1  C
 6.210103581  2  2  2  C
 6.257829999  2  2  3  C
 6.257830758  2  2  0  C
 6.277182786  2  2  1  C
 6.723101129  2  2  2  C
 6.746080967  2  2  3  C
 6.746081783  2  2  0  C
 6.765161411  2  2  1  C
 7.251105060  2  2  2  C
 7.269102477  2  2  3  C
 7.269103415  2  2  0  C
 7.289094617  2  2  1  C
 7.624382496  2  2  2  C
 7.673200192  2  2  3  C
 7.673200501  2  2  0  C
 7.683544224  2  2  1  C
 8.036713139  2  2  2  C
 8.074891167  2  2  3  C
 8.074892627  2  2  0  C
 8.108061752  2  2  1  C
 8.418107534  2  2  2  C
 8.451101807  2  2  3  C
 8.451102734  2  2  0  C
 0.005432748  1  1  0  B
 0.028469469  1  1  1  B
 0.183931394  1  1  2  B
 0.223046633  1  1  3  B
 0.223047651  1  1  0  B
 0.268759193  1  1  1  B
 0.754572264  1  1  2  B
 0.782487882  1  1  3  B
 0.782488831  1  1  0  B
 0.827418407  1  1  1  B
 1.316093476  1  1  2  B
 1.351093507  1  1  3  B
 1.351094296  1  1  0  B
 1.367782689  1  1  1  B
 1.922093877  1  1  2  B
 1.964952969  1  1  3  B
 1.964953871  1  1  0  B
 2.015033526  1  1  1  B
 2.465110541  1  1  2  B
 2.488913964  1  1  3  B
 2.488914814  1  1  0  B
 2.504078006  1  1  1  B
 2.925138060  1  1  2  B
 2.984382338  1  1  3  B
 2.984383285  1  1  0  B
 3.028874118  1  1  1  B
 3.514123929  1  1  2  B
 3.539103562  1  1  3  B
 3.539104749  1  1  0  B
 3.583021400  1  1  1  B
 4.044194720  1  1  2  B
 4.080143199  1  1  3  B
 4.080144007  1  1  0  B
 4.118754782  1  1  1  B
 4.578979623  1  1  2  B
 4.601095247  1  1  3  B
 4.601095949  1  1  0  B
 4.649155160  1  1  1  B
 5.084554945  1  1  2  B
 5.127417822  1  1  3  B
 5.127418643  1  1  0  B
 5.151095883  1  1  1  B
 5.664096167  1  1  2  B
 5.701419392  1  1  3  B
 5.701419865  1  1  0  B
 5.732188306  1  1  1  B
 6.087171075  1  1  2  B
 6.140591372  1  1  3  B
 6.140594580  1  1  0  B
 6.185543571  1  1  1  B
 6.618129942  1  1  2  B
 6.660134858  1  1  3  B
 6.660136000  1  1  0  B
 6.705193748  1  1  1  B
 7.175103595  1  1  2  B
 7.208145945  1  1  3  B
 7.208146909  1  1  0  B
 7.236110872  1  1  1  B
 7.589156713  1  1  2  B
 7.624380469  1  1  3  B
 7.624381265  1  1  0  B
 7.672723387  1  1  1  B
 7.988794009  1  1  2  B
 8.036603996  1  1  3  B
 8.036604615  1  1  0  B
 8.055774706  1  1  1  B
 8.380735363  1  1  2  B
 8.418105644  1  1  3  B
 8.418106448  1  1  0  B
 8.463272616  1  1  1  B
 8.715103196  1  1  2  B
 8.750102179  1  1  3  B
 8.750103077  1  1  0  B
 0.005808955  4  4  0  E
 0.061095035  4  4  1  E
 0.544700652  4  4  2  E
 0.564108621  4  4  3  E
 0.564108879  4  4  0  E
 0.609604846  4  4  1  E
 1.056100580  4  4  2  E
 1.088101238  4  4  3  E
 1.088101989  4  4  0  E
 1.122094147  4  4  1  E
 1.599260831  4  4  2  E
 1.631504804  4  4  3  E
 1.631506212  4  4  0  E
 1.645436317  4  4  1  E
 2.229516627  4  4  2  E
 2.265312870  4  4  3  E
 2.265318176  4  4  0  E
 2.295537708  4  4  1  E
 2.732096440  4  4  2  E
 2.761537453  4  4  3  E
 2.761538520  4  4  0  E
 2.809722184  4  4  1  E
 3.244160533  4  4  2  E
 3.291137604  4  4  3  E
 3.291138750  4  4  0  E
 3.312104449  4  4  1  E
 3.816120019  4  4  2  E
 3.841095920  4  4  3  E
 3.841097031  4  4  0  E
 3.867487762  4  4  1  E
 4.358340263  4  4  2  E
 4.379134046  4  4  3  E
 4.379134803  4  4  0  E
 4.426003286  4  4  1  E
 4.814096703  4  4  2  E
 4.824841856  4  4  3  E
 4.824842739  4  4  0  E
 4.868432476  4  4  1  E
 5.396273575  4  4  2  E
 5.416116394  4  4  3  E
 5.416119066  4  4  0  E
 5.459135227  4  4  1  E
 5.876025034  4  4  2  E
 5.890368726  4  4  3  E
 5.890369782  4  4  0  E
 5.923037924  4  4  1  E
 6.378265590  4  4  2  E
 6.396446191  4  4  3  E
 6.396446823  4  4  0  E
 6.417706036  4  4  1  E
 6.864103866  4  4  2  E
 6.892105928  4  4  3  E
 6.892107099  4  4  0  E
 6.919159150  4  4  1  E
 7.346103019  4  4  2  E
 7.366115680  4  4  3  E
 7.366117303  4  4  0  E
 7.386022647  4  4  1  E
 7.761098998  4  4  2  E
 7.791106812  4  4  3  E
 7.791108160  4  4  0  E
 7.815898206  4  4  1  E
 8.146482425  4  4  2  E
 8.177399813  4  4  3  E
 8.177400656  4  4  0  E
 8.195489555  4  4  1  E
 8.520169854  4  4  2  E
 8.565101676  4  4  3  E
 8.565102582  4  4  0  E
 8.592937753  4  4  1  E
 8.811099824  4  4  2  E
 8.847108890  4  4  3  E
 8.847109767  4  4  0  E
 0.006016795  6  6  0  G
 0.019579660  6  6  1  G
 0.090098751  6  6  2  G
 0.119093197  6  6  3  G
 0.119094228  6  6  0  G
 0.143981262  6  6  1  G
 0.637339659  6  6  2  G
 0.674098752  6  6  3  G
 0.674100243  6  6  0  G
 0.718427062  6  6  1  G
 1.160097501  6  6  2  G
 1.186740896  6  6  3  G
 1.186741822  6  6  0  G
 1.199861162  6  6  1  G
 1.717099984  6  6  2  G
 1.748068465  6  6  3  G
 1.748070657  6  6  0  G
 1.771163955  6  6  1  G
 2.312111470  6  6  2  G
 2.350641596  6  6  3  G
 2.350642654  6  6  0  G
 2.379109535  6  6  1  G
 2.821130872  6  6  2  G
 2.868105481  6  6  3  G
 2.868106361  6  6  0  G
 2.903444875  6  6  1  G
 3.349260070  6  6  2  G
 3.392103852  6  6  3  G
 3.392104762  6  6  0  G
 3.414888847  6  6  1  G
 3.893123468  6  6  2  G
 3.933188731  6  6  3  G
 3.933189620  6  6  0  G
 3.973225688  6  6  1  G
 4.465112223  6  6  2  G
 4.499941359  6  6  3  G
 4.499942608  6  6  0  G
 4.539200139  6  6  1  G
 4.938842613  6  6  2  G
 4.964363757  6  6  3  G
 4.964364573  6  6  0  G
 4.981380831  6  6  1  G
 5.514094694  6  6  2  G
 5.559188488  6  6  3  G
 5.559189564  6  6  0  G
 5.582954606  6  6  1  G
 5.967682038  6  6  2  G
 6.006509629  6  6  3  G
 6.006510679  6  6  0  G
 6.044016241  6  6  1  G
 6.454433092  6  6  2  G
 6.485241837  6  6  3  G
 6.485242830  6  6  0  G
 6.505099499  6  6  1  G
 7.044104294  6  6  2  G
 7.094302206  6  6  3  G
 7.094303089  6  6  0  G
 7.139303882  6  6  1  G
 7.441543650  6  6  2  G
 7.477335867  6  6  3  G
 7.477336883  6  6  0  G
 7.501788413  6  6  1  G
 7.887102688  6  6  2  G
 7.912106840  6  6  3  G
 7.912107989  6  6  0  G
 7.938331494  6  6  1  G
 8.263680082  6  6  2  G
 8.289975653  6  6  3  G
 8.289977353  6  6  0  G
 8.322413738  6  6  1  G
 8.594985269  6  6  2  G
 8.635733858  6  6  3  G
 8.635735002  6  6  0  G
 8.672659229  6  6  1  G
 8.890719473  6  6  2  G
 8.900851822  6  6  3  G
 8.900852773  6  6  0  G
 8.944248770  6  6  1  G
 9.092713784  6  6  2  G
 9.113039077  6  6  3  G
 9.113039586  6  6  0  G
 0.006280172  9  9  0  J
 0.025041786  9  9  1  J
 0.163974898  9  9  2  J
 0.183929802  9  9  3  J
 0.183930447  9  9  0  J
 0.232532242  9  9  1  J
 0.724115895  9  9  2  J
 0.754570753  9  9  3  J
 0.754571611  9  9  0  J
 0.770403605  9  9  1  J
 1.224105003  9  9  2  J
 1.255577499  9  9  3  J
 1.255578495  9  9  0  J
 1.275092837  9  9  1  J
 1.808107331  9  9  2  J
 1.868095999  9  9  3  J
 1.868096856  9  9  0  J
 1.892494036  9  9  1  J
 2.399101394  9  9  2  J
 2.412414606  9  9  3  J
 2.412415352  9  9  0  J
 2.451649275  9  9  1  J
 2.883885892  9  9  2  J
 2.911751660  9  9  3  J
 2.911752600  9  9  0  J
 2.942483951  9  9  1  J
 3.434200239  9  9  2  J
 3.462837627  9  9  3  J
 3.462838508  9  9  0  J
 3.484505167  9  9  1  J
 3.962860652  9  9  2  J
 4.010597073  9  9  3  J
 4.010597389  9  9  0  J
 4.059713735  9  9  1  J
 4.514977592  9  9  2  J
 4.559259925  9  9  3  J
 4.559261727  9  9  0  J
 4.594427905  9  9  1  J
 4.998100027  9  9  2  J
 5.031168893  9  9  3  J
 5.031169687  9  9  0  J
 5.074887233  9  9  1  J
 5.607126400  9  9  2  J
 5.626555998  9  9  3  J
 5.626559797  9  9  0  J
 5.639699957  9  9  1  J
 6.010123319  9  9  2  J
 6.028781118  9  9  3  J
 6.028782046  9  9  0  J
 6.071112314  9  9  1  J
 6.488165375  9  9  2  J
 6.522535157  9  9  3  J
 6.522535970  9  9  0  J
 6.539107501  9  9  1  J
 7.094303922  9  9  2  J
 7.107975205  9  9  3  J
 7.107976398  9  9  0  J
 7.139541870  9  9  1  J
 7.479385131  9  9  2  J
 7.519106872  9  9  3  J
 7.519107982  9  9  0  J
 7.531276939  9  9  1  J
 7.913100663  9  9  2  J
 7.957611642  9  9  3  J
 7.957612650  9  9  0  J
 7.978356499  9  9  1  J
 8.290227097  9  9  2  J
 8.337068951  9  9  3  J
 8.337069883  9  9  0  J
 8.384878503  9  9  1  J
 8.635735779  9  9  2  J
 8.665105681  9  9  3  J
 8.665106464  9  9  0  J
 8.681542776  9  9  1  J
 8.900853389  9  9  2  J
 8.924947403  9  9  3  J
 8.924948524  9  9  0  J
 8.944054411  9  9  1  J
 9.065605303  9  9  2  J
 9.092711958  9  9  3  J
 9.092713080  9  9  0  J
 9.126009282  9  9  1  J
 9.281900665  9  9  2  J
 9.292081471  9  9  3  J
 9.292082242  9  9  0  J
 0.005331097  0  0  0  A
 0.033386195  0  0  1  A
 0.249766756  0  0  2  A
 0.292704874  0  0  3  A
 0.292705342  0  0  0  A
 0.337026797  0  0  1  A
 0.804260865  0  0  2  A
 0.847104501  0  0  3  A
 0.847105574  0  0  0  A
 0.882806894  0  0  1  A
 1.359096058  0  0  2  A
 1.404653869  0  0  3  A
 1.404659866  0  0  0  A
 1.432456340  0  0  1  A
 1.967093549  0  0  2  A
 2.003093205  0  0  3  A
 2.003093941  0  0  0  A
 2.038111072  0  0  1  A
 2.490196428  0  0  2  A
 2.515186954  0  0  3  A
 2.515188199  0  0  0  A
 2.542301695  0  0  1  A
 2.984383717  0  0  2  A
 3.031678901  0  0  3  A
 3.031679727  0  0  0  A
 3.055176564  0  0  1  A
 3.543095379  0  0  2  A
 3.586169127  0  0  3  A
 3.586170275  0  0  0  A
 3.630734000  0  0  1  A
 4.087097368  0  0  2  A
 4.131094514  0  0  3  A
 4.131095272  0  0  0  A
 4.149340370  0  0  1  A
 4.601097397  0  0  2  A
 4.616497603  0  0  3  A
 4.616498474  0  0  0  A
 4.650945430  0  0  1  A
 5.134104347  0  0  2  A
 5.174254358  0  0  3  A
 5.174255764  0  0  0  A
 5.206112206  0  0  1  A
 5.701420473  0  0  2  A
 5.722102003  0  0  3  A
 5.722102552  0  0  0  A
 5.744157206  0  0  1  A
 6.145384276  0  0  2  A
 6.163463477  0  0  3  A
 6.163464773  0  0  0  A
 6.210250353  0  0  1  A
 6.660136792  0  0  2  A
 6.692113553  0  0  3  A
 6.692114465  0  0  0  A
 6.733183614  0  0  1  A
 7.208156715  0  0  2  A
 7.251102659  0  0  3  A
 7.251103527  0  0  0  A
 7.291543846  0  0  1  A
 7.673210839  0  0  2  A
 7.711100708  0  0  3  A
 7.711101653  0  0  0  A
 7.729204070  0  0  1  A
 8.074893479  0  0  2  A
 8.125321809  0  0  3  A
 8.125323860  0  0  0  A
 8.158638500  0  0  1  A
 8.451103064  0  0  2  A
 8.479756972  0  0  3  A
 8.479757884  0  0  0  A
 8.492554673  0  0  1  A
 8.750104062  0  0  2  A
 8.766113185  0  0  3  A
 8.766114132  0  0  0  A
 8.794588475  0  0  1  A
 8.977160629  0  0  2  A
 8.987657807  0  0  3  A
 8.987659417  0  0  0  A
 9.007413440  0  0  1  A
 9.113040404  0  0  2  A
 9.137539451  0  0  3  A
 9.137540721  0  0  0  A
 9.151620130  0  0  1  A
 9.292083114  0  0  2  A
 9.330161389  0  0  3  A
 9.330162545  0  0  0  A
 0.005717742  3  3  0  D
 0.021302575  3  3  1  D
 0.121092090  3  3  2  D
 0.163973753  3  3  3  D
 0.163974351  3  3  0  D
 0.185530758  3  3  1  D
 0.674100539  3  3  2  D
 0.724105184  3  3  3  D
 0.724106105  3  3  0  D
 0.761105508  3  3  1  D
 1.189092660  3  3  2  D
 1.224094546  3  3  3  D
 1.224095524  3  3  0  D
 1.237509094  3  3  1  D
 1.748148993  3  3  2  D
 1.808096009  3  3  3  D
 1.808096802  3  3  0  D
 1.831592158  3  3  1  D
 2.352115367  3  3  2  D
 2.392133578  3  3  3  D
 2.392134537  3  3  0  D
 2.407592549  3  3  1  D
 2.868112920  3  3  2  D
 2.878319034  3  3  3  D
 2.878319980  3  3  0  D
 2.927006593  3  3  1  D
 3.392105518  3  3  2  D
 3.434198321  3  3  3  D
 3.434199401  3  3  0  D
 3.476228099  3  3  1  D
 3.934410736  3  3  2  D
 3.962858979  3  3  3  D
 3.962859817  3  3  0  D
 4.009529961  3  3  1  D
 4.499943362  3  3  2  D
 4.514975710  3  3  3  D
 4.514976616  3  3  0  D
 4.560227631  3  3  1  D
 4.964365273  3  3  2  D
 4.994679532  3  3  3  D
 4.994680756  3  3  0  D
 5.011795396  3  3  1  D
 5.559219225  3  3  2  D
 5.606133385  3  3  3  D
 5.606134527  3  3  0  D
 5.647469469  3  3  1  D
 6.028785200  3  3  2  D
 6.058940604  3  3  3  D
 6.058941599  3  3  0  D
 6.094969774  3  3  1  D
 6.528897704  3  3  2  D
 6.571108150  3  3  3  D
 6.571109112  3  3  0  D
 6.599772376  3  3  1  D
 7.107977769  3  3  2  D
 7.145154030  3  3  3  D
 7.145154911  3  3  0  D
 7.171488508  3  3  1  D
 7.519119592  3  3  2  D
 7.540148180  3  3  3  D
 7.540149610  3  3  0  D
 7.567243242  3  3  1  D
 7.957621961  3  3  2  D
 7.971129726  3  3  3  D
 7.971130831  3  3  0  D
 7.994820545  3  3  1  D
 8.337079251  3  3  2  D
 8.380725071  3  3  3  D
 8.380726110  3  3  0  D
 8.397348031  3  3  1  D
 8.665852675  3  3  2  D
 8.715101237  3  3  3  D
 8.715102300  3  3  0  D
 8.727601244  3  3  1  D
 8.924949252  3  3  2  D
 8.977159015  3  3  3  D
 8.977160142  3  3  0  D
 9.011662746  3  3  1  D
 9.137541489  3  3  2  D
 9.171291434  3  3  3  D
 9.171294162  3  3  0  D
 9.198868662  3  3  1  D
 9.330163524  3  3  2  D
 9.350767241  3  3  3  D
 9.350768256  3  3  0  D
 9.379410539  3  3  1  D
 9.452258192  3  3  2  D
 9.469206730  3  3  3  D
 9.469208262  3  3  0  D
 9.481720011  3  3  1  D
 9.560236858  3  3  2  D
 9.606610470  3  3  3  D
 9.606611574  3  3  0  D
 0.006543846  11  11  0  L
 0.050100735  11  11  1  L
 0.445859158  11  11  2  L
 0.494104504  11  11  3  L
 0.494105612  11  11  0  L
 0.526482746  11  11  1  L
 0.978727605  11  11  2  L
 1.014803394  11  11  3  L
 1.014804213  11  11  0  L
 1.046788337  11  11  1  L
 1.529054833  11  11  2  L
 1.554105648  11  11  3  L
 1.554106489  11  11  0  L
 1.571327037  11  11  1  L
 2.144098212  11  11  2  L
 2.174790927  11  11  3  L
 2.174791621  11  11  0  L
 2.217461299  11  11  1  L
 2.640119372  11  11  2  L
 2.685115335  11  11  3  L
 2.685116602  11  11  0  L
 2.713096418  11  11  1  L
 3.187286705  11  11  2  L
 3.219276551  11  11  3  L
 3.219277511  11  11  0  L
 3.248794865  11  11  1  L
 3.741126683  11  11  2  L
 3.789224703  11  11  3  L
 3.789225610  11  11  0  L
 3.815324385  11  11  1  L
 4.295444472  11  11  2  L
 4.327637780  11  11  3  L
 4.327638761  11  11  0  L
 4.345502895  11  11  1  L
 4.771115592  11  11  2  L
 4.787106710  11  11  3  L
 4.787107070  11  11  0  L
 4.809565538  11  11  1  L
 5.322616192  11  11  2  L
 5.367067039  11  11  3  L
 5.367067986  11  11  0  L
 5.416813692  11  11  1  L
 5.844404903  11  11  2  L
 5.876023348  11  11  3  L
 5.876024492  11  11  0  L
 5.913615095  11  11  1  L
 6.359542796  11  11  2  L
 6.378264180  11  11  3  L
 6.378264965  11  11  0  L
 6.418171426  11  11  1  L
 6.892107965  11  11  2  L
 6.933145416  11  11  3  L
 6.933150477  11  11  0  L
 6.962840074  11  11  1  L
 7.366118215  11  11  2  L
 7.381699161  11  11  3  L
 7.381700040  11  11  0  L
 7.409103807  11  11  1  L
 7.794098136  11  11  2  L
 7.816897406  11  11  3  L
 7.816897876  11  11  0  L
 7.842572718  11  11  1  L
 8.177401656  11  11  2  L
 8.196256580  11  11  3  L
 8.196257372  11  11  0  L
 8.244578412  11  11  1  L
 8.565103700  11  11  2  L
 8.581130400  11  11  3  L
 8.581133133  11  11  0  L
 8.614200791  11  11  1  L
 8.861545308  11  11  2  L
 8.890717759  11  11  3  L
 8.890718698  11  11  0  L
 8.939016046  11  11  1  L
 9.043118320  11  11  2  L
 9.065594710  11  11  3  L
 9.065601417  11  11  0  L
 9.109379833  11  11  1  L
 9.238473953  11  11  2  L
 9.281894351  11  11  3  L
 9.281900063  11  11  0  L
 9.299435087  11  11  1  L
 9.410830678  11  11  2  L
 9.452256511  11  11  3  L
 9.452257766  11  11  0  L
 9.490997729  11  11  1  L
 9.606612481  11  11  2  L
 9.653192496  11  11  3  L
 9.653193280  11  11  0  L
 0.005951555  5  5  0  F
 0.047120671  5  5  1  F
 0.420981974  5  5  2  F
 0.445858501  5  5  3  F
 0.445858903  5  5  0  F
 0.481866330  5  5  1  F
 0.951246721  5  5  2  F
 0.978725884  5  5  3  F
 0.978726924  5  5  0  F
 0.998068570  5  5  1  F
 1.510093806  5  5  2  F
 1.529052973  5  5  3  F
 1.529054001  5  5  0  F
 1.566668357  5  5  1  F
 2.116755805  5  5  2  F
 2.143102199  5  5  3  F
 2.143103095  5  5  0  F
 2.181107395  5  5  1  F
 2.594819418  5  5  2  F
 2.636495366  5  5  3  F
 2.636496318  5  5  0  F
 2.686121472  5  5  1  F
 3.166171400  5  5  2  F
 3.187284442  5  5  3  F
 3.187285820  5  5  0  F
 3.230079754  5  5  1  F
 3.697598875  5  5  2  F
 3.741124219  5  5  3  F
 3.741125687  5  5  0  F
 3.761133543  5  5  1  F
 4.248099844  5  5  2  F
 4.295440106  5  5  3  F
 4.295443558  5  5  0  F
 4.336864155  5  5  1  F
 4.731131432  5  5  2  F
 4.771106053  5  5  3  F
 4.771107151  5  5  0  F
 4.784812593  5  5  1  F
 5.295094216  5  5  2  F
 5.322612649  5  5  3  F
 5.322614730  5  5  0  F
 5.345146974  5  5  1  F
 5.817590515  5  5  2  F
 5.829111758  5  5  3  F
 5.829112816  5  5  0  F
 5.840408399  5  5  1  F
 6.257831846  5  5  2  F
 6.285514634  5  5  3  F
 6.285515395  5  5  0  F
 6.318266831  5  5  1  F
 6.748094822  5  5  2  F
 6.776529407  5  5  3  F
 6.776530565  5  5  0  F
 6.792521978  5  5  1  F
 7.296757693  5  5  2  F
 7.318371370  5  5  3  F
 7.318372287  5  5  0  F
 7.331329275  5  5  1  F
 7.711102525  5  5  2  F
 7.731098981  5  5  3  F
 7.731099311  5  5  0  F
 7.749796565  5  5  1  F
 8.125325015  5  5  2  F
 8.146478825  5  5  3  F
 8.146481596  5  5  0  F
 8.167354015  5  5  1  F
 8.480094363  5  5  2  F
 8.520167907  5  5  3  F
 8.520169379  5  5  0  F
 8.549594766  5  5  1  F
 8.766115108  5  5  2  F
 8.811098213  5  5  3  F
 8.811099089  5  5  0  F
 8.824677338  5  5  1  F
 8.987660658  5  5  2  F
 9.003673498  5  5  3  F
 9.003674556  5  5  0  F
 9.026411285  5  5  1  F
 9.171295040  5  5  2  F
 9.217195409  5  5  3  F
 9.217196452  5  5  0  F
 9.257282754  5  5  1  F
 9.350769148  5  5  2  F
 9.361676791  5  5  3  F
 9.361677849  5  5  0  F
 9.406329878  5  5  1  F
 9.469209232  5  5  2  F
 9.514617869  5  5  3  F
 9.514618771  5  5  0  F
 9.548283317  5  5  1  F
 9.653194204  5  5  2  F
 9.684688746  5  5  3  F
 9.684692093  5  5  0  F
 0.006621731  12  12  0  M
 0.018861026  12  12  1  M
 0.061093152  12  12  2  M
 0.090097128  12  12  3  M
 0.090097445  12  12  0  M
 0.119093190  12  12  1  M
 0.596095832  12  12  2  M
 0.637338511  12  12  3  M
 0.637339091  12  12  0  M
 0.650286149  12  12  1  M
 1.130553864  12  12  2  M
 1.156105580  12  12  3  M
 1.156106492  12  12  0  M
 1.176707675  12  12  1  M
 1.668100594  12  12  2  M
 1.715106532  12  12  3  M
 1.715107459  12  12  0  M
 1.768114118  12  12  1  M
 2.288120555  12  12  2  M
 2.309144389  12  12  3  M
 2.309145545  12  12  0  M
 2.324117362  12  12  1  M
 2.794167768  12  12  2  M
 2.821117918  12  12  3  M
 2.821118725  12  12  0  M
 2.846104318  12  12  1  M
 3.333726427  12  12  2  M
 3.346212288  12  12  3  M
 3.346213064  12  12  0  M
 3.380428788  12  12  1  M
 3.877098719  12  12  2  M
 3.891179949  12  12  3  M
 3.891180632  12  12  0  M
 3.939109185  12  12  1  M
 4.410404634  12  12  2  M
 4.462196898  12  12  3  M
 4.462204055  12  12  0  M
 4.473444067  12  12  1  M
 4.888100929  12  12  2  M
 4.934851455  12  12  3  M
 4.934852346  12  12  0  M
 4.966854536  12  12  1  M
 5.466142227  12  12  2  M
 5.511437168  12  12  3  M
 5.511438024  12  12  0  M
 5.563198686  12  12  1  M
 5.941144908  12  12  2  M
 5.967668942  12  12  3  M
 5.967670133  12  12  0  M
 5.991212954  12  12  1  M
 6.423603894  12  12  2  M
 6.451103878  12  12  3  M
 6.451104633  12  12  0  M
 6.478311496  12  12  1  M
 6.994102212  12  12  2  M
 7.044102127  12  12  3  M
 7.044103096  12  12  0  M
 7.075012574  12  12  1  M
 7.397097320  12  12  2  M
 7.441541961  12  12  3  M
 7.441542876  12  12  0  M
 7.490594559  12  12  1  M
 7.836164143  12  12  2  M
 7.887101152  12  12  3  M
 7.887101973  12  12  0  M
 7.927628535  12  12  1  M
 8.236634596  12  12  2  M
 8.263677777  12  12  3  M
 8.263678996  12  12  0  M
 8.284475880  12  12  1  M
 8.581133891  12  12  2  M
 8.594115877  12  12  3  M
 8.594117416  12  12  0  M
 8.605744579  12  12  1  M
 8.847110633  12  12  2  M
 8.861544074  12  12  3  M
 8.861544964  12  12  0  M
 8.879276457  12  12  1  M
 9.003675403  12  12  2  M
 9.043116685  12  12  3  M
 9.043117569  12  12  0  M
 9.071617121  12  12  1  M
 9.217197289  12  12  2  M
 9.238472068  12  12  3  M
 9.238473128  12  12  0  M
 9.269664403  12  12  1  M
 9.361678820  12  12  2  M
 9.410828716  12  12  3  M
 9.410829642  12  12  0  M
 9.440425708  12  12  1  M
 9.514619127  12  12  2  M
 9.560234540  12  12  3  M
 9.560236020  12  12  0  M
 9.586218725  12  12  1  M
 9.684692958  12  12  2  M
 9.695753105  12  12  3  M
 9.695754125  12  12  0  M
-1  15  15  4 LOCAL_SECTION;ENTRY_PROTOCOL;CRITICAL_SECTION;EXIT_PROTOCOL;MAX_TICKET=282
