 0.005719208  12  12  0  M
 0.022621919  12  12  1  M
 0.060960880  12  12  2  M
 0.109959742  12  12  3  M
 0.109960578  12  12  0  M
 0.127070926  12  12  1  M
 0.490958442  12  12  2  M
 0.534956931  12  12  3  M
 0.534957896  12  12  0  M
 0.575678718  12  12  1  M
 1.016952516  12  12  2  M
 1.034663345  12  12  3  M
 1.034663677  12  12  0  M
 1.063883509  12  12  1  M
 1.494361914  12  12  2  M
 1.509975102  12  12  3  M
 1.509976313  12  12  0  M
 1.547792854  12  12  1  M
 2.012148449  12  12  2  M
 2.041958940  12  12  3  M
 2.041959742  12  12  0  M
 2.067113215  12  12  1  M
 2.458956576  12  12  2  M
 2.499997700  12  12  3  M
 2.499999396  12  12  0  M
 2.543531359  12  12  1  M
 3.096960090  12  12  2  M
 3.122970691  12  12  3  M
 3.122973238  12  12  0  M
 3.170168889  12  12  1  M
 3.597961170  12  12  2  M
 3.630329830  12  12  3  M
 3.630330339  12  12  0  M
 3.646955587  12  12  1  M
 4.050910801  12  12  2  M
 4.088634971  12  12  3  M
 4.088635935  12  12  0  M
 4.106935172  12  12  1  M
 4.586767768  12  12  2  M
 4.613954411  12  12  3  M
 4.613955006  12  12  0  M
 4.640176960  12  12  1  M
 5.111018353  12  12  2  M
 5.125037623  12  12  3  M
 5.125038086  12  12  0  M
 5.156369299  12  12  1  M
 5.584953969  12  12  2  M
 5.629453178  12  12  3  M
 5.629453405  12  12  0  M
 5.669632335  12  12  1  M
 6.100954820  12  12  2  M
 6.118674028  12  12  3  M
 6.118675112  12  12  0  M
 0.004843308  4  4  0  E
 0.049575397  4  4  1  E
 0.255617128  4  4  2  E
 0.305959787  4  4  3  E
 0.305960112  4  4  0  E
 0.331732309  4  4  1  E
 0.764980096  4  4  2  E
 0.831959062  4  4  3  E
 0.831959816  4  4  0  E
 0.850416340  4  4  1  E
 1.281228250  4  4  2  E
 1.298972443  4  4  3  E
 1.298973209  4  4  0  E
 1.319347327  4  4  1  E
 1.766977127  4  4  2  E
 1.802414259  4  4  3  E
 1.802414977  4  4  0  E
 1.827026904  4  4  1  E
 2.270961720  4  4  2  E
 2.297037025  4  4  3  E
 2.297037856  4  4  0  E
 2.318956113  4  4  1  E
 2.780956997  4  4  2  E
 2.830961689  4  4  3  E
 2.830962861  4  4  0  E
 2.861808147  4  4  1  E
 3.368563653  4  4  2  E
 3.398958228  4  4  3  E
 3.398959246  4  4  0  E
 3.411934122  4  4  1  E
 3.853097166  4  4  2  E
 3.880674135  4  4  3  E
 3.880674872  4  4  0  E
 3.908079832  4  4  1  E
 4.339959938  4  4  2  E
 4.354121590  4  4  3  E
 4.354122174  4  4  0  E
 4.368477961  4  4  1  E
 4.805963532  4  4  2  E
 4.820964592  4  4  3  E
 4.820965060  4  4  0  E
 4.836963938  4  4  1  E
 5.319755277  4  4  2  E
 5.355956324  4  4  3  E
 5.355957470  4  4  0  E
 5.397428160  4  4  1  E
 5.781980772  4  4  2  E
 5.827961776  4  4  3  E
 5.827963227  4  4  0  E
 5.838562592  4  4  1  E
 6.305956149  4  4  2  E
 6.349088820  4  4  3  E
 6.349089602  4  4  0  E
 0.005468968  10  10  0  K
 0.034694724  10  10  1  K
 0.210447396  10  10  2  K
 0.225207741  10  10  3  K
 0.225208693  10  10  0  K
 0.268953858  10  10  1  K
 0.689966583  10  10  2  K
 0.737142583  10  10  3  K
 0.737143448  10  10  0  K
 0.769131114  10  10  1  K
 1.205959443  10  10  2  K
 1.246975730  10  10  3  K
 1.246976170  10  10  0  K
 1.298089257  10  10  1  K
 1.707467552  10  10  2  K
 1.730959698  10  10  3  K
 1.730960589  10  10  0  K
 1.763416131  10  10  1  K
 2.217831005  10  10  2  K
 2.260161075  10  10  3  K
 2.260161519  10  10  0  K
 2.281500617  10  10  1  K
 2.706448741  10  10  2  K
 2.730958094  10  10  3  K
 2.730958932  10  10  0  K
 2.757199729  10  10  1  K
 3.310956134  10  10  2  K
 3.355363034  10  10  3  K
 3.355363874  10  10  0  K
 3.384658684  10  10  1  K
 3.788964172  10  10  2  K
 3.818156139  10  10  3  K
 3.818157087  10  10  0  K
 3.852615970  10  10  1  K
 4.260470829  10  10  2  K
 4.319027190  10  10  3  K
 4.319027872  10  10  0  K
 4.346413315  10  10  1  K
 4.788535820  10  10  2  K
 4.805879713  10  10  3  K
 4.805880536  10  10  0  K
 4.851162396  10  10  1  K
 5.355958470  10  10  2  K
 5.396251239  10  10  3  K
 5.396252271  10  10  0  K
 5.440959120  10  10  1  K
 5.827963958  10  10  2  K
 5.869957446  10  10  3  K
 5.869958180  10  10  0  K
 5.887958673  10  10  1  K
 6.349090407  10  10  2  K
 6.373969102  10  10  3  K
 6.373970364  10  10  0  K
 6.388971091  10  10  1  K
 6.857059831  10  10  2  K
 6.875094274  10  10  3  K
 6.875095091  10  10  0  K
 0.005296710  8  8  0  I
 0.020292772  8  8  1  I
 0.020295582  8  8  2  I
 0.030754799  8  8  3  I
 0.030755851  8  8  0  I
 0.059797397  8  8  1  I
 0.406954815  8  8  2  I
 0.433490538  8  8  3  I
 0.433491599  8  8  0  I
 0.461891528  8  8  1  I
 0.903776002  8  8  2  I
 0.919738063  8  8  3  I
 0.919738969  8  8  0  I
 0.933275817  8  8  1  I
 1.361964946  8  8  2  I
 1.402442516  8  8  3  I
 1.402443171  8  8  0  I
 1.436959946  8  8  1  I
 1.846953943  8  8  2  I
 1.895969110  8  8  3  I
 1.895970216  8  8  0  I
 1.934778176  8  8  1  I
 2.333318656  8  8  2  I
 2.366958910  8  8  3  I
 2.366960145  8  8  0  I
 2.388716013  8  8  1  I
 2.921952745  8  8  2  I
 2.948955178  8  8  3  I
 2.948955437  8  8  0  I
 2.984759080  8  8  1  I
 3.477950562  8  8  2  I
 3.513072342  8  8  3  I
 3.513072625  8  8  0  I
 3.537257110  8  8  1  I
 3.940951383  8  8  2  I
 3.972677362  8  8  3  I
 3.972677945  8  8  0  I
 4.017736900  8  8  1  I
 4.431444015  8  8  2  I
 4.480960119  8  8  3  I
 4.480960977  8  8  0  I
 4.496810842  8  8  1  I
 4.948965217  8  8  2  I
 4.978085566  8  8  3  I
 4.978086479  8  8  0  I
 4.998738229  8  8  1  I
 5.476197805  8  8  2  I
 5.512753709  8  8  3  I
 5.512753995  8  8  0  I
 5.540128711  8  8  1  I
 5.987952851  8  8  2  I
 6.034815871  8  8  3  I
 6.034816684  8  8  0  I
 6.063962349  8  8  1  I
 6.472130937  8  8  2  I
 6.514905128  8  8  3  I
 6.514905940  8  8  0  I
 6.533284701  8  8  1  I
 6.989450267  8  8  2  I
 7.007961835  8  8  3  I
 7.007962824  8  8  0  I
 0.005837796  13  13  0  N
 0.028515337  13  13  1  N
 0.176960880  13  13  2  N
 0.208648919  13  13  3  N
 0.208649710  13  13  0  N
 0.241510765  13  13  1  N
 0.610144366  13  13  2  N
 0.640960353  13  13  3  N
 0.640961245  13  13  0  N
 0.654417681  13  13  1  N
 1.065825688  13  13  2  N
 1.098142919  13  13  3  N
 1.098144028  13  13  0  N
 1.117539805  13  13  1  N
 1.589953905  13  13  2  N
 1.611435625  13  13  3  N
 1.611436306  13  13  0  N
 1.627957165  13  13  1  N
 2.125952705  13  13  2  N
 2.169669385  13  13  3  N
 2.169670205  13  13  0  N
 2.180478271  13  13  1  N
 2.598955680  13  13  2  N
 2.638549495  13  13  3  N
 2.638549771  13  13  0  N
 2.669363653  13  13  1  N
 3.201950811  13  13  2  N
 3.215339956  13  13  3  N
 3.215340294  13  13  0  N
 3.258919275  13  13  1  N
 3.693348506  13  13  2  N
 3.734956398  13  13  3  N
 3.734956981  13  13  0  N
 3.763605726  13  13  1  N
 4.140599956  13  13  2  N
 4.165958367  13  13  3  N
 4.165959578  13  13  0  N
 4.189320441  13  13  1  N
 4.683956140  13  13  2  N
 4.716794150  13  13  3  N
 4.716795063  13  13  0  N
 4.742288051  13  13  1  N
 5.193764307  13  13  2  N
 5.221958183  13  13  3  N
 5.221959530  13  13  0  N
 5.249363010  13  13  1  N
 5.703165534  13  13  2  N
 5.740959909  13  13  3  N
 5.740961065  13  13  0  N
 5.790175463  13  13  1  N
 6.203425637  13  13  2  N
 6.238973311  13  13  3  N
 6.238973985  13  13  0  N
 6.272049430  13  13  1  N
 6.745017944  13  13  2  N
 6.783066636  13  13  3  N
 6.783067456  13  13  0  N
 6.819327775  13  13  1  N
 7.130298311  13  13  2  N
 7.145969369  13  13  3  N
 7.145969690  13  13  0  N
 0.004724414  3  3  0  D
 0.025215438  3  3  1  D
 0.129798453  3  3  2  D
 0.147515589  3  3  3  D
 0.147516599  3  3  0  D
 0.163977120  3  3  1  D
 0.534958668  3  3  2  D
 0.562703343  3  3  3  D
 0.562704268  3  3  0  D
 0.588771757  3  3  1  D
 1.034664930  3  3  2  D
 1.048959014  3  3  3  D
 1.048959507  3  3  0  D
 1.085207474  3  3  1  D
 1.548212406  3  3  2  D
 1.586151021  3  3  3  D
 1.586151927  3  3  0  D
 1.608246288  3  3  1  D
 2.090928782  3  3  2  D
 2.122846933  3  3  3  D
 2.122847882  3  3  0  D
 2.171820899  3  3  1  D
 2.541968545  3  3  2  D
 2.598954167  3  3  3  D
 2.598955022  3  3  0  D
 2.621326977  3  3  1  D
 3.151991148  3  3  2  D
 3.197956344  3  3  3  D
 3.197956657  3  3  0  D
 3.225826188  3  3  1  D
 3.656957951  3  3  2  D
 3.693347629  3  3  3  D
 3.693347804  3  3  0  D
 3.738110713  3  3  1  D
 4.110523300  3  3  2  D
 4.138956554  3  3  3  D
 4.138956767  3  3  0  D
 4.173347982  3  3  1  D
 4.662004166  3  3  2  D
 4.683336935  3  3  3  D
 4.683338324  3  3  0  D
 4.705219388  3  3  1  D
 5.156461710  3  3  2  D
 5.192961074  3  3  3  D
 5.192962205  3  3  0  D
 5.242621788  3  3  1  D
 5.677955153  3  3  2  D
 5.703163890  3  3  3  D
 5.703164695  3  3  0  D
 5.735382957  3  3  1  D
 6.159212774  3  3  2  D
 6.203424137  3  3  3  D
 6.203424953  3  3  0  D
 6.219228030  3  3  1  D
 6.697965385  3  3  2  D
 6.744240353  3  3  3  D
 6.744240979  3  3  0  D
 6.788473906  3  3  1  D
 7.114240948  3  3  2  D
 7.130297014  3  3  3  D
 7.130297581  3  3  0  D
 7.152117501  3  3  1  D
 7.424972752  3  3  2  D
 7.459959604  3  3  3  D
 7.459960423  3  3  0  D
 7.493229896  3  3  1  D
 7.757961276  3  3  2  D
 7.781957447  3  3  3  D
 7.781958171  3  3  0  D
 0.005093807  6  6  0  G
 0.051962345  6  6  1  G
 0.308953137  6  6  2  G
 0.325626064  6  6  3  G
 0.325627019  6  6  0  G
 0.363678307  6  6  1  G
 0.831960511  6  6  2  G
 0.845603323  6  6  3  G
 0.845604323  6  6  0  G
 0.872177817  6  6  1  G
 1.304956243  6  6  2  G
 1.316126572  6  6  3  G
 1.316127425  6  6  0  G
 1.336964925  6  6  1  G
 1.802415688  6  6  2  G
 1.825193255  6  6  3  G
 1.825194069  6  6  0  G
 1.848939151  6  6  1  G
 2.297038720  6  6  2  G
 2.315026699  6  6  3  G
 2.315027036  6  6  0  G
 2.359539496  6  6  1  G
 2.830963508  6  6  2  G
 2.867857021  6  6  3  G
 2.867857328  6  6  0  G
 2.913107976  6  6  1  G
 3.400347488  6  6  2  G
 3.446140431  6  6  3  G
 3.446141295  6  6  0  G
 3.476328174  6  6  1  G
 3.880675983  6  6  2  G
 3.915906510  6  6  3  G
 3.915907367  6  6  0  G
 3.944128071  6  6  1  G
 4.354123538  6  6  2  G
 4.394825492  6  6  3  G
 4.394826735  6  6  0  G
 4.435348907  6  6  1  G
 4.879959099  6  6  2  G
 4.920272038  6  6  3  G
 4.920272935  6  6  0  G
 4.955901020  6  6  1  G
 5.426958367  6  6  2  G
 5.452968095  6  6  3  G
 5.452969030  6  6  0  G
 5.496008038  6  6  1  G
 5.901957187  6  6  2  G
 5.942557330  6  6  3  G
 5.942557740  6  6  0  G
 5.956209493  6  6  1  G
 6.403956865  6  6  2  G
 6.452558923  6  6  3  G
 6.452559880  6  6  0  G
 6.501028617  6  6  1  G
 6.971954560  6  6  2  G
 6.989440329  6  6  3  G
 6.989441352  6  6  0  G
 7.032407777  6  6  1  G
 7.283959990  6  6  2  G
 7.312960096  6  6  3  G
 7.312960957  6  6  0  G
 7.344068927  6  6  1  G
 7.576959816  6  6  2  G
 7.599957621  6  6  3  G
 7.599958304  6  6  0  G
 7.631069084  6  6  1  G
 7.915964277  6  6  2  G
 7.952965216  6  6  3  G
 7.952965806  6  6  0  G
 0.004376925  1  1  0  B
 0.060972531  1  1  1  B
 0.436950917  1  1  2  B
 0.466657787  1  1  3  B
 0.466658011  1  1  0  B
 0.490496956  1  1  1  B
 0.919746779  1  1  2  B
 0.970959099  1  1  3  B
 0.970959776  1  1  0  B
 0.993468520  1  1  1  B
 1.433028509  1  1  2  B
 1.464752515  1  1  3  B
 1.464752953  1  1  0  B
 1.491219127  1  1  1  B
 1.931144453  1  1  2  B
 1.964968296  1  1  3  B
 1.964969427  1  1  0  B
 1.987960096  1  1  1  B
 2.402361312  1  1  2  B
 2.433866657  1  1  3  B
 2.433867516  1  1  0  B
 2.478580616  1  1  1  B
 2.997950795  1  1  2  B
 3.044626392  1  1  3  B
 3.044627177  1  1  0  B
 3.074953881  1  1  1  B
 3.533936071  1  1  2  B
 3.556957318  1  1  3  B
 3.556957542  1  1  0  B
 3.576806226  1  1  1  B
 3.972686663  1  1  2  B
 4.007978969  1  1  3  B
 4.007979680  1  1  0  B
 4.055816471  1  1  1  B
 4.483955310  1  1  2  B
 4.503961496  1  1  3  B
 4.503962389  1  1  0  B
 4.552923788  1  1  1  B
 4.978087090  1  1  2  B
 5.031973264  1  1  3  B
 5.031974745  1  1  0  B
 5.074167551  1  1  1  B
 5.512754788  1  1  2  B
 5.551953747  1  1  3  B
 5.551955006  1  1  0  B
 5.588706697  1  1  1  B
 6.034817547  1  1  2  B
 6.047462859  1  1  3  B
 6.047463273  1  1  0  B
 6.072592058  1  1  1  B
 6.514906566  1  1  2  B
 6.552952360  1  1  3  B
 6.552952885  1  1  0  B
 6.566257842  1  1  1  B
 7.007963492  1  1  2  B
 7.028991713  1  1  3  B
 7.028992706  1  1  0  B
 7.068505384  1  1  1  B
 7.312961233  1  1  2  B
 7.329965575  1  1  3  B
 7.329966745  1  1  0  B
 7.345566297  1  1  1  B
 7.599958988  1  1  2  B
 7.644959127  1  1  3  B
 7.644959832  1  1  0  B
 7.678906359  1  1  1  B
 7.952966630  1  1  2  B
 7.979958083  1  1  3  B
 7.979959262  1  1  0  B
 0.004209465  0  0  0  A
 0.042184756  0  0  1  A
 0.240974098  0  0  2  A
 0.255615448  0  0  3  A
 0.255616615  0  0  0  A
 0.302963686  0  0  1  A
 0.742958486  0  0  2  A
 0.764968377  0  0  3  A
 0.764969167  0  0  0  A
 0.809958669  0  0  1  A
 1.255955710  0  0  2  A
 1.281226632  0  0  3  A
 1.281227821  0  0  0  A
 1.317128974  0  0  1  A
 1.734555058  0  0  2  A
 1.766966697  0  0  3  A
 1.766967145  0  0  0  A
 1.811964655  0  0  1  A
 2.260162106  0  0  2  A
 2.270960292  0  0  3  A
 2.270960970  0  0  0  A
 2.299674789  0  0  1  A
 2.735953143  0  0  2  A
 2.777958011  0  0  3  A
 2.777958683  0  0  0  A
 2.826393522  0  0  1  A
 3.356954609  0  0  2  A
 3.368560407  0  0  3  A
 3.368561369  0  0  0  A
 3.387324356  0  0  1  A
 3.821950805  0  0  2  A
 3.853096395  0  0  3  A
 3.853096574  0  0  0  A
 3.895951465  0  0  1  A
 4.322967934  0  0  2  A
 4.339958962  0  0  3  A
 4.339959418  0  0  0  A
 4.374951343  0  0  1  A
 4.820965972  0  0  2  A
 4.879957165  0  0  3  A
 4.879958269  0  0  0  A
 4.925951553  0  0  1  A
 5.396955288  0  0  2  A
 5.424095400  0  0  3  A
 5.424096035  0  0  0  A
 5.469962724  0  0  1  A
 5.870822074  0  0  2  A
 5.898384170  0  0  3  A
 5.898385009  0  0  0  A
 5.940955272  0  0  1  A
 6.373971003  0  0  2  A
 6.400351843  0  0  3  A
 6.400352454  0  0  0  A
 6.431332419  0  0  1  A
 6.875095716  0  0  2  A
 6.915957305  0  0  3  A
 6.915958020  0  0  0  A
 6.930322791  0  0  1  A
 7.201956752  0  0  2  A
 7.242085598  0  0  3  A
 7.242086038  0  0  0  A
 7.277207380  0  0  1  A
 7.508977016  0  0  2  A
 7.556982195  0  0  3  A
 7.556983024  0  0  0  A
 7.590838553  0  0  1  A
 7.842943416  0  0  2  A
 7.880552451  0  0  3  A
 7.880553473  0  0  0  A
 7.911018091  0  0  1  A
 8.147684375  0  0  2  A
 8.164195655  0  0  3  A
 8.164196559  0  0  0  A
 0.005003343  5  5  0  F
 0.022243266  5  5  1  F
 0.030757113  5  5  2  F
 0.060960179  5  5  3  F
 0.060960447  5  5  0  F
 0.092260343  5  5  1  F
 0.466658811  5  5  2  F
 0.490957706  5  5  3  F
 0.490958114  5  5  0  F
 0.527733605  5  5  1  F
 0.972781238  5  5  2  F
 1.009495121  5  5  3  F
 1.009496124  5  5  0  F
 1.038311428  5  5  1  F
 1.464753637  5  5  2  F
 1.494361084  5  5  3  F
 1.494361359  5  5  0  F
 1.536242847  5  5  1  F
 1.971953609  5  5  2  F
 2.012146702  5  5  3  F
 2.012147519  5  5  0  F
 2.057066059  5  5  1  F
 2.438951345  5  5  2  F
 2.458955350  5  5  3  F
 2.458955767  5  5  0  F
 2.487709154  5  5  1  F
 3.047901781  5  5  2  F
 3.096958654  5  5  3  F
 3.096959477  5  5  0  F
 3.120023287  5  5  1  F
 3.566951774  5  5  2  F
 3.597001868  5  5  3  F
 3.597002899  5  5  0  F
 3.630546956  5  5  1  F
 4.026951851  5  5  2  F
 4.050909636  5  5  3  F
 4.050910495  5  5  0  F
 4.068349368  5  5  1  F
 4.547964650  5  5  2  F
 4.586760617  5  5  3  F
 4.586761284  5  5  0  F
 4.602903484  5  5  1  F
 5.073329288  5  5  2  F
 5.111016739  5  5  3  F
 5.111017633  5  5  0  F
 5.136339696  5  5  1  F
 5.562971024  5  5  2  F
 5.582582049  5  5  3  F
 5.582582954  5  5  0  F
 5.626032785  5  5  1  F
 6.065582013  5  5  2  F
 6.099962373  5  5  3  F
 6.099963435  5  5  0  F
 6.123436318  5  5  1  F
 6.599960158  5  5  2  F
 6.649076784  5  5  3  F
 6.649077867  5  5  0  F
 6.691183067  5  5  1  F
 7.049958197  5  5  2  F
 7.086959486  5  5  3  F
 7.086960140  5  5  0  F
 7.132812151  5  5  1  F
 7.359960710  5  5  2  F
 7.397971895  5  5  3  F
 7.397972811  5  5  0  F
 7.439123927  5  5  1  F
 7.689958420  5  5  2  F
 7.736956561  5  5  3  F
 7.736956949  5  5  0  F
 7.784868362  5  5  1  F
 8.002716327  5  5  2  F
 8.042143986  5  5  3  F
 8.042144641  5  5  0  F
 8.091940040  5  5  1  F
 8.216567369  5  5  2  F
 8.248600575  5  5  3  F
 8.248601828  5  5  0  F
 0.005356539  9  9  0  J
 0.037377490  9  9  1  J
 0.225209340  9  9  2  J
 0.240729533  9  9  3  J
 0.240730471  9  9  0  J
 0.259577082  9  9  1  J
 0.640961902  9  9  2  J
 0.689964910  9  9  3  J
 0.689965945  9  9  0  J
 0.722624727  9  9  1  J
 1.152837777  9  9  2  J
 1.205958008  9  9  3  J
 1.205958783  9  9  0  J
 1.246471534  9  9  1  J
 1.660966385  9  9  2  J
 1.707465897  9  9  3  J
 1.707466540  9  9  0  J
 1.742728993  9  9  1  J
 2.194960801  9  9  2  J
 2.215964661  9  9  3  J
 2.215965506  9  9  0  J
 2.255817652  9  9  1  J
 2.682956556  9  9  2  J
 2.706447073  9  9  3  J
 2.706447930  9  9  0  J
 2.748873121  9  9  1  J
 3.264952591  9  9  2  J
 3.307958325  9  9  3  J
 3.307958885  9  9  0  J
 3.346205998  9  9  1  J
 3.776951109  9  9  2  J
 3.788711788  9  9  3  J
 3.788712609  9  9  0  J
 3.832956180  9  9  1  J
 4.218697571  9  9  2  J
 4.260469218  9  9  3  J
 4.260470171  9  9  0  J
 4.312958926  9  9  1  J
 4.751953682  9  9  2  J
 4.788534613  9  9  3  J
 4.788535446  9  9  0  J
 4.809425617  9  9  1  J
 5.272951993  9  9  2  J
 5.319754329  9  9  3  J
 5.319755029  9  9  0  J
 5.338265541  9  9  1  J
 5.769953008  9  9  2  J
 5.781979106  9  9  3  J
 5.781979721  9  9  0  J
 5.808511121  9  9  1  J
 6.253683344  9  9  2  J
 6.305954756  9  9  3  J
 6.305955534  9  9  0  J
 6.340959058  9  9  1  J
 6.839977036  9  9  2  J
 6.857058334  9  9  3  J
 6.857059282  9  9  0  J
 6.880250721  9  9  1  J
 7.183967755  9  9  2  J
 7.201955205  9  9  3  J
 7.201955589  9  9  0  J
 7.246959595  9  9  1  J
 7.483958915  9  9  2  J
 7.508975378  9  9  3  J
 7.508976282  9  9  0  J
 7.526108373  9  9  1  J
 7.803978534  9  9  2  J
 7.842941834  9  9  3  J
 7.842942780  9  9  0  J
 7.857017657  9  9  1  J
 8.124312615  9  9  2  J
 8.147682953  9  9  3  J
 8.147683736  9  9  0  J
 8.165853126  9  9  1  J
 8.279141870  9  9  2  J
 8.289549591  9  9  3  J
 8.289550653  9  9  0  J
 0.005595087  11  11  0  L
 0.052961644  11  11  1  L
 0.325627609  11  11  2  L
 0.376987559  11  11  3  L
 0.376988644  11  11  0  L
 0.426461006  11  11  1  L
 0.847234268  11  11  2  L
 0.892960371  11  11  3  L
 0.892961373  11  11  0  L
 0.924265384  11  11  1  L
 1.318951419  11  11  2  L
 1.359049395  11  11  3  L
 1.359049848  11  11  0  L
 1.406763001  11  11  1  L
 1.825194726  11  11  2  L
 1.844529071  11  11  3  L
 1.844529747  11  11  0  L
 1.875120922  11  11  1  L
 2.315027548  11  11  2  L
 2.333126339  11  11  3  L
 2.333126690  11  11  0  L
 2.378264546  11  11  1  L
 2.870956794  11  11  2  L
 2.917968885  11  11  3  L
 2.917969304  11  11  0  L
 2.943962747  11  11  1  L
 3.446141934  11  11  2  L
 3.476097393  11  11  3  L
 3.476098093  11  11  0  L
 3.512956906  11  11  1  L
 3.915907760  11  11  2  L
 3.937512099  11  11  3  L
 3.937513588  11  11  0  L
 3.967963891  11  11  1  L
 4.400955006  11  11  2  L
 4.431332998  11  11  3  L
 4.431333823  11  11  0  L
 4.474143005  11  11  1  L
 4.923957374  11  11  2  L
 4.948963659  11  11  3  L
 4.948964507  11  11  0  L
 4.969256114  11  11  1  L
 5.452969686  11  11  2  L
 5.469967512  11  11  3  L
 5.469967906  11  11  0  L
 5.509868572  11  11  1  L
 5.942558048  11  11  2  L
 5.984988274  11  11  3  L
 5.984989460  11  11  0  L
 6.002641714  11  11  1  L
 6.453748352  11  11  2  L
 6.472129511  11  11  3  L
 6.472130238  11  11  0  L
 6.482738966  11  11  1  L
 6.915965167  11  11  2  L
 6.968960638  11  11  3  L
 6.968961409  11  11  0  L
 6.997927008  11  11  1  L
 7.242203959  11  11  2  L
 7.283959142  11  11  3  L
 7.283959484  11  11  0  L
 7.331999128  11  11  1  L
 7.556984106  11  11  2  L
 7.576958342  11  11  3  L
 7.576958870  11  11  0  L
 7.621856001  11  11  1  L
 7.880554280  11  11  2  L
 7.915962675  11  11  3  L
 7.915963593  11  11  0  L
 7.946675092  11  11  1  L
 8.164197404  11  11  2  L
 8.203710703  11  11  3  L
 8.203712077  11  11  0  L
 8.225497578  11  11  1  L
 8.334700471  11  11  2  L
 8.371767672  11  11  3  L
 8.371768601  11  11  0  L
 0.005177095  7  7  0  H
 0.059015824  7  7  1  H
 0.377459014  7  7  2  H
 0.406953018  7  7  3  H
 0.406954055  7  7  0  H
 0.452138405  7  7  1  H
 0.892961974  7  7  2  H
 0.903774539  7  7  3  H
 0.903775337  7  7  0  H
 0.933389892  7  7  1  H
 1.402444294  7  7  2  H
 1.433027118  7  7  3  H
 1.433027849  7  7  0  H
 1.464216649  7  7  1  H
 1.896956293  7  7  2  H
 1.931142493  7  7  3  H
 1.931143755  7  7  0  H
 1.965272117  7  7  1  H
 2.368122851  7  7  2  H
 2.402359800  7  7  3  H
 2.402360667  7  7  0  H
 2.413962702  7  7  1  H
 2.948956051  7  7  2  H
 2.997719893  7  7  3  H
 2.997720742  7  7  0  H
 3.023652641  7  7  1  H
 3.515469337  7  7  2  H
 3.533934783  7  7  3  H
 3.533935649  7  7  0  H
 3.578097300  7  7  1  H
 4.010952908  7  7  2  H
 4.025776689  7  7  3  H
 4.025777470  7  7  0  H
 4.068342593  7  7  1  H
 4.503963127  7  7  2  H
 4.544887170  7  7  3  H
 4.544888221  7  7  0  H
 4.591224598  7  7  1  H
 5.031975506  7  7  2  H
 5.072319154  7  7  3  H
 5.072320289  7  7  0  H
 5.120375574  7  7  1  H
 5.551955801  7  7  2  H
 5.562969681  7  7  3  H
 5.562970333  7  7  0  H
 5.589336568  7  7  1  H
 6.047464111  7  7  2  H
 6.065581344  7  7  3  H
 6.065581698  7  7  0  H
 6.086539204  7  7  1  H
 6.552953657  7  7  2  H
 6.599959011  7  7  3  H
 6.599959748  7  7  0  H
 6.616513633  7  7  1  H
 7.028993511  7  7  2  H
 7.049957078  7  7  3  H
 7.049957542  7  7  0  H
 7.072593491  7  7  1  H
 7.329967135  7  7  2  H
 7.359959095  7  7  3  H
 7.359959763  7  7  0  H
 7.387152914  7  7  1  H
 7.644969608  7  7  2  H
 7.689957108  7  7  3  H
 7.689957604  7  7  0  H
 7.722238860  7  7  1  H
 7.979960084  7  7  2  H
 8.002714098  7  7  3  H
 8.002715646  7  7  0  H
 8.020567033  7  7  1  H
 8.203712793  7  7  2  H
 8.216565905  7  7  3  H
 8.216566773  7  7  0  H
 8.228032286  7  7  1  H
 8.371769398  7  7  2  H
 8.409454777  7  7  3  H
 8.409455710  7  7  0  H
 8.441066380  7  7  1  H
 8.499523810  7  7  2  H
 8.511444196  7  7  3  H
 8.511445048  7  7  0  H
 0.005931679  14  14  0  O
 0.025012998  14  14  1  O
 0.109960888  14  14  2  O
 0.129797509  14  14  3  O
 0.129797705  14  14  0  O
 0.170949579  14  14  1  O
 0.562704813  14  14  2  O
 0.592258093  14  14  3  O
 0.592260676  14  14  0  O
 0.611300154  14  14  1  O
 1.050954550  14  14  2  O
 1.065817826  14  14  3  O
 1.065818396  14  14  0  O
 1.076027075  14  14  1  O
 1.509976848  14  14  2  O
 1.547815876  14  14  3  O
 1.547816050  14  14  0  O
 1.574138070  14  14  1  O
 2.041960392  14  14  2  O
 2.090927566  14  14  3  O
 2.090928437  14  14  0  O
 2.102414911  14  14  1  O
 2.500001321  14  14  2  O
 2.541958425  14  14  3  O
 2.541959232  14  14  0  O
 2.570043557  14  14  1  O
 3.123025935  14  14  2  O
 3.151989794  14  14  3  O
 3.151990960  14  14  0  O
 3.189269303  14  14  1  O
 3.630331504  14  14  2  O
 3.656957044  14  14  3  O
 3.656957607  14  14  0  O
 3.691068108  14  14  1  O
 4.088636707  14  14  2  O
 4.110522412  14  14  3  O
 4.110523012  14  14  0  O
 4.137804516  14  14  1  O
 4.620955793  14  14  2  O
 4.653969016  14  14  3  O
 4.653969758  14  14  0  O
 4.677060011  14  14  1  O
 5.135077813  14  14  2  O
 5.150225492  14  14  3  O
 5.150226457  14  14  0  O
 5.178695147  14  14  1  O
 5.629454064  14  14  2  O
 5.674960760  14  14  3  O
 5.674961289  14  14  0  O
 5.694383319  14  14  1  O
 6.119951738  14  14  2  O
 6.152819354  14  14  3  O
 6.152820199  14  14  0  O
 6.197978935  14  14  1  O
 6.649078651  14  14  2  O
 6.697964326  14  14  3  O
 6.697964847  14  14  0  O
 6.738962754  14  14  1  O
 7.086968934  14  14  2  O
 7.114239336  14  14  3  O
 7.114240390  14  14  0  O
 7.141586551  14  14  1  O
 7.397973758  14  14  2  O
 7.424962065  14  14  3  O
 7.424962801  14  14  0  O
 7.448742199  14  14  1  O
 7.738956704  14  14  2  O
 7.757959741  14  14  3  O
 7.757960510  14  14  0  O
 7.798340956  14  14  1  O
 8.042145285  14  14  2  O
 8.086237651  14  14  3  O
 8.086238439  14  14  0  O
 8.113101244  14  14  1  O
 8.248602542  14  14  2  O
 8.279139975  14  14  3  O
 8.279141137  14  14  0  O
 8.312471024  14  14  1  O
 8.409456469  14  14  2  O
 8.458291105  14  14  3  O
 8.458291912  14  14  0  O
 8.489800151  14  14  1  O
 8.511445584  14  14  2  O
 8.540754499  14  14  3  O
 8.540756020  14  14  0  O
 0.004565761  2  2  0  C
 0.026668641  2  2  1  C
 0.147516949  2  2  2  C
 0.172958634  2  2  3  C
 0.172958911  2  2  0  C
 0.211137716  2  2  1  C
 0.593959553  2  2  2  C
 0.610142373  2  2  3  C
 0.610143224  2  2  0  C
 0.655625789  2  2  1  C
 1.098144716  2  2  2  C
 1.148965240  2  2  3  C
 1.148966082  2  2  0  C
 1.197030260  2  2  1  C
 1.611882688  2  2  2  C
 1.655958783  2  2  3  C
 1.655959486  2  2  0  C
 1.666570762  2  2  1  C
 2.170003095  2  2  2  C
 2.193561006  2  2  3  C
 2.193561234  2  2  0  C
 2.220718056  2  2  1  C
 2.638550592  2  2  2  C
 2.681199314  2  2  3  C
 2.681199796  2  2  0  C
 2.711745504  2  2  1  C
 3.215340871  2  2  2  C
 3.255963487  2  2  3  C
 3.255964274  2  2  0  C
 3.281825639  2  2  1  C
 3.734958012  2  2  2  C
 3.770208279  2  2  3  C
 3.770208596  2  2  0  C
 3.791958027  2  2  1  C
 4.165960178  2  2  2  C
 4.217248540  2  2  3  C
 4.217249411  2  2  0  C
 4.263690944  2  2  1  C
 4.716795349  2  2  2  C
 4.749952136  2  2  3  C
 4.749952535  2  2  0  C
 4.764851859  2  2  1  C
 5.221960156  2  2  2  C
 5.270965147  2  2  3  C
 5.270965977  2  2  0  C
 5.310959650  2  2  1  C
 5.740961660  2  2  2  C
 5.765596012  2  2  3  C
 5.765597108  2  2  0  C
 5.790560389  2  2  1  C
 6.238974746  2  2  2  C
 6.253681723  2  2  3  C
 6.253682194  2  2  0  C
 6.283160115  2  2  1  C
 6.783068051  2  2  2  C
 6.834953867  2  2  3  C
 6.834954486  2  2  0  C
 6.858621317  2  2  1  C
 7.145970144  2  2  2  C
 7.183966808  2  2  3  C
 7.183967328  2  2  0  C
 7.229226881  2  2  1  C
 7.459961143  2  2  2  C
 7.483957421  2  2  3  C
 7.483958234  2  2  0  C
 7.496303603  2  2  1  C
 7.781958878  2  2  2  C
 7.803976556  2  2  3  C
 7.803977896  2  2  0  C
 7.843957740  2  2  1  C
 8.086239069  2  2  2  C
 8.124311398  2  2  3  C
 8.124311918  2  2  0  C
 8.173296790  2  2  1  C
 8.289551388  2  2  2  C
 8.334698844  2  2  3  C
 8.334699746  2  2  0  C
 8.357140039  2  2  1  C
 8.458292667  2  2  2  C
 8.499522589  2  2  3  C
 8.499523246  2  2  0  C
 8.534068272  2  2  1  C
 8.540757438  2  2  2  C
 8.566456807  2  2  3  C
 8.566458428  2  2  0  C
 8.597805475  2  2  1  C
 8.597807548  2  2  2  C
 8.608522931  2  2  3  C
 8.608524454  2  2  0  C
-1  15  15  4 LOCAL_SECTION;ENTRY_PROTOCOL;CRITICAL_SECTION;EXIT_PROTOCOL;MAX_TICKET=258
