 0.001593308  9  9  0  J
 0.034314271  9  9  1  J
 0.341525976  9  9  2  J
 0.366104017  9  9  3  J
 0.366104972  9  9  0  J
 0.400603826  9  9  1  J
 0.819528045  9  9  2  J
 0.839148599  9  9  3  J
 0.839149512  9  9  0  J
 0.849620883  9  9  1  J
 1.362518443  9  9  2  J
 1.394415781  9  9  3  J
 1.394416997  9  9  0  J
 1.427473912  9  9  1  J
 1.847513987  9  9  2  J
 1.875329684  9  9  3  J
 1.875330360  9  9  0  J
 1.892690951  9  9  1  J
 2.314598982  9  9  2  J
 2.331071157  9  9  3  J
 2.331071894  9  9  0  J
 2.366958861  9  9  1  J
 2.857497810  9  9  2  J
 2.900517671  9  9  3  J
 2.900518535  9  9  0  J
 2.920186414  9  9  1  J
 3.444391917  9  9  2  J
 3.458528932  9  9  3  J
 3.458529574  9  9  0  J
 3.468847692  9  9  1  J
 3.926533096  9  9  2  J
 3.971907463  9  9  3  J
 3.971907865  9  9  0  J
 4.020514937  9  9  1  J
 4.415545105  9  9  2  J
 4.436517253  9  9  3  J
 4.436517672  9  9  0  J
 4.454522074  9  9  1  J
 4.924722929  9  9  2  J
 4.939969661  9  9  3  J
 4.939970856  9  9  0  J
 4.962074864  9  9  1  J
 5.406823833  9  9  2  J
 5.420778200  9  9  3  J
 5.420779155  9  9  0  J
 5.454029711  9  9  1  J
 5.846523667  9  9  2  J
 5.867520425  9  9  3  J
 5.867520742  9  9  0  J
 0.001673271  13  13  0  N
 0.028685043  13  13  1  N
 0.249497890  13  13  2  N
 0.291170241  13  13  3  N
 0.291171332  13  13  0  N
 0.329444748  13  13  1  N
 0.747831396  13  13  2  N
 0.768918706  13  13  3  N
 0.768919781  13  13  0  N
 0.783299585  13  13  1  N
 1.312955874  13  13  2  N
 1.361835367  13  13  3  N
 1.361836489  13  13  0  N
 1.383160394  13  13  1  N
 1.808515550  13  13  2  N
 1.843457080  13  13  3  N
 1.843457577  13  13  0  N
 1.868928716  13  13  1  N
 2.292141666  13  13  2  N
 2.313276428  13  13  3  N
 2.313276941  13  13  0  N
 2.347489028  13  13  1  N
 2.822515910  13  13  2  N
 2.850825899  13  13  3  N
 2.850826658  13  13  0  N
 2.889501376  13  13  1  N
 3.396253186  13  13  2  N
 3.444389872  13  13  3  N
 3.444390922  13  13  0  N
 3.464512339  13  13  1  N
 3.889520546  13  13  2  N
 3.926531291  13  13  3  N
 3.926532365  13  13  0  N
 3.967100326  13  13  1  N
 4.380516395  13  13  2  N
 4.415543149  13  13  3  N
 4.415544374  13  13  0  N
 4.448488889  13  13  1  N
 4.894569406  13  13  2  N
 4.924720886  13  13  3  N
 4.924721955  13  13  0  N
 4.974766282  13  13  1  N
 5.422513885  13  13  2  N
 5.466446105  13  13  3  N
 5.466446788  13  13  0  N
 5.514832934  13  13  1  N
 5.867521376  13  13  2  N
 5.902583108  13  13  3  N
 5.902584755  13  13  0  N
 0.001612422  10  10  0  K
 0.020824707  10  10  1  K
 0.101552139  10  10  2  K
 0.148884347  10  10  3  K
 0.148885561  10  10  0  K
 0.175223839  10  10  1  K
 0.605092754  10  10  2  K
 0.620858898  10  10  3  K
 0.620859195  10  10  0  K
 0.647265176  10  10  1  K
 1.182053420  10  10  2  K
 1.198622353  10  10  3  K
 1.198623122  10  10  0  K
 1.245235653  10  10  1  K
 1.677512921  10  10  2  K
 1.708261200  10  10  3  K
 1.708262182  10  10  0  K
 1.733530014  10  10  1  K
 2.160791618  10  10  2  K
 2.199232789  10  10  3  K
 2.199233731  10  10  0  K
 2.240524007  10  10  1  K
 2.687514396  10  10  2  K
 2.721690847  10  10  3  K
 2.721691811  10  10  0  K
 2.740792135  10  10  1  K
 3.230811219  10  10  2  K
 3.260524518  10  10  3  K
 3.260525943  10  10  0  K
 3.280574934  10  10  1  K
 3.780515077  10  10  2  K
 3.814352208  10  10  3  K
 3.814352623  10  10  0  K
 3.841814536  10  10  1  K
 4.286712419  10  10  2  K
 4.317517692  10  10  3  K
 4.317518545  10  10  0  K
 4.367144200  10  10  1  K
 4.770908491  10  10  2  K
 4.785687656  10  10  3  K
 4.785687879  10  10  0  K
 4.801752817  10  10  1  K
 5.254528647  10  10  2  K
 5.276520067  10  10  3  K
 5.276521000  10  10  0  K
 5.313170759  10  10  1  K
 5.718525078  10  10  2  K
 5.761103153  10  10  3  K
 5.761104265  10  10  0  K
 5.777056764  10  10  1  K
 6.150795079  10  10  2  K
 6.197526608  10  10  3  K
 6.197527801  10  10  0  K
 6.236568303  10  10  1  K
 6.570951756  10  10  2  K
 6.617399223  10  10  3  K
 6.617400318  10  10  0  K
 0.001463990  4  4  0  E
 0.046551801  4  4  1  E
 0.467524684  4  4  2  E
 0.496405555  4  4  3  E
 0.496405808  4  4  0  E
 0.518902859  4  4  1  E
 0.960223664  4  4  2  E
 1.001519889  4  4  3  E
 1.001520906  4  4  0  E
 1.019586142  4  4  1  E
 1.524875450  4  4  2  E
 1.561522326  4  4  3  E
 1.561523479  4  4  0  E
 1.608233063  4  4  1  E
 2.010678673  4  4  2  E
 2.040621090  4  4  3  E
 2.040621733  4  4  0  E
 2.063171086  4  4  1  E
 2.477478088  4  4  2  E
 2.515519480  4  4  3  E
 2.515520577  4  4  0  E
 2.563525262  4  4  1  E
 3.033536336  4  4  2  E
 3.083096545  4  4  3  E
 3.083097301  4  4  0  E
 3.110143382  4  4  1  E
 3.612516452  4  4  2  E
 3.628518813  4  4  3  E
 3.628519390  4  4  0  E
 3.661367860  4  4  1  E
 4.148529282  4  4  2  E
 4.159628075  4  4  3  E
 4.159628763  4  4  0  E
 4.202830982  4  4  1  E
 4.601528024  4  4  2  E
 4.630793699  4  4  3  E
 4.630794392  4  4  0  E
 4.677519140  4  4  1  E
 5.138517249  4  4  2  E
 5.150070738  4  4  3  E
 5.150071189  4  4  0  E
 5.181519797  4  4  1  E
 5.593670055  4  4  2  E
 5.604648295  4  4  3  E
 5.604648708  4  4  0  E
 5.631777196  4  4  1  E
 5.952557310  4  4  2  E
 6.005530905  4  4  3  E
 6.005532079  4  4  0  E
 6.036345245  4  4  1  E
 6.366523853  4  4  2  E
 6.404725427  4  4  3  E
 6.404726321  4  4  0  E
 6.424763278  4  4  1  E
 6.825257174  4  4  2  E
 6.847573374  4  4  3  E
 6.847576960  4  4  0  E
 0.001406096  1  1  0  B
 0.047518762  1  1  1  B
 0.496406422  1  1  2  B
 0.538525631  1  1  3  B
 0.538526696  1  1  0  B
 0.560860692  1  1  1  B
 1.002543504  1  1  2  B
 1.048572224  1  1  3  B
 1.048573560  1  1  0  B
 1.078642657  1  1  1  B
 1.561524143  1  1  2  B
 1.588521945  1  1  3  B
 1.588523129  1  1  0  B
 1.616628821  1  1  1  B
 2.040622342  1  1  2  B
 2.059622659  1  1  3  B
 2.059623227  1  1  0  B
 2.081410935  1  1  1  B
 2.515521223  1  1  2  B
 2.563200626  1  1  3  B
 2.563201742  1  1  0  B
 2.590823262  1  1  1  B
 3.083097993  1  1  2  B
 3.121513955  1  1  3  B
 3.121514892  1  1  0  B
 3.141523351  1  1  1  B
 3.628520319  1  1  2  B
 3.675687006  1  1  3  B
 3.675688029  1  1  0  B
 3.710107011  1  1  1  B
 4.159630246  1  1  2  B
 4.180202598  1  1  3  B
 4.180203655  1  1  0  B
 4.216317346  1  1  1  B
 4.630795665  1  1  2  B
 4.679522881  1  1  3  B
 4.679523305  1  1  0  B
 4.723529000  1  1  1  B
 5.150072899  1  1  2  B
 5.168520613  1  1  3  B
 5.168521616  1  1  0  B
 5.190441536  1  1  1  B
 5.604833684  1  1  2  B
 5.638272830  1  1  3  B
 5.638273912  1  1  0  B
 5.670032983  1  1  1  B
 6.016023239  1  1  2  B
 6.060780150  1  1  3  B
 6.060781011  1  1  0  B
 6.095354398  1  1  1  B
 6.483730147  1  1  2  B
 6.516029962  1  1  3  B
 6.516030925  1  1  0  B
 6.541261307  1  1  1  B
 6.916839509  1  1  2  B
 6.942372258  1  1  3  B
 6.942372843  1  1  0  B
 0.001379520  0  0  0  A
 0.019452070  0  0  1  A
 0.063512448  0  0  2  A
 0.097783466  0  0  3  A
 0.097784425  0  0  0  A
 0.117282459  0  0  1  A
 0.569941724  0  0  2  A
 0.605090559  0  0  3  A
 0.605091991  0  0  0  A
 0.619386464  0  0  1  A
 1.142527902  0  0  2  A
 1.179517069  0  0  3  A
 1.179517953  0  0  0  A
 1.203604878  0  0  1  A
 1.625520070  0  0  2  A
 1.676520001  0  0  3  A
 1.676520959  0  0  0  A
 1.717535866  0  0  1  A
 2.130512989  0  0  2  A
 2.160790171  0  0  3  A
 2.160790467  0  0  0  A
 2.200282356  0  0  1  A
 2.638760151  0  0  2  A
 2.685529083  0  0  3  A
 2.685530953  0  0  0  A
 2.731374637  0  0  1  A
 3.179524754  0  0  2  A
 3.227514936  0  0  3  A
 3.227516200  0  0  0  A
 3.277344777  0  0  1  A
 3.740523175  0  0  2  A
 3.777517891  0  0  3  A
 3.777518778  0  0  0  A
 3.803720433  0  0  1  A
 4.259167583  0  0  2  A
 4.286710737  0  0  3  A
 4.286711616  0  0  0  A
 4.336432532  0  0  1  A
 4.750610406  0  0  2  A
 4.770521008  0  0  3  A
 4.770521950  0  0  0  A
 4.799459965  0  0  1  A
 5.232731594  0  0  2  A
 5.254526791  0  0  3  A
 5.254527831  0  0  0  A
 5.265595225  0  0  1  A
 5.700057653  0  0  2  A
 5.716015290  0  0  3  A
 5.716016285  0  0  0  A
 5.744523417  0  0  1  A
 6.075383128  0  0  2  A
 6.103519649  0  0  3  A
 6.103520528  0  0  0  A
 6.133899350  0  0  1  A
 6.516150710  0  0  2  A
 6.533516320  0  0  3  A
 6.533517196  0  0  0  A
 6.565029003  0  0  1  A
 6.942613991  0  0  2  A
 6.982152715  0  0  3  A
 6.982156698  0  0  0  A
 0.001632280  11  11  0  L
 0.017644556  11  11  1  L
 0.017645764  11  11  2  L
 0.062513681  11  11  3  L
 0.062516628  11  11  0  L
 0.100749925  11  11  1  L
 0.553512718  11  11  2  L
 0.569940777  11  11  3  L
 0.569941415  11  11  0  L
 0.612660721  11  11  1  L
 1.112541764  11  11  2  L
 1.141876832  11  11  3  L
 1.141878048  11  11  0  L
 1.184578268  11  11  1  L
 1.602534507  11  11  2  L
 1.625518562  11  11  3  L
 1.625519430  11  11  0  L
 1.647518728  11  11  1  L
 2.085955554  11  11  2  L
 2.127025302  11  11  3  L
 2.127025714  11  11  0  L
 2.148805332  11  11  1  L
 2.597516475  11  11  2  L
 2.635185845  11  11  3  L
 2.635186451  11  11  0  L
 2.657581537  11  11  1  L
 3.148529970  11  11  2  L
 3.179522387  11  11  3  L
 3.179523330  11  11  0  L
 3.209047075  11  11  1  L
 3.719552356  11  11  2  L
 3.740521458  11  11  3  L
 3.740522468  11  11  0  L
 3.767502880  11  11  1  L
 4.218513950  11  11  2  L
 4.259166379  11  11  3  L
 4.259166967  11  11  0  L
 4.298933641  11  11  1  L
 4.701513583  11  11  2  L
 4.750609187  11  11  3  L
 4.750609769  11  11  0  L
 4.783282185  11  11  1  L
 5.194926710  11  11  2  L
 5.232721060  11  11  3  L
 5.232721799  11  11  0  L
 5.254536415  11  11  1  L
 5.679515056  11  11  2  L
 5.700055809  11  11  3  L
 5.700056557  11  11  0  L
 5.745722549  11  11  1  L
 6.107514881  11  11  2  L
 6.150613793  11  11  3  L
 6.150614630  11  11  0  L
 6.181019964  11  11  1  L
 6.533518051  11  11  2  L
 6.569516311  11  11  3  L
 6.569516861  11  11  0  L
 6.582275971  11  11  1  L
 6.983913732  11  11  2  L
 7.030097739  11  11  3  L
 7.030098606  11  11  0  L
 0.001545419  7  7  0  H
 0.057515407  7  7  1  H
 0.539516890  7  7  2  H
 0.552499481  7  7  3  H
 0.552499821  7  7  0  H
 0.591787251  7  7  1  H
 1.048585763  7  7  2  H
 1.102518094  7  7  3  H
 1.102519114  7  7  0  H
 1.129528766  7  7  1  H
 1.588523596  7  7  2  H
 1.602532632  7  7  3  H
 1.602533757  7  7  0  H
 1.634292358  7  7  1  H
 2.060512585  7  7  2  H
 2.085909092  7  7  3  H
 2.085910230  7  7  0  H
 2.125958222  7  7  1  H
 2.564026866  7  7  2  H
 2.593523562  7  7  3  H
 2.593524411  7  7  0  H
 2.639940580  7  7  1  H
 3.121515619  7  7  2  H
 3.148528107  7  7  3  H
 3.148528713  7  7  0  H
 3.192900982  7  7  1  H
 3.675688880  7  7  2  H
 3.719550595  7  7  3  H
 3.719551299  7  7  0  H
 3.749297131  7  7  1  H
 4.181003640  7  7  2  H
 4.217914830  7  7  3  H
 4.217915247  7  7  0  H
 4.250857612  7  7  1  H
 4.681342363  7  7  2  H
 4.700528913  7  7  3  H
 4.700529763  7  7  0  H
 4.737528977  7  7  1  H
 5.168522031  7  7  2  H
 5.193521491  7  7  3  H
 5.193521884  7  7  0  H
 5.221149405  7  7  1  H
 5.638274324  7  7  2  H
 5.672514796  7  7  3  H
 5.672515144  7  7  0  H
 5.703009169  7  7  1  H
 6.060781826  7  7  2  H
 6.073703933  7  7  3  H
 6.073704892  7  7  0  H
 6.085933225  7  7  1  H
 6.452531757  7  7  2  H
 6.483728391  7  7  3  H
 6.483729389  7  7  0  H
 6.516650212  7  7  1  H
 6.870522513  7  7  2  H
 6.916837797  7  7  3  H
 6.916838821  7  7  0  H
 6.942296118  7  7  1  H
 7.249516345  7  7  2  H
 7.273595732  7  7  3  H
 7.273596591  7  7  0  H
 0.001443942  3  3  0  D
 0.022600679  3  3  1  D
 0.150513830  3  3  2  D
 0.160591096  3  3  3  D
 0.160591365  3  3  0  D
 0.181195907  3  3  1  D
 0.620859595  3  3  2  D
 0.672663393  3  3  3  D
 0.672664114  3  3  0  D
 0.711504943  3  3  1  D
 1.198623827  3  3  2  D
 1.237521499  3  3  3  D
 1.237522438  3  3  0  D
 1.277733380  3  3  1  D
 1.708262874  3  3  2  D
 1.748904658  3  3  3  D
 1.748905932  3  3  0  D
 1.764586854  3  3  1  D
 2.199513185  3  3  2  D
 2.218595332  3  3  3  D
 2.218597537  3  3  0  D
 2.257310982  3  3  1  D
 2.721693374  3  3  2  D
 2.737571744  3  3  3  D
 2.737573503  3  3  0  D
 2.753650146  3  3  1  D
 3.263518215  3  3  2  D
 3.311274751  3  3  3  D
 3.311276091  3  3  0  D
 3.355499778  3  3  1  D
 3.818514642  3  3  2  D
 3.828956449  3  3  3  D
 3.828956701  3  3  0  D
 3.849107596  3  3  1  D
 4.317519134  3  3  2  D
 4.346524396  3  3  3  D
 4.346525275  3  3  0  D
 4.401513883  3  3  1  D
 4.809383278  3  3  2  D
 4.842872833  3  3  3  D
 4.842873886  3  3  0  D
 4.879158239  3  3  1  D
 5.335523044  3  3  2  D
 5.349514091  3  3  3  D
 5.349514741  3  3  0  D
 5.368802896  3  3  1  D
 5.775543780  3  3  2  D
 5.827514569  3  3  3  D
 5.827515603  3  3  0  D
 5.866175969  3  3  1  D
 6.246841641  3  3  2  D
 6.293535131  3  3  3  D
 6.293536062  3  3  0  D
 6.331539302  3  3  1  D
 6.701473069  3  3  2  D
 6.722433093  3  3  3  D
 6.722433558  3  3  0  D
 6.733792744  3  3  1  D
 7.098524222  3  3  2  D
 7.112052250  3  3  3  D
 7.112053142  3  3  0  D
 7.152271206  3  3  1  D
 7.327023926  3  3  2  D
 7.347194436  3  3  3  D
 7.347195739  3  3  0  D
 0.001501256  6  6  0  G
 0.039520997  6  6  1  G
 0.447512523  6  6  2  G
 0.462350638  6  6  3  G
 0.462350880  6  6  0  G
 0.486934297  6  6  1  G
 0.883519194  6  6  2  G
 0.912517825  6  6  3  G
 0.912518562  6  6  0  G
 0.926517967  6  6  1  G
 1.452538739  6  6  2  G
 1.465868189  6  6  3  G
 1.465868736  6  6  0  G
 1.507308321  6  6  1  G
 1.933842597  6  6  2  G
 1.983520727  6  6  3  G
 1.983521761  6  6  0  G
 2.027838495  6  6  1  G
 2.402371522  6  6  2  G
 2.435520119  6  6  3  G
 2.435521082  6  6  0  G
 2.474458976  6  6  1  G
 2.972518742  6  6  2  G
 2.992085787  6  6  3  G
 2.992086861  6  6  0  G
 3.029925457  6  6  1  G
 3.518624260  6  6  2  G
 3.563514326  6  6  3  G
 3.563514670  6  6  0  G
 3.601700923  6  6  1  G
 4.059512800  6  6  2  G
 4.101960210  6  6  3  G
 4.101960652  6  6  0  G
 4.117076128  6  6  1  G
 4.534379472  6  6  2  G
 4.562523115  6  6  3  G
 4.562524240  6  6  0  G
 4.605882567  6  6  1  G
 5.042514651  6  6  2  G
 5.089519623  6  6  3  G
 5.089520289  6  6  0  G
 5.123461177  6  6  1  G
 5.529517781  6  6  2  G
 5.571136622  6  6  3  G
 5.571137711  6  6  0  G
 5.583582502  6  6  1  G
 5.936342747  6  6  2  G
 5.952540054  6  6  3  G
 5.952542177  6  6  0  G
 5.977416216  6  6  1  G
 6.336526906  6  6  2  G
 6.366522318  6  6  3  G
 6.366523253  6  6  0  G
 6.407043104  6  6  1  G
 6.800524787  6  6  2  G
 6.825255850  6  6  3  G
 6.825256734  6  6  0  G
 6.860524901  6  6  1  G
 7.185752996  6  6  2  G
 7.209534915  6  6  3  G
 7.209535375  6  6  0  G
 7.238931898  6  6  1  G
 7.413120927  6  6  2  G
 7.430333610  6  6  3  G
 7.430339358  6  6  0  G
 7.463122692  6  6  1  G
 7.599382130  6  6  2  G
 7.634536550  6  6  3  G
 7.634537611  6  6  0  G
 0.001651711  12  12  0  M
 0.038522318  12  12  1  M
 0.415931187  12  12  2  M
 0.445927817  12  12  3  M
 0.445928713  12  12  0  M
 0.492805263  12  12  1  M
 0.912520048  12  12  2  M
 0.959035805  12  12  3  M
 0.959036794  12  12  0  M
 0.973108645  12  12  1  M
 1.473524993  12  12  2  M
 1.524517585  12  12  3  M
 1.524518686  12  12  0  M
 1.548956354  12  12  1  M
 1.983522508  12  12  2  M
 2.007520129  12  12  3  M
 2.007521144  12  12  0  M
 2.028377669  12  12  1  M
 2.436512786  12  12  2  M
 2.477060054  12  12  3  M
 2.477060979  12  12  0  M
 2.492993537  12  12  1  M
 2.998516307  12  12  2  M
 3.033535155  12  12  3  M
 3.033535803  12  12  0  M
 3.047781625  12  12  1  M
 3.563515074  12  12  2  M
 3.612514826  12  12  3  M
 3.612515738  12  12  0  M
 3.656853813  12  12  1  M
 4.105516128  12  12  2  M
 4.145848202  12  12  3  M
 4.145849528  12  12  0  M
 4.175528168  12  12  1  M
 4.563414725  12  12  2  M
 4.601526064  12  12  3  M
 4.601527459  12  12  0  M
 4.625056318  12  12  1  M
 5.092513421  12  12  2  M
 5.134944903  12  12  3  M
 5.134945609  12  12  0  M
 5.156629592  12  12  1  M
 5.571138092  12  12  2  M
 5.593517758  12  12  3  M
 5.593518298  12  12  0  M
 5.640420084  12  12  1  M
 6.005532920  12  12  2  M
 6.015951532  12  12  3  M
 6.015952478  12  12  0  M
 6.044817461  12  12  1  M
 6.404727921  12  12  2  M
 6.452530161  12  12  3  M
 6.452531188  12  12  0  M
 6.499240105  12  12  1  M
 6.847578588  12  12  2  M
 6.867791473  12  12  3  M
 6.867797521  12  12  0  M
 6.898109861  12  12  1  M
 7.209536100  12  12  2  M
 7.249514706  12  12  3  M
 7.249515358  12  12  0  M
 7.266170581  12  12  1  M
 7.430341652  12  12  2  M
 7.455217110  12  12  3  M
 7.455218019  12  12  0  M
 7.466591375  12  12  1  M
 7.634537890  12  12  2  M
 7.667897244  12  12  3  M
 7.667898509  12  12  0  M
 0.001482923  5  5  0  F
 0.032794542  5  5  1  F
 0.291171657  5  5  2  F
 0.341517404  5  5  3  F
 0.341517849  5  5  0  F
 0.384573500  5  5  1  F
 0.769071073  5  5  2  F
 0.816529646  5  5  3  F
 0.816530734  5  5  0  F
 0.858310734  5  5  1  F
 1.396139588  5  5  2  F
 1.425951126  5  5  3  F
 1.425952521  5  5  0  F
 1.454632724  5  5  1  F
 1.875331019  5  5  2  F
 1.891547158  5  5  3  F
 1.891549616  5  5  0  F
 1.911702734  5  5  1  F
 2.331072136  5  5  2  F
 2.375735643  5  5  3  F
 2.375736416  5  5  0  F
 2.404098153  5  5  1  F
 2.900518869  5  5  2  F
 2.922994716  5  5  3  F
 2.922995122  5  5  0  F
 2.970352044  5  5  1  F
 3.458529853  5  5  2  F
 3.487521825  5  5  3  F
 3.487522503  5  5  0  F
 3.518868816  5  5  1  F
 3.971908110  5  5  2  F
 4.013801923  5  5  3  F
 4.013802774  5  5  0  F
 4.034486149  5  5  1  F
 4.436518459  5  5  2  F
 4.483998727  5  5  3  F
 4.483999471  5  5  0  F
 4.504529672  5  5  1  F
 4.939971565  5  5  2  F
 4.992515390  5  5  3  F
 4.992516025  5  5  0  F
 5.016914754  5  5  1  F
 5.466447318  5  5  2  F
 5.502522831  5  5  3  F
 5.502523620  5  5  0  F
 5.541363599  5  5  1  F
 5.902585470  5  5  2  F
 5.922686640  5  5  3  F
 5.922687344  5  5  0  F
 5.942533791  5  5  1  F
 6.293536978  5  5  2  F
 6.320529604  5  5  3  F
 6.320530850  5  5  0  F
 6.346415610  5  5  1  F
 6.722445124  5  5  2  F
 6.772556754  5  5  3  F
 6.772558244  5  5  0  F
 6.786083288  5  5  1  F
 7.112053599  5  5  2  F
 7.156538164  5  5  3  F
 7.156538836  5  5  0  F
 7.185394322  5  5  1  F
 7.347196648  5  5  2  F
 7.392517157  5  5  3  F
 7.392517891  5  5  0  F
 7.416218705  5  5  1  F
 7.534722649  5  5  2  F
 7.553771082  5  5  3  F
 7.553772440  5  5  0  F
 7.588986763  5  5  1  F
 7.730545674  5  5  2  F
 7.741247968  5  5  3  F
 7.741248927  5  5  0  F
 7.775150466  5  5  1  F
 7.838337483  5  5  2  F
 7.885550083  5  5  3  F
 7.885550866  5  5  0  F
 7.931938024  5  5  1  F
 7.960814777  5  5  2  F
 7.992981134  5  5  3  F
 7.992982433  5  5  0  F
 0.001690069  14  14  0  O
 0.036521140  14  14  1  O
 0.366105593  14  14  2  O
 0.415930398  14  14  3  O
 0.415930734  14  14  0  O
 0.457596989  14  14  1  O
 0.839150050  14  14  2  O
 0.879746449  14  14  3  O
 0.879747497  14  14  0  O
 0.923166668  14  14  1  O
 1.425952966  14  14  2  O
 1.452537073  14  14  3  O
 1.452538112  14  14  0  O
 1.495988221  14  14  1  O
 1.891550349  14  14  2  O
 1.933840912  14  14  3  O
 1.933841965  14  14  0  O
 1.957271093  14  14  1  O
 2.381517104  14  14  2  O
 2.402369926  14  14  3  O
 2.402370801  14  14  0  O
 2.444459988  14  14  1  O
 2.924298944  14  14  2  O
 2.972517732  14  14  3  O
 2.972518327  14  14  0  O
 2.992523125  14  14  1  O
 3.487523050  14  14  2  O
 3.518622648  14  14  3  O
 3.518623204  14  14  0  O
 3.554751042  14  14  1  O
 4.013803569  14  14  2  O
 4.058649649  14  14  3  O
 4.058650677  14  14  0  O
 4.090863812  14  14  1  O
 4.486514076  14  14  2  O
 4.534377686  14  14  3  O
 4.534378541  14  14  0  O
 4.545942339  14  14  1  O
 4.992516756  14  14  2  O
 5.038642354  14  14  3  O
 5.038644053  14  14  0  O
 5.073651077  14  14  1  O
 5.502524863  14  14  2  O
 5.526534965  14  14  3  O
 5.526535483  14  14  0  O
 5.546099898  14  14  1  O
 5.922688401  14  14  2  O
 5.936341372  14  14  3  O
 5.936342191  14  14  0  O
 5.955648839  14  14  1  O
 6.324656128  14  14  2  O
 6.336525379  14  14  3  O
 6.336526307  14  14  0  O
 6.375587592  14  14  1  O
 6.772559042  14  14  2  O
 6.791531169  14  14  3  O
 6.791532595  14  14  0  O
 6.808804979  14  14  1  O
 7.156539540  14  14  2  O
 7.185752338  14  14  3  O
 7.185752808  14  14  0  O
 7.207486151  14  14  1  O
 7.392518654  14  14  2  O
 7.413119369  14  14  3  O
 7.413120633  14  14  0  O
 7.449313335  14  14  1  O
 7.553773276  14  14  2  O
 7.599380432  14  14  3  O
 7.599381459  14  14  0  O
 7.609591278  14  14  1  O
 7.741249749  14  14  2  O
 7.771879337  14  14  3  O
 7.771880363  14  14  0  O
 7.782707561  14  14  1  O
 7.885551755  14  14  2  O
 7.912448906  14  14  3  O
 7.912450241  14  14  0  O
 7.950907677  14  14  1  O
 7.992983444  14  14  2  O
 8.008839107  14  14  3  O
 8.008840313  14  14  0  O
 0.001425759  2  2  0  C
 0.025153562  2  2  1  C
 0.160591967  2  2  2  C
 0.200519748  2  2  3  C
 0.200520423  2  2  0  C
 0.233638541  2  2  1  C
 0.672664837  2  2  2  C
 0.712820683  2  2  3  C
 0.712821243  2  2  0  C
 0.748892349  2  2  1  C
 1.237523222  2  2  2  C
 1.285778208  2  2  3  C
 1.285779091  2  2  0  C
 1.316830887  2  2  1  C
 1.749512640  2  2  2  C
 1.766204664  2  2  3  C
 1.766204976  2  2  0  C
 1.811754775  2  2  1  C
 2.218598289  2  2  2  C
 2.246653669  2  2  3  C
 2.246654591  2  2  0  C
 2.269571909  2  2  1  C
 2.741932738  2  2  2  C
 2.776260496  2  2  3  C
 2.776261454  2  2  0  C
 2.786950042  2  2  1  C
 3.311285870  2  2  2  C
 3.360517847  2  2  3  C
 3.360518745  2  2  0  C
 3.406645736  2  2  1  C
 3.828957398  2  2  2  C
 3.850355548  2  2  3  C
 3.850355750  2  2  0  C
 3.862926122  2  2  1  C
 4.346533618  2  2  2  C
 4.360005201  2  2  3  C
 4.360005693  2  2  0  C
 4.388576548  2  2  1  C
 4.785688572  2  2  2  C
 4.809381836  2  2  3  C
 4.809382051  2  2  0  C
 4.849306077  2  2  1  C
 5.276521909  2  2  2  C
 5.327387633  2  2  3  C
 5.327389024  2  2  0  C
 5.356331878  2  2  1  C
 5.761105052  2  2  2  C
 5.775541784  2  2  3  C
 5.775543165  2  2  0  C
 5.794977994  2  2  1  C
 6.197657920  2  2  2  C
 6.212818023  2  2  3  C
 6.212818826  2  2  0  C
 6.240309295  2  2  1  C
 6.617950278  2  2  2  C
 6.652581009  2  2  3  C
 6.652582022  2  2  0  C
 6.679378487  2  2  1  C
 7.030099322  2  2  2  C
 7.080583870  2  2  3  C
 7.080590303  2  2  0  C
 7.122484625  2  2  1  C
 7.273597386  2  2  2  C
 7.297023598  2  2  3  C
 7.297027771  2  2  0  C
 7.326306728  2  2  1  C
 7.455218860  2  2  2  C
 7.496438863  2  2  3  C
 7.496439997  2  2  0  C
 7.543741691  2  2  1  C
 7.667899196  2  2  2  C
 7.681167667  2  2  3  C
 7.681168738  2  2  0  C
 7.720128500  2  2  1  C
 7.771881246  2  2  2  C
 7.819469713  2  2  3  C
 7.819470700  2  2  0  C
 7.860469681  2  2  1  C
 7.940224617  2  2  2  C
 7.960813080  2  2  3  C
 7.960813999  2  2  0  C
 8.001487428  2  2  1  C
 8.052626524  2  2  2  C
 8.068061128  2  2  3  C
 8.068062601  2  2  0  C
 8.102686223  2  2  1  C
 8.112627922  2  2  2  C
 8.153172488  2  2  3  C
 8.153173420  2  2  0  C
 8.193523278  2  2  1  C
 8.193524366  2  2  2  C
 8.232575519  2  2  3  C
 8.232577051  2  2  0  C
 0.001566632  8  8  0  I
 0.028067391  8  8  1  I
 0.200520824  8  8  2  I
 0.249106561  8  8  3  I
 0.249107570  8  8  0  I
 0.279556210  8  8  1  I
 0.712831597  8  8  2  I
 0.747828755  8  8  3  I
 0.747830510  8  8  0  I
 0.769980844  8  8  1  I
 1.289556405  8  8  2  I
 1.312954009  8  8  3  I
 1.312955192  8  8  0  I
 1.335989927  8  8  1  I
 1.769514346  8  8  2  I
 1.802515161  8  8  3  I
 1.802516471  8  8  0  I
 1.841864426  8  8  1  I
 2.246655036  8  8  2  I
 2.290521859  8  8  3  I
 2.290522872  8  8  0  I
 2.319530325  8  8  1  I
 2.776262349  8  8  2  I
 2.820717839  8  8  3  I
 2.820718675  8  8  0  I
 2.867189235  8  8  1  I
 3.363191193  8  8  2  I
 3.396244355  8  8  3  I
 3.396245470  8  8  0  I
 3.407616401  8  8  1  I
 3.850356775  8  8  2  I
 3.889518739  8  8  3  I
 3.889519615  8  8  0  I
 3.900111221  8  8  1  I
 4.360007067  8  8  2  I
 4.380515142  8  8  3  I
 4.380515694  8  8  0  I
 4.428408833  8  8  1  I
 4.847514863  8  8  2  I
 4.894565749  8  8  3  I
 4.894568702  8  8  0  I
 4.925941106  8  8  1  I
 5.349516143  8  8  2  I
 5.406821610  8  8  3  I
 5.406822777  8  8  0  I
 5.435589132  8  8  1  I
 5.827516113  8  8  2  I
 5.846521993  8  8  3  I
 5.846523002  8  8  0  I
 5.865137598  8  8  1  I
 6.212830501  8  8  2  I
 6.246840282  8  8  3  I
 6.246840897  8  8  0  I
 6.271918897  8  8  1  I
 6.652582795  8  8  2  I
 6.700560350  8  8  3  I
 6.700562726  8  8  0  I
 6.721541141  8  8  1  I
 7.080627001  8  8  2  I
 7.098522812  8  8  3  I
 7.098523764  8  8  0  I
 7.142848062  8  8  1  I
 7.297030020  8  8  2  I
 7.327022878  8  8  3  I
 7.327023294  8  8  0  I
 7.341616682  8  8  1  I
 7.496440784  8  8  2  I
 7.534719640  8  8  3  I
 7.534721757  8  8  0  I
 7.576053354  8  8  1  I
 7.681169587  8  8  2  I
 7.730499729  8  8  3  I
 7.730539690  8  8  0  I
 7.760128568  8  8  1  I
 7.819471675  8  8  2  I
 7.838335541  8  8  3  I
 7.838336621  8  8  0  I
 7.860284767  8  8  1  I
 7.912450650  8  8  2  I
 7.940222779  8  8  3  I
 7.940223794  8  8  0  I
 7.983138046  8  8  1  I
 8.008841174  8  8  2  I
 8.052608970  8  8  3  I
 8.052617678  8  8  0  I
 8.102181441  8  8  1  I
 8.102183204  8  8  2  I
 8.112625360  8  8  3  I
 8.112627307  8  8  0  I
 8.128417538  8  8  1  I
 8.153174603  8  8  2  I
 8.178950472  8  8  3  I
 8.178952131  8  8  0  I
 8.224451138  8  8  1  I
 8.232577666  8  8  2  I
 8.258327360  8  8  3  I
 8.258328278  8  8  0  I
 8.277218234  8  8  1  I
 8.277219387  8  8  2  I
 8.315758916  8  8  3  I
 8.315760710  8  8  0  I
-1  15  15  4 LOCAL_SECTION;ENTRY_PROTOCOL;CRITICAL_SECTION;EXIT_PROTOCOL;MAX_TICKET=243
