-1 15 15 15
15 2 10 12 C
59 2 9 12 C
87 2 8 12 C
123 2 7 12 C
150 2 6 12 C
150 2 6 12 c
200 2 15 15 C
56 11 10 7 L
71 11 10 6 L
105 11 11 6 L
148 11 11 5 L
169 11 10 5 L
169 11 10 5 l
220 11 15 15 L
43 7 9 4 H
74 7 9 3 H
107 7 8 3 H
135 7 8 4 H
163 7 9 4 H
196 7 10 4 H
227 7 10 5 H
227 7 10 5 h
278 7 15 15 H
146 500 12 10 1
297 500 15 15 1
156 501 10 10 1
177 501 10 11 1
307 501 15 15 1
37 10 1 8 K
51 10 1 7 K
74 10 1 8 K
118 10 2 8 K
135 10 2 7 K
204 10 1 7 K
238 10 2 7 K
275 10 3 7 K
317 10 2 7 K
187 502 2 6 1
208 502 2 7 1
337 502 15 15 1
49 6 13 7 G
94 6 14 7 G
109 6 14 6 G
149 6 14 7 G
195 6 0 7 G
251 6 14 7 G
286 6 0 7 G
320 6 0 6 G
320 6 0 6 g
370 6 15 15 G
327 503 13 3 1
477 503 15 15 1
59 8 0 4 I
72 8 14 4 I
114 8 0 4 I
149 8 1 4 I
171 8 0 4 I
188 8 0 3 I
212 8 0 4 I
247 8 1 4 I
313 8 2 4 I
331 8 1 4 I
343 8 1 3 I
377 8 1 2 I
418 8 2 2 I
452 8 2 1 I
452 8 2 1 i
503 8 15 15 I
51 14 3 6 O
83 14 3 7 O
105 14 3 6 O
146 14 3 7 O
181 14 3 6 O
208 14 2 6 O
239 14 3 6 O
331 14 3 5 O
343 14 3 4 O
354 14 3 3 O
395 14 4 3 O
441 14 4 2 O
476 14 3 2 O
476 14 3 2 o
527 14 15 15 O
40 4 8 6 E
51 4 7 6 E
69 4 6 6 E
119 4 6 7 E
155 4 7 7 E
171 4 8 7 E
199 4 8 8 E
246 4 8 9 E
264 4 8 10 E
338 4 7 10 E
382 4 7 11 E
472 4 8 11 E
511 4 8 10 E
530 4 9 10 E
381 505 8 1 1
531 505 15 15 1
381 504 8 12 1
531 504 15 15 1
43 5 2 6 F
91 5 1 6 F
131 5 1 5 F
162 5 2 5 F
173 5 1 5 F
189 5 2 5 F
250 5 1 5 F
277 5 2 5 F
291 5 2 4 F
304 5 2 5 F
333 5 1 5 F
354 5 0 5 F
368 5 14 5 F
405 5 14 6 F
425 5 14 7 F
439 5 13 7 F
463 5 13 6 F
479 5 14 6 F
513 5 0 6 F
513 5 0 6 f
564 5 15 15 F
456 506 2 9 1
606 506 15 15 1
476 507 2 10 1
627 507 15 15 1
497 508 11 2 1
647 508 15 15 1
552 509 7 12 1
703 509 15 15 1
15 1 11 13 B
34 1 12 13 B
65 1 12 12 B
94 1 12 11 B
113 1 12 10 B
132 1 11 10 B
177 1 10 10 B
220 1 9 10 B
246 1 9 9 B
291 1 9 10 B
343 1 9 11 B
385 1 8 11 B
460 1 9 11 B
541 1 8 11 B
570 1 8 10 B
614 1 8 11 B
653 1 9 11 B
693 1 9 10 B
705 1 8 10 B
731 1 8 11 B
584 510 7 8 1
713 510 7 9 1
713 510 7 9 *
764 510 15 15 1
626 511 9 13 1
776 511 15 15 1
52 12 8 8 M
69 12 9 8 M
89 12 8 8 M
116 12 7 8 M
142 12 6 8 M
165 12 6 7 M
205 12 6 8 M
216 12 6 7 M
230 12 6 6 M
258 12 7 6 M
283 12 7 7 M
325 12 7 6 M
370 12 7 7 M
394 12 7 6 M
426 12 6 6 M
474 12 6 7 M
494 12 7 7 M
523 12 8 7 M
556 12 7 7 M
589 12 7 6 M
620 12 8 6 M
653 12 8 7 M
698 12 7 7 M
713 12 7 8 M
730 12 7 7 M
776 12 8 7 M
787 12 7 7 M
647 512 11 1 1
798 512 15 15 1
689 513 9 12 1
839 513 15 15 1
774 514 10 13 1
925 514 15 15 1
17 0 9 1 A
29 0 9 0 A
49 0 10 0 A
60 0 9 0 A
95 0 10 0 A
116 0 10 14 A
127 0 10 13 A
167 0 11 13 A
212 0 11 12 A
224 0 12 12 A
251 0 12 11 A
280 0 12 12 A
309 0 12 13 A
337 0 13 13 A
382 0 12 13 A
421 0 13 13 A
446 0 14 13 A
494 0 0 13 A
527 0 1 13 A
544 0 0 13 A
586 0 0 12 A
613 0 1 12 A
663 0 2 12 A
679 0 2 11 A
692 0 2 12 A
758 0 1 12 A
801 0 1 11 A
842 0 1 10 A
873 0 1 11 A
899 0 2 11 A
925 0 2 10 A
954 0 2 9 A
970 0 3 9 A
1012 0 3 8 A
1012 0 3 8 a
1063 0 15 15 A
922 515 14 2 1
1072 515 15 15 1
955 516 8 5 1
1105 516 15 15 1
987 517 1 2 1
1137 517 15 15 1
987 518 8 2 1
1137 518 15 15 1
987 519 3 1 1
1137 519 15 15 1
997 520 11 5 1
1148 520 15 15 1
1019 521 8 8 1
1169 521 15 15 1
1051 522 9 11 1
1202 522 15 15 1
1083 523 1 0 1
1233 523 15 15 1
1265 524 0 14 1
1416 524 15 15 1
1286 525 6 9 1
1437 525 15 15 1
1317 527 12 8 1
1468 527 15 15 1
1317 526 13 4 1
1468 526 15 15 1
1327 528 11 12 1
1477 528 15 15 1
1338 529 10 4 1
1488 529 15 15 1
1348 530 0 1 1
1498 530 15 15 1
52 9 1 6 J
89 9 1 7 J
114 9 0 7 J
137 9 0 8 J
153 9 14 8 J
174 9 14 9 J
205 9 14 8 J
258 9 0 8 J
282 9 0 9 J
320 9 1 9 J
348 9 2 9 J
389 9 1 9 J
453 9 1 10 J
468 9 1 11 J
515 9 2 11 J
535 9 2 12 J
548 9 2 13 J
564 9 2 14 J
608 9 1 14 J
622 9 2 14 J
657 9 2 13 J
707 9 3 13 J
719 9 3 12 J
751 9 3 13 J
784 9 2 13 J
802 9 2 14 J
838 9 2 13 J
870 9 2 12 J
945 9 1 12 J
963 9 1 13 J
999 9 1 12 J
1048 9 2 12 J
1074 9 1 12 J
1109 9 1 13 J
1136 9 1 12 J
1167 9 0 12 J
1180 9 0 13 J
1210 9 1 13 J
1232 9 2 13 J
1267 9 2 14 J
1299 9 2 13 J
1324 9 3 13 J
1345 9 2 13 J
1372 9 3 13 J
1391 9 4 13 J
1411 9 4 12 J
1456 9 4 11 J
1491 9 4 10 J
1491 9 4 10 j
1541 9 15 15 J
1464 531 7 11 1
1614 531 15 15 1
1495 532 4 4 1
1646 532 15 15 1
1568 533 11 6 1
1719 533 15 15 1
1622 535 8 1 1
1773 535 15 15 1
1622 534 5 13 1
1774 534 15 15 1
1643 536 10 4 1
1794 536 15 15 1
1654 537 9 10 1
1736 537 9 11 1
1804 537 15 15 1
1770 538 14 7 1
1921 538 15 15 1
1814 539 4 7 1
1964 539 15 15 1
2014 540 11 2 1
2165 540 15 15 1
52 3 1 8 D
63 3 1 9 D
88 3 0 9 D
100 3 0 10 D
116 3 14 10 D
134 3 0 10 D
180 3 0 9 D
208 3 14 9 D
255 3 14 10 D
302 3 0 10 D
327 3 0 9 D
349 3 0 10 D
395 3 0 9 D
438 3 0 8 D
452 3 0 9 D
466 3 14 9 D
490 3 14 8 D
502 3 14 9 D
534 3 13 9 D
558 3 12 9 D
602 3 13 9 D
632 3 13 10 D
657 3 13 11 D
705 3 14 11 D
737 3 14 10 D
751 3 14 9 D
762 3 13 9 D
806 3 13 10 D
849 3 13 9 D
867 3 13 8 D
900 3 13 9 D
933 3 13 10 D
966 3 13 9 D
1002 3 14 9 D
1033 3 14 10 D
1082 3 13 10 D
1100 3 14 10 D
1114 3 14 9 D
1127 3 14 8 D
1157 3 14 9 D
1192 3 13 9 D
1228 3 13 10 D
1240 3 14 10 D
1256 3 14 11 D
1275 3 13 11 D
1301 3 14 11 D
1327 3 14 10 D
1337 3 0 10 D
1351 3 14 10 D
1375 3 13 10 D
1414 3 13 9 D
1438 3 12 9 D
1484 3 11 9 D
1506 3 12 9 D
1517 3 12 10 D
1551 3 12 11 D
1583 3 11 11 D
1606 3 10 11 D
1618 3 10 10 D
1664 3 10 9 D
1714 3 9 9 D
1736 3 9 10 D
1804 3 8 10 D
1824 3 8 11 D
1863 3 8 12 D
1882 3 9 12 D
1910 3 10 12 D
1950 3 9 12 D
1969 3 9 13 D
1983 3 9 12 D
1997 3 8 12 D
2038 3 7 12 D
2071 3 7 13 D
2115 3 7 12 D
2150 3 6 12 D
2150 3 6 12 d
2201 3 15 15 D
2067 541 2 8 1
2218 541 15 15 1
2099 542 2 13 1
2249 542 15 15 1
0 106 0 6 #
370 106 0 6 #
564 106 0 6 #
1 131 2 1 #
503 131 2 1 #
1 133 2 3 #
1 147 3 2 #
527 147 3 2 #
1 153 3 8 #
1063 153 3 8 #
1 159 3 14 #
1 169 4 9 #
1 170 4 10 #
1541 170 4 10 #
1 177 5 2 #
2 192 6 2 #
2 201 6 11 #
2 202 6 12 #
200 202 6 12 #
2201 202 6 12 #
2 203 6 13 #
2 206 7 1 #
2 208 7 3 #
2 214 7 9 #
3 255 10 5 #
220 255 10 5 #
278 255 10 5 #
3 273 11 8 #
3 279 11 14 #
3 296 13 1 #
3 286 12 6 #
4 300 13 5 #
4 313 14 3 #
