-1  15  15  15
 0.000000000  6  12  12  G
 0.000008264  6  12  13  G
 0.000038618  6  13  13  G
 0.000009607  6  12  13  G
 0.000012512  6  12  14  G
 0.000007569  6  12  13  G
 0.000009281  6  13  13  G
 0.000012727  6  14  13  G
 0.000008508  6  14  12  G
 0.000008838  6  14  11  G
 0.000008054  6  14  12  G
 0.000010578  6  14  13  G
 0.000008292  6  14  14  G
 0.000008610  6  0  14  G
 0.000008214  6  14  14  G
 0.000010534  6  0  14  G
 0.000008540  6  0  0  G
 0.000008473  6  0  14  G
 0.000008412  6  0  0  G
 0.000008538  6  14  0  G
 0.000016982  6  0  0  G
 0.000000000  2  13  7  C
 0.000009061  2  14  7  C
 0.000009202  2  0  7  C
 0.000008972  2  0  6  C
 0.000008826  2  14  6  C
 0.000008923  2  13  6  C
 0.000009001  2  14  6  C
 0.000008828  2  13  6  C
 0.000008553  2  14  6  C
 0.000011488  2  13  6  C
 0.000008625  2  14  6  C
 0.000009155  2  13  6  C
 0.000008574  2  13  7  C
 0.000008625  2  12  7  C
 0.000008790  2  11  7  C
 0.000008939  2  11  6  C
 0.000008508  2  11  7  C
 0.000010339  2  12  7  C
 0.000008646  2  11  7  C
 0.000009213  2  11  6  C
 0.000008537  2  12  6  C
 0.000007760  2  12  7  C
 0.000002336  2  12  6  C
 0.000005294  2  12  7  C
 0.000000000  8  3  11  I
 0.000008804  8  4  11  I
 0.000012304  8  4  10  I
 0.000009191  8  4  9  I
 0.000013676  8  3  9  I
 0.000013280  8  4  9  I
 0.000009269  8  5  9  I
 0.000008593  8  4  9  I
 0.000010784  8  3  9  I
 0.000008896  8  3  8  I
 0.000009021  8  4  8  I
 0.000008632  8  4  9  I
 0.000008857  8  4  10  I
 0.000008478  8  4  11  I
 0.030039487  8  4  10  I
 0.000027930  8  4  9  I
 0.000248535  8  3  9  I
 0.000008745  8  2  9  I
 0.020811578  8  1  9  I
 0.000003305  8  0  9  I
 0.000005448  8  1  9  I
 0.000005407  8  2  9  I
 0.000011761  8  1  9  I
 0.000000000  7  1  8  H
 0.000008983  7  1  7  H
 0.000032239  7  1  8  H
 0.000008963  7  0  8  H
 0.000008875  7  0  9  H
 0.011800460  7  1  9  H
 0.000009243  7  0  9  H
 0.000008621  7  0  8  H
 0.084868021  7  0  9  H
 0.000008736  7  1  9  H
 0.000008947  7  1  8  H
 0.000008509  7  1  9  H
 0.000272842  7  2  9  H
 0.000008938  7  2  8  H
 0.000008909  7  2  7  H
 0.000008491  7  2  8  H
 0.000014704  7  1  8  H
 0.000002853  7  2  8  H
 0.000002181  7  2  7  H
 0.000003726  7  3  7  H
 0.000011205  7  4  7  H
 0.000008621  7  5  7  H
 0.000017032  7  6  7  H
 0.000013504  7  7  7  H
 0.000010855  7  7  8  H
 0.000009837  7  6  8  H
 0.000009191  7  6  7  H
 0.000010368  7  6  6  H
 0.000009049  7  6  5  H
 0.000009316  7  6  4  H
 0.000000000  10  3  13  K
 0.000009121  10  4  13  K
 0.000008618  10  3  13  K
 0.000009629  10  4  13  K
 0.000008892  10  3  13  K
 0.000011134  10  2  13  K
 0.000009199  10  3  13  K
 0.000008473  10  3  14  K
 0.000005000  10  3  0  K
 0.000008595  10  4  0  K
 0.000010666  10  4  1  K
 0.000008503  10  3  1  K
 0.000008757  10  3  2  K
 0.000008542  10  3  1  K
 0.000008028  10  4  1  K
 0.000008352  10  4  0  K
 0.000008652  10  3  0  K
 0.000009100  10  3  14  K
 0.000005613  10  3  13  K
 0.000009003  10  4  13  K
 0.000005923  10  4  12  K
 0.000003153  10  4  13  K
 0.000002197  10  4  12  K
 0.028815226  10  4  13  K
 0.000008002  10  5  13  K
 0.000006615  10  4  13  K
 0.000009080  10  4  12  K
 0.000006481  10  4  13  K
 0.000009110  10  4  12  K
 0.000008901  10  4  13  K
 0.000009735  10  4  14  K
 0.014063615  39  2  9  1
 0.482568060  39  3  9  1
 0.491541665  39  3  10  1
 0.825188544  39  3  11  1
 1.443348372  39  4  11  1
 1.477652777  39  5  11  1
 1.477672044  39  15  15  1
 0.000000000  14  3  3  O
 0.000009241  14  4  3  O
 0.000009261  14  4  4  O
 0.000010945  14  4  3  O
 0.000009248  14  5  3  O
 0.000009922  14  5  4  O
 0.000010321  14  6  4  O
 0.000009019  14  5  4  O
 0.000008764  14  5  3  O
 0.000008298  14  5  2  O
 0.000008529  14  4  2  O
 0.000008692  14  4  3  O
 0.000008538  14  4  2  O
 0.000008465  14  3  2  O
 0.000008737  14  2  2  O
 0.000008963  14  2  3  O
 0.000008541  14  2  2  O
 0.000008544  14  2  3  O
 0.000008467  14  2  4  O
 0.000008907  14  3  4  O
 0.000012040  14  2  4  O
 0.000008620  14  3  4  O
 0.000008837  14  4  4  O
 0.000012932  14  5  4  O
 0.000019425  14  5  3  O
 0.000008623  14  4  3  O
 0.000002594  14  3  3  O
 0.000003083  14  3  2  O
 0.000009119  14  2  2  O
 0.000010878  14  2  1  O
 0.000013096  14  3  1  O
 0.000009384  14  4  1  O
 0.000008963  14  4  0  O
 0.000008522  14  4  14  O
 0.000010666  14  3  14  O
 0.000008805  14  3  0  O
 0.000008465  14  3  14  O
 0.000008899  14  3  13  O
 0.000032781  14  2  13  O
 0.000009326  14  1  13  O
 0.000021457  14  0  13  O
 0.000009230  14  0  14  O
 0.011173184  14  1  14  O
 0.000008794  14  1  13  O
 0.000008974  14  1  12  O
 0.000009799  14  0  12  O
 0.000009150  14  14  12  O
 0.000009398  14  14  11  O
 0.000009125  14  14  12  O
 0.000009518  14  13  12  O
 0.000007997  14  12  12  O
 0.000008636  14  12  11  O
 0.000008973  14  11  11  O
 0.000008441  14  11  10  O
 0.000012313  14  11  9  O
 0.000009074  14  11  10  O
 0.000009101  14  11  11  O
 0.000000000  13  6  12  N
 0.000009353  13  5  12  N
 0.000010141  13  5  11  N
 0.000008964  13  5  12  N
 0.000008687  13  5  13  N
 0.000025792  13  5  12  N
 0.000008405  13  5  13  N
 0.000008952  13  5  14  N
 0.000008805  13  5  13  N
 0.000008953  13  5  14  N
 0.000008531  13  5  13  N
 0.000008611  13  5  12  N
 0.000008947  13  4  12  N
 0.000008496  13  5  12  N
 0.000011183  13  5  11  N
 0.000010785  13  4  11  N
 0.000008832  13  4  10  N
 0.033458512  13  5  10  N
 0.000004935  13  5  11  N
 0.029199278  13  4  11  N
 0.039853371  13  5  11  N
 0.000009219  13  6  11  N
 0.044915475  13  6  12  N
 0.000168293  13  7  12  N
 0.000008553  13  6  12  N
 0.000009001  13  7  12  N
 0.000008122  13  7  13  N
 0.000008665  13  6  13  N
 0.000009031  13  5  13  N
 0.000009070  13  6  13  N
 0.000007965  13  6  12  N
 0.000009931  13  6  11  N
 0.000027554  13  7  11  N
 0.046963185  13  7  12  N
 0.000223107  13  8  12  N
 0.000010678  13  8  13  N
 0.000008907  13  8  12  N
 0.000009348  13  7  12  N
 0.000008998  13  8  12  N
 0.000009056  13  7  12  N
 0.000009304  13  8  12  N
 0.000014802  13  7  12  N
 0.000010756  13  7  13  N
 0.027593775  13  7  14  N
 0.000005663  13  7  13  N
 0.000013905  13  7  12  N
 0.000009217  13  8  12  N
 0.000009262  13  8  13  N
 0.000009109  13  9  13  N
 0.000000000  3  6  10  D
 0.000013683  3  6  11  D
 0.000014552  3  5  11  D
 0.000009076  3  6  11  D
 0.000037251  3  6  12  D
 0.000009117  3  6  13  D
 0.000008320  3  6  14  D
 0.000008627  3  6  13  D
 0.000009061  3  7  13  D
 0.000008114  3  7  12  D
 0.000008728  3  8  12  D
 0.000012360  3  9  12  D
 0.000012583  3  9  11  D
 0.000008653  3  8  11  D
 0.000009076  3  7  11  D
 0.000010777  3  8  11  D
 0.000009922  3  7  11  D
 0.000008729  3  7  10  D
 0.000009351  3  6  10  D
 0.000013945  3  5  10  D
 0.000009326  3  6  10  D
 0.000010057  3  6  9  D
 0.000002620  3  5  9  D
 0.000003353  3  4  9  D
 0.000002387  3  5  9  D
 0.000010568  3  5  10  D
 0.000010816  3  4  10  D
 0.000009856  3  5  10  D
 0.000008386  3  4  10  D
 0.048271606  3  3  10  D
 0.000008338  3  3  9  D
 0.000008766  3  3  8  D
 0.000008792  3  3  7  D
 0.000005569  3  3  8  D
 0.000007867  3  4  8  D
 0.000010508  3  3  8  D
 0.000009375  3  3  7  D
 0.000008255  3  4  7  D
 0.000010636  3  4  8  D
 0.000008741  3  5  8  D
 0.000009628  3  4  8  D
 0.000006780  3  5  8  D
 0.000007144  3  5  9  D
 0.000008824  3  6  9  D
 0.000009431  3  7  9  D
 0.000010835  3  6  9  D
 0.000009746  3  6  8  D
 0.000009551  3  7  8  D
 0.000008746  3  8  8  D
 0.000016256  3  8  7  D
 0.000010642  3  7  7  D
 0.000009645  3  6  7  D
 0.000009111  3  6  6  D
 0.000008883  3  6  5  D
 0.000011011  3  6  6  D
 0.000011883  3  5  6  D
 0.035579913  3  5  5  D
 0.000009077  3  5  6  D
 0.000012646  3  5  7  D
 0.000007051  3  6  7  D
 0.000007615  3  6  8  D
 0.000009536  3  5  8  D
 0.000006717  3  6  8  D
 0.000000000  9  2  10  J
 0.000012415  9  2  9  J
 0.000009667  9  2  8  J
 0.000009362  9  2  7  J
 0.000009262  9  2  6  J
 0.000009825  9  1  6  J
 0.000008400  9  1  7  J
 0.000008827  9  1  6  J
 0.049901927  9  1  5  J
 0.000008348  9  1  6  J
 0.000008807  9  2  6  J
 0.000008732  9  3  6  J
 0.000008612  9  3  5  J
 0.000014424  9  2  5  J
 0.000009958  9  1  5  J
 0.028307103  9  1  4  J
 0.028822487  9  1  3  J
 0.000004182  9  1  4  J
 0.000002795  9  1  3  J
 0.000002438  9  1  4  J
 0.000019241  9  1  5  J
 0.000011769  9  2  5  J
 0.000009287  9  1  5  J
 0.000010364  9  1  6  J
 0.000006389  9  1  5  J
 0.000005214  9  1  6  J
 0.000008945  9  1  5  J
 0.000010835  9  1  4  J
 0.000010171  9  2  4  J
 0.000012656  9  2  5  J
 0.000008915  9  1  5  J
 0.000008705  9  1  6  J
 0.000008931  9  0  6  J
 0.000008991  9  0  5  J
 0.000004549  9  1  5  J
 0.000003978  9  1  6  J
 0.000010113  9  0  6  J
 0.000009577  9  1  6  J
 0.000006121  9  1  5  J
 0.000006745  9  1  4  J
 0.000009497  9  2  4  J
 0.000008763  9  2  3  J
 0.000009375  9  2  4  J
 0.000011758  9  3  4  J
 0.000008575  9  3  5  J
 0.000009259  9  3  4  J
 0.000011279  9  4  4  J
 0.000010331  9  3  4  J
 0.000009269  9  4  4  J
 0.000009430  9  4  5  J
 0.000009053  9  4  6  J
 0.000009811  9  4  5  J
 0.035776021  9  4  4  J
 0.000009120  9  4  3  J
 0.000009357  9  4  4  J
 0.000010729  9  5  4  J
 0.000009366  9  5  3  J
 0.000009955  9  4  3  J
 0.000011573  9  4  4  J
 0.000013330  9  5  4  J
 0.000008718  9  4  4  J
 0.000011239  9  5  4  J
 0.000008322  9  5  5  J
 0.000007482  9  5  6  J
 0.000000000  1  10  0  B
 0.000007207  1  9  0  B
 0.000008778  1  9  1  B
 0.000008963  1  9  0  B
 0.000008449  1  9  1  B
 0.000009286  1  8  1  B
 0.000008471  1  8  2  B
 0.000013849  1  9  2  B
 0.000008870  1  9  3  B
 0.000008993  1  10  3  B
 0.000008797  1  10  4  B
 0.000008751  1  10  3  B
 0.000009377  1  10  4  B
 0.000008534  1  10  3  B
 0.000012485  1  11  3  B
 0.000008180  1  11  4  B
 0.000012849  1  11  3  B
 0.000014095  1  10  3  B
 0.000006589  1  10  4  B
 0.000003222  1  10  3  B
 0.000105004  1  10  2  B
 0.000199175  1  11  2  B
 0.000009603  1  10  2  B
 0.000008918  1  10  1  B
 0.000008771  1  10  2  B
 0.000011303  1  10  1  B
 0.000012645  1  11  1  B
 0.000009018  1  10  1  B
 0.000009452  1  9  1  B
 0.000008895  1  9  0  B
 0.000010943  1  9  14  B
 0.000013935  1  10  14  B
 0.000014829  1  11  14  B
 0.000013769  1  11  0  B
 0.015047647  1  11  1  B
 0.000005097  1  11  0  B
 0.000009516  1  10  0  B
 0.000009687  1  11  0  B
 0.000009322  1  10  0  B
 0.000008896  1  11  0  B
 0.000011445  1  12  0  B
 0.000013361  1  11  0  B
 0.000008656  1  12  0  B
 0.000010616  1  12  1  B
 0.000014049  1  13  1  B
 0.000010552  1  13  2  B
 0.000011976  1  13  3  B
 0.000010169  1  14  3  B
 0.000010076  1  14  2  B
 0.000005072  1  0  2  B
 0.000009204  1  0  1  B
 0.000009080  1  1  1  B
 0.000010550  1  1  2  B
 0.000010190  1  1  1  B
 0.000008899  1  1  0  B
 0.000010667  1  2  0  B
 0.046693521  1  2  1  B
 0.000008333  1  1  1  B
 0.000014848  1  1  0  B
 0.000008892  1  1  1  B
 0.000009062  1  0  1  B
 0.000008912  1  1  1  B
 0.000008736  1  1  2  B
 0.000008389  1  1  1  B
 0.000011079  1  1  0  B
 0.095199878  1  1  1  B
 0.000207925  1  0  1  B
 0.000240765  1  14  1  B
 0.000000000  12  13  10  M
 0.000012828  12  13  11  M
 0.000013209  12  14  11  M
 0.000013437  12  0  11  M
 0.000008367  12  0  10  M
 0.000009378  12  14  10  M
 0.000008833  12  13  10  M
 0.000008650  12  13  11  M
 0.000010375  12  12  11  M
 0.000009167  12  11  11  M
 0.000008731  12  11  10  M
 0.000008773  12  11  9  M
 0.000009979  12  11  8  M
 0.000008557  12  11  9  M
 0.000009687  12  10  9  M
 0.000008844  12  11  9  M
 0.000008616  12  10  9  M
 0.000014599  12  10  10  M
 0.000003439  12  10  9  M
 0.000003592  12  11  9  M
 0.000005195  12  11  8  M
 0.000016010  12  10  8  M
 0.000015208  12  11  8  M
 0.000011155  12  12  8  M
 0.038254649  12  12  9  M
 0.000009295  12  13  9  M
 0.000008583  12  13  10  M
 0.000009387  12  12  10  M
 0.000008533  12  12  11  M
 0.000008849  12  12  12  M
 0.000008806  12  12  13  M
 0.000009261  12  13  13  M
 0.000009049  12  13  14  M
 0.000009446  12  12  14  M
 0.020983877  12  12  0  M
 0.000014448  12  12  1  M
 0.000004678  12  12  0  M
 0.000014774  12  13  0  M
 0.000013191  12  13  14  M
 0.000009342  12  13  0  M
 0.000013316  12  13  14  M
 0.000009273  12  14  14  M
 0.000014021  12  14  13  M
 0.000009630  12  14  14  M
 0.000014734  12  13  14  M
 0.000009154  12  13  13  M
 0.000010958  12  14  13  M
 0.000009275  12  14  14  M
 0.000008153  12  0  14  M
 0.000228979  12  0  13  M
 0.000008814  12  14  13  M
 0.000009476  12  14  14  M
 0.000009186  12  14  13  M
 0.000009746  12  13  13  M
 0.000011439  12  14  13  M
 0.000010880  12  0  13  M
 0.000184180  12  1  13  M
 0.000245621  12  2  13  M
 0.000008363  12  2  14  M
 0.035335943  12  1  14  M
 0.000008622  12  0  14  M
 0.038427605  12  14  14  M
 0.000010562  12  0  14  M
 0.000008802  12  1  14  M
 0.000011894  12  1  13  M
 0.000008042  12  2  13  M
 0.000171157  12  3  13  M
 0.000010236  12  3  14  M
 0.000003831  12  3  13  M
 0.000136013  12  4  13  M
 0.036058865  12  4  12  M
 0.000009332  12  4  13  M
 0.000008833  12  4  12  M
 0.000011101  12  4  13  M
 0.040928100  12  5  13  M
 0.000008511  12  5  14  M
 0.000000000  5  8  9  F
 0.000008721  5  8  10  F
 0.000009796  5  9  10  F
 0.000009304  5  8  10  F
 0.000010450  5  7  10  F
 0.000008774  5  7  11  F
 0.000014614  5  8  11  F
 0.000008937  5  8  12  F
 0.000008661  5  8  13  F
 0.000008824  5  9  13  F
 0.000005620  5  10  13  F
 0.000008987  5  10  12  F
 0.000004584  5  9  12  F
 0.000008277  5  8  12  F
 0.000008539  5  8  13  F
 0.000008576  5  8  12  F
 0.000009505  5  7  12  F
 0.000008931  5  7  11  F
 0.000011326  5  7  12  F
 0.000003557  5  7  11  F
 0.000004865  5  6  11  F
 0.000012355  5  5  11  F
 0.034997076  5  6  11  F
 0.000009667  5  6  10  F
 0.032571173  5  6  9  F
 0.000011299  5  6  10  F
 0.000008834  5  6  9  F
 0.000008995  5  6  8  F
 0.000009502  5  7  8  F
 0.000008945  5  7  9  F
 0.000005391  5  7  10  F
 0.000008587  5  7  11  F
 0.000009385  5  6  11  F
 0.000009848  5  6  12  F
 0.000009000  5  5  12  F
 0.045739057  5  5  11  F
 0.000011201  5  6  11  F
 0.022488006  5  6  10  F
 0.024682765  5  6  11  F
 0.000008991  5  6  12  F
 0.000010210  5  5  12  F
 0.000005666  5  4  12  F
 0.000009626  5  4  13  F
 0.000013316  5  5  13  F
 0.000009083  5  5  12  F
 0.000009159  5  5  13  F
 0.000008890  5  5  12  F
 0.000012114  5  5  13  F
 0.000009540  5  6  13  F
 0.045459310  5  5  13  F
 0.000008809  5  5  14  F
 0.000009405  5  5  13  F
 0.000008343  5  5  14  F
 0.000009585  5  5  13  F
 0.000012274  5  5  14  F
 0.000011522  5  6  14  F
 0.000008765  5  7  14  F
 0.000010122  5  6  14  F
 0.000009455  5  6  0  F
 0.000011438  5  7  0  F
 0.000010281  5  7  1  F
 0.000009341  5  7  2  F
 0.000011231  5  7  1  F
 0.000009169  5  8  1  F
 0.000014394  5  9  1  F
 0.000003110  5  9  0  F
 0.000009244  5  8  0  F
 0.000008770  5  9  0  F
 0.000008742  5  8  0  F
 0.000012691  5  8  1  F
 0.000009074  5  8  0  F
 0.000009643  5  9  0  F
 0.000009274  5  8  0  F
 0.000009445  5  7  0  F
 0.000009412  5  6  0  F
 0.000000000  11  2  3  L
 0.000009147  11  1  3  L
 0.000008402  11  1  4  L
 0.000009404  11  2  4  L
 0.000009278  11  2  3  L
 0.000008762  11  2  2  L
 0.000008641  11  2  1  L
 0.000008255  11  1  1  L
 0.000008978  11  0  1  L
 0.000011459  11  0  0  L
 0.000008434  11  0  1  L
 0.000010466  11  14  1  L
 0.000008638  11  0  1  L
 0.000007975  11  1  1  L
 0.000007902  11  0  1  L
 0.000006865  11  0  0  L
 0.000009016  11  0  1  L
 0.000011175  11  1  1  L
 0.000008026  11  1  0  L
 0.000008759  11  2  0  L
 0.000009041  11  1  0  L
 0.035684685  11  1  1  L
 0.000009106  11  1  2  L
 0.000010853  11  1  1  L
 0.025745215  11  1  2  L
 0.000005603  11  0  2  L
 0.000009312  11  1  2  L
 0.000004277  11  0  2  L
 0.000009816  11  1  2  L
 0.027604764  11  1  1  L
 0.000008539  11  1  2  L
 0.000010251  11  2  2  L
 0.000008624  11  2  1  L
 0.000008937  11  3  1  L
 0.000013601  11  4  1  L
 0.000004776  11  4  2  L
 0.000050614  11  4  3  L
 0.000009357  11  3  3  L
 0.000008650  11  3  4  L
 0.000008360  11  3  3  L
 0.000009256  11  4  3  L
 0.000008873  11  5  3  L
 0.000009271  11  4  3  L
 0.000012483  11  3  3  L
 0.012397240  11  2  3  L
 0.000009105  11  1  3  L
 0.000009341  11  0  3  L
 0.000011573  11  0  2  L
 0.000012311  11  0  1  L
 0.000014465  11  14  1  L
 0.000214879  11  14  0  L
 0.000216839  11  13  0  L
 0.000008485  11  14  0  L
 0.000013965  11  14  14  L
 0.000009009  11  0  14  L
 0.000010961  11  14  14  L
 0.000013390  11  13  14  L
 0.000009328  11  13  0  L
 0.000012559  11  13  14  L
 0.000009233  11  14  14  L
 0.000010958  11  13  14  L
 0.000009402  11  13  0  L
 0.000232886  11  13  1  L
 0.000210971  11  14  1  L
 0.000010443  11  14  0  L
 0.000005164  11  13  0  L
 0.000003296  11  13  14  L
 0.000004399  11  13  0  L
 0.000206717  11  12  0  L
 0.000008958  11  12  14  L
 0.000012682  11  12  13  L
 0.000010154  11  13  13  L
 0.000009074  11  12  13  L
 0.000010256  11  12  12  L
 0.000010584  11  12  11  L
 0.026536634  11  12  10  L
 0.000008815  11  12  9  L
 0.000010992  11  12  8  L
 0.011152658  33  9  2  1
 0.670772776  33  11  2  1
 0.720844892  33  12  2  1
 2.934571894  33  15  15  1
 0.000000000  4  1  10  E
 0.000008838  4  1  11  E
 0.000009615  4  2  11  E
 0.000014145  4  1  11  E
 0.000010065  4  1  10  E
 0.000008953  4  1  9  E
 0.000008897  4  0  9  E
 0.029380060  4  0  10  E
 0.000009000  4  1  10  E
 0.000008737  4  1  11  E
 0.000008864  4  0  11  E
 0.000008655  4  1  11  E
 0.000008572  4  0  11  E
 0.000008543  4  1  11  E
 0.000013118  4  1  12  E
 0.000013415  4  1  11  E
 0.000010783  4  1  10  E
 0.000005523  4  2  10  E
 0.000002790  4  2  9  E
 0.000002535  4  2  10  E
 0.000002982  4  1  10  E
 0.055151482  4  2  10  E
 0.000239895  4  3  10  E
 0.000008613  4  2  10  E
 0.000009077  4  1  10  E
 0.047776357  4  0  10  E
 0.000008737  4  1  10  E
 0.000009292  4  2  10  E
 0.000008907  4  2  11  E
 0.000013690  4  2  12  E
 0.000009432  4  1  12  E
 0.000009571  4  2  12  E
 0.000002763  4  1  12  E
 0.000007498  4  0  12  E
 0.000036114  4  0  11  E
 0.000009573  4  14  11  E
 0.000009364  4  14  10  E
 0.000009074  4  0  10  E
 0.000009758  4  1  10  E
 0.000009147  4  1  11  E
 0.000009483  4  1  10  E
 0.000009613  4  2  10  E
 0.000008164  4  2  11  E
 0.000185248  4  3  11  E
 0.000165239  4  4  11  E
 0.000010663  4  4  10  E
 0.000009258  4  4  9  E
 0.000009604  4  3  9  E
 0.000012709  4  3  10  E
 0.000009390  4  3  9  E
 0.000008728  4  4  9  E
 0.000009057  4  4  10  E
 0.000010231  4  4  11  E
 0.000010478  4  3  11  E
 0.000009625  4  3  10  E
 0.000009098  4  2  10  E
 0.000011558  4  2  11  E
 0.000014931  4  3  11  E
 0.000009629  4  3  10  E
 0.000008976  4  2  10  E
 0.000009746  4  2  11  E
 0.000008279  4  3  11  E
 0.000227690  4  3  12  E
 0.000008979  4  2  12  E
 0.000009508  4  3  12  E
 0.020548678  4  4  12  E
 0.000008517  4  4  11  E
 0.000009299  4  4  10  E
 0.000010342  4  4  9  E
 0.000009098  4  5  9  E
 0.000010726  4  4  9  E
 0.000010313  4  5  9  E
 0.000011987  4  5  8  E
 0.000008872  4  5  7  E
 0.000010530  4  6  7  E
 0.000009246  4  5  7  E
 0.085892939  4  6  7  E
 0.000011797  4  5  7  E
 0.000009076  4  5  8  E
 0.000009434  4  4  8  E
 0.000009179  4  3  8  E
 0.000008394  4  3  9  E
 0.000008903  4  3  8  E
 0.000009114  4  3  7  E
 0.000008656  4  4  7  E
 0.000008712  4  4  6  E
 0.073132283  4  4  5  E
 0.000012274  4  4  6  E
 0.008780190  30  13  13  1
 1.632611396  30  1  13  1
 1.795971027  30  2  13  1
 1.812651138  30  3  13  1
 2.118783983  30  4  13  1
 2.194934308  30  5  13  1
 2.459070918  30  6  13  1
 3.178242087  30  15  15  1
 0.013672379  38  5  11  1
 0.892881339  38  7  12  1
 0.908385958  38  8  12  1
 1.318796069  38  9  12  1
 3.187558572  38  15  15  1
 0.000000000  0  13  6  A
 0.000009645  0  13  7  A
 0.019225328  0  14  7  A
 0.000008765  0  14  6  A
 0.000008802  0  14  5  A
 0.000008779  0  0  5  A
 0.000012348  0  0  6  A
 0.000008551  0  0  7  A
 0.000008723  0  0  6  A
 0.000008740  0  0  5  A
 0.041010551  0  14  5  A
 0.000009075  0  0  5  A
 0.000007960  0  14  5  A
 0.000008168  0  14  4  A
 0.000009133  0  0  4  A
 0.000008380  0  0  5  A
 0.000008478  0  0  4  A
 0.086279111  0  14  4  A
 0.000002657  0  0  4  A
 0.000012385  0  1  4  A
 0.000008776  0  0  4  A
 0.000012794  0  1  4  A
 0.000009442  0  2  4  A
 0.000009508  0  3  4  A
 0.000009069  0  3  3  A
 0.000009376  0  3  2  A
 0.000009004  0  2  2  A
 0.023755881  0  3  2  A
 0.000008689  0  4  2  A
 0.000009773  0  4  1  A
 0.000008904  0  4  0  A
 0.000008378  0  4  1  A
 0.000012645  0  4  2  A
 0.000012162  0  3  2  A
 0.000013969  0  3  3  A
 0.000005703  0  2  3  A
 0.000010913  0  2  2  A
 0.000009070  0  2  1  A
 0.000011923  0  2  2  A
 0.000011440  0  1  2  A
 0.000009129  0  0  2  A
 0.000009699  0  14  2  A
 0.000009429  0  13  2  A
 0.000008667  0  13  3  A
 0.000009402  0  14  3  A
 0.000010567  0  14  4  A
 0.014601872  0  13  4  A
 0.000013641  0  14  4  A
 0.000009131  0  0  4  A
 0.000011323  0  14  4  A
 0.000009177  0  13  4  A
 0.000009296  0  13  5  A
 0.000014225  0  12  5  A
 0.000008406  0  12  6  A
 0.000009431  0  13  6  A
 0.000009458  0  13  5  A
 0.000009432  0  13  4  A
 0.000008792  0  14  4  A
 0.000010833  0  13  4  A
 0.000008885  0  13  5  A
 0.000009324  0  12  5  A
 0.000010878  0  12  6  A
 0.000011371  0  11  6  A
 0.000009174  0  10  6  A
 0.000008926  0  10  5  A
 0.000009466  0  9  5  A
 0.000010551  0  9  4  A
 0.000003407  0  9  5  A
 0.000008587  0  9  6  A
 0.000008767  0  8  6  A
 0.000010401  0  8  5  A
 0.000009010  0  8  6  A
 0.000009069  0  8  7  A
 0.000005564  0  8  8  A
 0.000009113  0  8  9  A
 0.000012448  0  9  9  A
 0.000006200  0  9  8  A
 0.000212446  0  9  7  A
 0.000008630  0  9  8  A
 0.000008819  0  9  9  A
 0.000013768  0  9  8  A
 0.000008247  0  10  8  A
 0.000008468  0  9  8  A
 0.000008636  0  10  8  A
 0.000010782  0  10  9  A
 0.000011805  0  9  9  A
 0.000009267  0  9  10  A
 0.000008674  0  9  11  A
 0.000224516  0  10  11  A
 0.000008804  0  10  10  A
 0.000009098  0  10  9  A
 0.000009419  0  9  9  A
 0.000008822  0  10  9  A
 0.000008854  0  10  10  A
 0.000009077  0  10  11  A
 0.000009410  0  9  11  A
 0.000009355  0  9  10  A
 0.000008398  0  9  9  A
 0.000008644  0  9  10  A
 0.000010514  0  10  10  A
 0.000009033  0  10  11  A
 0.009818685  31  10  14  1
 1.686390073  31  13  0  1
 1.733165301  31  12  0  1
 2.227900804  31  11  0  1
 3.379960330  31  15  15  1
