-1  20  15  15
 0.000000000  16  8  5  Q
 0.007915279  16  8  5  q
 0.000000000  14  9  9  O
 0.007667646  14  9  9  o
 0.000000000  4  9  9  E
 0.050879448  4  9  8  E
 0.050879448  4  9  8  e
 0.000000000  5  9  3  F
 0.051898642  5  8  3  F
 0.051898642  5  8  3  f
 0.000000000  18  8  3  S
 0.051812047  18  8  4  S
 0.051812047  18  8  4  s
 0.000000000  17  12  8  R
 0.039460293  17  12  7  R
 0.079486760  17  11  7  R
 0.106630855  17  11  8  R
 0.129284623  17  11  7  R
 0.154348352  17  10  7  R
 0.191594452  17  11  7  R
 0.191594452  17  11  7  r
 0.000000000  15  11  4  P
 0.051488322  15  11  5  P
 0.099335466  15  12  5  P
 0.117214201  15  12  6  P
 0.128687400  15  13  6  P
 0.159966873  15  14  6  P
 0.202861552  15  13  6  P
 0.221738492  15  12  6  P
 0.221738492  15  12  6  p
 0.000000000  7  9  4  H
 0.049247891  7  10  4  H
 0.072730013  7  11  4  H
 0.108018916  7  10  4  H
 0.130294950  7  10  5  H
 0.177011635  7  10  6  H
 0.202576257  7  11  6  H
 0.202576257  7  11  6  h
 0.000000000  1  8  13  B
 0.023626152  1  7  13  B
 0.038229418  1  8  13  B
 0.086533772  1  9  13  B
 0.100568908  1  10  13  B
 0.143130149  1  11  13  B
 0.180971833  1  12  13  B
 0.203031751  1  11  13  B
 0.240712468  1  12  13  B
 0.268736192  1  11  13  B
 0.314065714  1  11  14  B
 0.332098718  1  12  14  B
 0.350317868  1  12  13  B
 0.385238703  1  12  12  B
 0.000000000  0  7  8  A
 0.050290705  0  7  9  A
 0.070104776  0  7  8  A
 0.090167023  0  7  9  A
 0.101379759  0  8  9  A
 0.120087799  0  8  8  A
 0.157163412  0  8  7  A
 0.202598761  0  9  7  A
 0.243180728  0  9  6  A
 0.271081004  0  10  6  A
 0.319642551  0  9  6  A
 0.357301787  0  8  6  A
 0.392606161  0  8  7  A
 0.411379328  0  9  7  A
 0.411379328  0  9  7  a
 0.000000000  12  2  9  M
 0.039032646  12  3  9  M
 0.064927456  12  4  9  M
 0.087123849  12  3  9  M
 0.106192582  12  2  9  M
 0.116858076  12  3  9  M
 0.156308847  12  3  8  M
 0.198633273  12  4  8  M
 0.222473909  12  4  9  M
 0.242459938  12  4  8  M
 0.254346154  12  3  8  M
 0.288149071  12  3  9  M
 0.320389323  12  3  8  M
 0.360082118  12  2  8  M
 0.398706552  12  3  8  M
 0.439065835  12  2  8  M
 0.471575866  12  3  8  M
 0.493987168  12  2  8  M
 0.505799230  12  1  8  M
 0.531209180  12  2  8  M
 0.546805190  12  3  8  M
 0.000000000  11  5  0  L
 0.052485933  11  6  0  L
 0.063154919  11  5  0  L
 0.088922357  11  5  1  L
 0.116701278  11  5  0  L
 0.157279674  11  4  0  L
 0.204025297  11  5  0  L
 0.251845526  11  4  0  L
 0.280866862  11  4  14  L
 0.309982534  11  5  14  L
 0.329076212  11  5  13  L
 0.373598447  11  4  13  L
 0.415442944  11  3  13  L
 0.435657286  11  3  12  L
 0.470798889  11  3  13  L
 0.518088149  11  3  12  L
 0.559096840  11  3  11  L
 0.000000000  2  12  3  C
 0.045311525  2  12  2  C
 0.074649213  2  13  2  C
 0.090062995  2  14  2  C
 0.118855417  2  13  2  C
 0.160485454  2  14  2  C
 0.193032658  2  14  1  C
 0.227740207  2  14  2  C
 0.239056497  2  13  2  C
 0.267978806  2  12  2  C
 0.308953341  2  13  2  C
 0.350971269  2  13  1  C
 0.373272352  2  13  2  C
 0.389610886  2  14  2  C
 0.438292045  2  14  1  C
 0.478555748  2  14  2  C
 0.508552047  2  14  1  C
 0.545882102  2  13  1  C
 0.545882102  2  13  1  c
 0.000000000  13  12  0  N
 0.035417999  13  12  1  N
 0.074752360  13  12  2  N
 0.093277018  13  13  2  N
 0.108381224  13  12  2  N
 0.120619800  13  11  2  N
 0.144621136  13  11  3  N
 0.159637968  13  11  2  N
 0.188897224  13  12  2  N
 0.220726915  13  12  3  N
 0.239625148  13  11  3  N
 0.282193205  13  11  4  N
 0.314065702  13  12  4  N
 0.353453723  13  11  4  N
 0.396055976  13  11  3  N
 0.442559958  13  11  2  N
 0.482050814  13  11  3  N
 0.493725340  13  11  2  N
 0.533618124  13  12  2  N
 0.563567306  13  13  2  N
 0.563567306  13  13  2  n
 0.000000000  19  10  8  T
 0.029757605  19  10  9  T
 0.054277227  19  10  8  T
 0.093779069  19  10  7  T
 0.143106538  19  10  8  T
 0.191685586  19  10  7  T
 0.213269700  19  10  8  T
 0.236647322  19  10  9  T
 0.283214702  19  10  10  T
 0.330866878  19  9  10  T
 0.375567869  19  9  11  T
 0.420998765  19  8  11  T
 0.439440546  19  8  10  T
 0.450268762  19  8  9  T
 0.460648810  19  8  10  T
 0.473865027  19  8  11  T
 0.511390112  19  7  11  T
 0.538166623  19  7  10  T
 0.576034601  19  8  10  T
 0.590841903  19  8  11  T
 0.604768636  19  8  10  T
 0.654076981  19  8  9  T
 0.654076981  19  8  9  t
 0.000000000  6  1  4  G
 0.034929483  6  1  5  G
 0.072155947  6  1  4  G
 0.116629848  6  0  4  G
 0.151850463  6  1  4  G
 0.188258246  6  2  4  G
 0.211503622  6  2  5  G
 0.226481488  6  2  4  G
 0.261033932  6  1  4  G
 0.271625521  6  0  4  G
 0.308059108  6  0  3  G
 0.320451857  6  0  4  G
 0.348385686  6  14  4  G
 0.366381405  6  0  4  G
 0.407775546  6  0  3  G
 0.419298386  6  1  3  G
 0.460260323  6  1  2  G
 0.473432218  6  2  2  G
 0.511633884  6  1  2  G
 0.541396341  6  2  2  G
 0.574198982  6  1  2  G
 0.621327104  6  1  3  G
 0.648847829  6  0  3  G
 0.674200717  6  14  3  G
 0.708751728  6  14  2  G
 0.708751728  6  14  2  g
 0.000000000  3  8  14  D
 0.036476561  3  8  0  D
 0.078372150  3  9  0  D
 0.119468542  3  9  1  D
 0.147736922  3  9  0  D
 0.187591875  3  10  0  D
 0.236560711  3  10  14  D
 0.259015851  3  10  13  D
 0.269770974  3  10  14  D
 0.302669806  3  10  0  D
 0.325043559  3  10  1  D
 0.337142674  3  11  1  D
 0.362887778  3  12  1  D
 0.394788780  3  12  0  D
 0.426547423  3  12  14  D
 0.470746924  3  12  13  D
 0.489971165  3  12  14  D
 0.503374347  3  12  0  D
 0.527644951  3  12  14  D
 0.543053377  3  11  14  D
 0.557125131  3  12  14  D
 0.570056472  3  12  13  D
 0.614410717  3  12  14  D
 0.626906155  3  12  0  D
 0.660588989  3  12  1  D
 0.693436968  3  12  0  D
 0.728750958  3  12  14  D
 0.769215847  3  13  14  D
 0.798612601  3  13  0  D
 0.798612601  3  13  0  d
 0.000000000  9  0  5  J
 0.029606946  9  14  5  J
 0.066900337  9  0  5  J
 0.116383016  9  0  6  J
 0.202949219  9  14  6  J
 0.252826604  9  13  6  J
 0.267872270  9  13  5  J
 0.293345682  9  14  5  J
 0.335378942  9  0  5  J
 0.347639218  9  14  5  J
 0.369967462  9  0  5  J
 0.407699127  9  0  6  J
 0.448153982  9  14  6  J
 0.468213226  9  14  7  J
 0.499286852  9  0  7  J
 0.515633669  9  1  7  J
 0.548293283  9  1  8  J
 0.590653888  9  0  8  J
 0.631349812  9  0  7  J
 0.659302425  9  14  7  J
 0.683558389  9  14  6  J
 0.726627883  9  13  6  J
 0.737499215  9  13  7  J
 0.762526426  9  13  6  J
 0.802870953  9  13  5  J
 0.836190910  9  13  6  J
 0.885746561  9  14  6  J
 0.913333898  9  14  5  J
 0.932765037  9  14  6  J
 0.967619214  9  14  7  J
 1.013627770  9  14  8  J
 1.028322191  9  0  8  J
 1.057147836  9  14  8  J
 1.106897583  9  14  9  J
 1.125700687  9  0  9  J
 1.149572990  9  1  9  J
 1.160759753  9  2  9  J
 1.196644037  9  3  9  J
 1.208803863  9  2  9  J
 1.226387823  9  2  10  J
 1.252616765  9  2  9  J
 1.289394463  9  1  9  J
 1.315549738  9  0  9  J
 1.350617414  9  0  8  J
 1.367233759  9  0  9  J
 1.412622252  9  1  9  J
 1.424401200  9  2  9  J
 1.444688354  9  3  9  J
 1.478418775  9  4  9  J
 1.490626811  9  4  10  J
 1.520628757  9  4  11  J
 1.568163998  9  4  12  J
 1.578985810  9  4  13  J
 1.590440490  9  4  14  J
 1.637896023  9  4  0  J
 1.677151385  9  5  0  J
 1.722158745  9  5  14  J
 1.759156008  9  6  14  J
 0.000000000  10  5  10  K
 0.057750715  10  5  9  K
 0.070480056  10  5  8  K
 0.085504131  10  5  7  K
 0.135371439  10  5  6  K
 0.161649255  10  6  6  K
 0.206069399  10  6  7  K
 0.234940765  10  6  8  K
 0.253682885  10  5  8  K
 0.299312218  10  4  8  K
 0.360173663  10  3  8  K
 0.398608607  10  4  8  K
 0.439153201  10  3  8  K
 0.471485324  10  4  8  K
 0.503752093  10  4  9  K
 0.541870420  10  4  10  K
 0.569360293  10  4  9  K
 0.617192177  10  4  8  K
 0.629074824  10  5  8  K
 0.663899893  10  5  9  K
 0.712184868  10  5  10  K
 0.728186662  10  5  11  K
 0.775696468  10  5  10  K
 0.802564390  10  5  11  K
 0.850268270  10  5  10  K
 0.874302211  10  6  10  K
 0.905195352  10  6  9  K
 0.955219261  10  6  10  K
 0.990475862  10  7  10  K
 1.023937374  10  8  10  K
 1.061937116  10  8  11  K
 1.108943419  10  8  10  K
 1.143649163  10  7  10  K
 1.184946073  10  7  11  K
 1.216362745  10  6  11  K
 1.242565028  10  6  12  K
 1.280344914  10  7  12  K
 1.313854318  10  7  11  K
 1.360973863  10  7  12  K
 1.388389102  10  8  12  K
 1.412725083  10  8  13  K
 1.449601236  10  9  13  K
 1.496685342  10  9  12  K
 1.542487289  10  9  11  K
 1.556381405  10  9  10  K
 1.578822414  10  8  10  K
 1.615273065  10  7  10  K
 1.648632316  10  6  10  K
 1.667869775  10  7  10  K
 1.691619588  10  8  10  K
 1.691619588  10  8  10  k
 0.000000000  8  4  10  I
 0.057798261  8  5  10  I
 0.080621942  8  4  10  I
 0.100722586  8  4  9  I
 0.141490132  8  5  9  I
 0.176925600  8  5  10  I
 0.196783431  8  5  11  I
 0.211591705  8  4  11  I
 0.228996051  8  4  12  I
 0.275204461  8  5  12  I
 0.324100071  8  6  12  I
 0.337209404  8  6  11  I
 0.385865377  8  5  11  I
 0.396055967  8  5  10  I
 0.423771111  8  4  10  I
 0.461898948  8  4  11  I
 0.499361501  8  5  11  I
 0.519949355  8  5  12  I
 0.538315635  8  5  11  I
 0.557656785  8  4  11  I
 0.579595047  8  4  10  I
 0.600366998  8  3  10  I
 0.632973854  8  3  9  I
 0.670278731  8  2  9  I
 0.701132059  8  3  9  I
 0.743506057  8  3  10  I
 0.774662034  8  3  9  I
 0.816163672  8  3  10  I
 0.834578756  8  3  9  I
 0.867702717  8  4  9  I
 0.882348589  8  3  9  I
 0.916142541  8  2  9  I
 0.950810761  8  3  9  I
 0.993977459  8  4  9  I
 1.035017040  8  4  10  I
 1.069171330  8  4  9  I
 1.107473021  8  4  8  I
 1.150573884  8  4  7  I
 1.171150641  8  4  6  I
 1.208047390  8  4  7  I
 1.238250921  8  3  7  I
 1.263957815  8  4  7  I
 1.302986933  8  4  6  I
 1.331540167  8  4  5  I
 1.363609082  8  3  5  I
 1.383681636  8  3  4  I
 1.401535647  8  4  4  I
 1.422684141  8  3  4  I
 1.456660545  8  3  3  I
 1.468885316  8  4  3  I
 1.508490665  8  5  3  I
 1.550100446  8  4  3  I
 1.589940005  8  3  3  I
 1.631313548  8  2  3  I
 1.662163927  8  2  2  I
 1.708434210  8  3  2  I
 1.752899136  8  2  2  I
 1.767112206  8  2  3  I
 1.804205872  8  2  2  I
 1.843428213  8  2  1  I
 1.890207708  8  2  2  I
 1.929493487  8  1  2  I
 1.952792952  8  1  3  I
 1.984839428  8  0  3  I
 1.996598001  8  0  4  I
 2.011500976  8  14  4  I
 2.050002284  8  14  3  I
 2.063416942  8  13  3  I
 2.096981990  8  14  3  I
 2.108038907  8  13  3  I
 2.108038907  8  13  3  i
