-1  30  15  15
 0.000000000  2  0  11  C
 0.028642511  2  0  12  C
 0.028642511  2  0  12  c
 0.000000000  29  14  13  ^
 0.012149301  29  14  13  ^
 0.000000000  4  0  14  E
 0.031070023  4  0  13  E
 0.031070023  4  0  13  e
 0.000000000  5  0  0  F
 0.024684701  5  14  0  F
 0.059015307  5  0  0  F
 0.059015307  5  0  0  f
 0.000000000  3  0  14  D
 0.077379773  3  14  14  D
 0.077379773  3  14  14  d
 0.000000000  8  13  14  I
 0.058006776  8  14  14  I
 0.073871883  8  14  0  I
 0.073871883  8  14  0  i
 0.000000000  10  13  1  K
 0.059380951  10  13  0  K
 0.091460165  10  13  1  K
 0.091460165  10  13  1  k
 0.000000000  19  13  14  T
 0.092627123  19  13  0  T
 0.092627123  19  13  0  t
 0.000000000  17  9  3  R
 0.025264855  17  9  2  R
 0.048151173  17  10  2  R
 0.059718010  17  10  1  R
 0.091523714  17  10  0  R
 0.091523714  17  10  0  r
 0.000000000  7  12  1  H
 0.029600144  7  11  1  H
 0.074314146  7  11  0  H
 0.123272857  7  11  1  H
 0.133488166  7  11  0  H
 0.133488166  7  11  0  h
 0.000000000  0  12  2  A
 0.044169305  0  11  2  A
 0.074405945  0  11  1  A
 0.121446488  0  12  1  A
 0.131767244  0  12  2  A
 0.159883902  0  13  2  A
 0.159883902  0  13  2  a
 0.000000000  18  5  3  S
 0.056536147  18  5  2  S
 0.097820427  18  5  3  S
 0.142735091  18  5  2  S
 0.168724516  18  4  2  S
 0.190868467  18  4  3  S
 0.190868467  18  4  3  s
 0.000000000  25  4  2  Z
 0.028765426  25  5  2  Z
 0.047510894  25  6  2  Z
 0.066638370  25  7  2  Z
 0.086411005  25  6  2  Z
 0.110124230  25  6  1  Z
 0.124067402  25  5  1  Z
 0.168818141  25  5  2  Z
 0.202807299  25  4  2  Z
 0.202807299  25  4  2  z
 0.000000000  11  14  11  L
 0.040804751  11  14  12  L
 0.090868415  11  13  12  L
 0.135813531  11  13  13  L
 0.164995053  11  13  12  L
 0.199091900  11  13  11  L
 0.219180234  11  14  11  L
 0.233340482  11  14  12  L
 0.233340482  11  14  12  l
 0.000000000  27  6  11  \
 0.037379210  27  7  11  \
 0.084766954  27  7  12  \
 0.107633284  27  7  11  \
 0.144586176  27  8  11  \
 0.179768813  27  9  11  \
 0.226749721  27  9  10  \
 0.268023943  27  10  10  \
 0.280557765  27  9  10  \
 0.280557765  27  9  10  \
 0.000000000  15  8  10  P
 0.043883232  15  8  11  P
 0.081649988  15  9  11  P
 0.095495003  15  9  10  P
 0.135487580  15  8  10  P
 0.179866425  15  8  11  P
 0.192953033  15  7  11  P
 0.234279233  15  7  10  P
 0.263959653  15  8  10  P
 0.263959653  15  8  10  p
 0.000000000  1  11  8  B
 0.029853677  1  11  7  B
 0.042300665  1  11  8  B
 0.083037628  1  11  9  B
 0.110676389  1  11  8  B
 0.155773690  1  10  8  B
 0.192291639  1  10  9  B
 0.231759221  1  11  9  B
 0.260603555  1  10  9  B
 0.280600194  1  10  10  B
 0.280600194  1  10  10  b
 0.000000000  23  11  13  X
 0.052268618  23  11  14  X
 0.073999340  23  12  14  X
 0.088044738  23  12  13  X
 0.112974488  23  12  14  X
 0.151964336  23  12  13  X
 0.201851247  23  12  14  X
 0.247545899  23  12  13  X
 0.277724900  23  13  13  X
 0.277724900  23  13  13  x
 0.000000000  22  10  8  W
 0.058718205  22  9  8  W
 0.069722228  22  9  7  W
 0.110457241  22  9  6  W
 0.159543502  22  10  6  W
 0.207596688  22  10  7  W
 0.238762136  22  10  8  W
 0.285275043  22  10  9  W
 0.285275043  22  10  9  w
 0.000000000  21  5  1  V
 0.059015314  21  5  0  V
 0.092442390  21  5  1  V
 0.106187383  21  5  0  V
 0.143118549  21  4  0  V
 0.175086143  21  4  1  V
 0.224443351  21  3  1  V
 0.267101730  21  3  2  V
 0.277343580  21  3  3  V
 0.277343580  21  3  3  v
 0.000000000  28  8  1  ]
 0.043724425  28  8  2  ]
 0.059464699  28  9  2  ]
 0.085556178  28  10  2  ]
 0.126018689  28  11  2  ]
 0.144395070  28  10  2  ]
 0.168579817  28  10  1  ]
 0.178832987  28  9  1  ]
 0.205955043  28  8  1  ]
 0.230029005  28  8  0  ]
 0.251333194  28  8  1  ]
 0.280727595  28  9  1  ]
 0.317508774  28  9  2  ]
 0.363883503  28  9  3  ]
 0.407282385  28  9  2  ]
 0.418078544  28  10  2  ]
 0.000000000  14  8  4  O
 0.032049157  14  8  3  O
 0.076700556  14  8  2  O
 0.118073072  14  9  2  O
 0.137601273  14  9  3  O
 0.152869165  14  9  4  O
 0.200652986  14  8  4  O
 0.223732010  14  9  4  O
 0.248703076  14  9  3  O
 0.271018394  14  9  2  O
 0.287823227  14  10  2  O
 0.326950028  14  10  1  O
 0.356178885  14  11  1  O
 0.402370264  14  11  2  O
 0.415584459  14  11  1  O
 0.415584459  14  11  1  o
 0.000000000  20  9  13  U
 0.047244575  20  10  13  U
 0.089270131  20  10  12  U
 0.105138351  20  10  11  U
 0.128750826  20  11  11  U
 0.155460674  20  10  11  U
 0.184778115  20  11  11  U
 0.218932847  20  10  11  U
 0.263446788  20  11  11  U
 0.287932138  20  11  10  U
 0.322502445  20  12  10  U
 0.337577257  20  12  11  U
 0.357600934  20  12  10  U
 0.372098038  20  13  10  U
 0.417496278  20  13  11  U
 0.447721318  20  13  12  U
 0.447721318  20  13  12  u
 0.000000000  16  4  5  Q
 0.029684511  16  3  5  Q
 0.076349391  16  4  5  Q
 0.108273434  16  4  4  Q
 0.135699853  16  5  4  Q
 0.163008648  16  5  5  Q
 0.210023214  16  6  5  Q
 0.222877666  16  6  4  Q
 0.264382133  16  7  4  Q
 0.278998923  16  7  3  Q
 0.300957378  16  6  3  Q
 0.331258687  16  7  3  Q
 0.348083876  16  7  4  Q
 0.382466032  16  7  3  Q
 0.394620620  16  6  3  Q
 0.441030930  16  6  4  Q
 0.441030930  16  6  4  q
 0.000000000  12  6  5  M
 0.060955852  12  6  4  M
 0.088264770  12  7  4  M
 0.102886241  12  7  3  M
 0.137758319  12  6  3  M
 0.185224298  12  6  4  M
 0.210473988  12  6  3  M
 0.264467866  12  6  4  M
 0.301654596  12  7  4  M
 0.333197613  12  6  4  M
 0.345391607  12  6  5  M
 0.362853647  12  6  4  M
 0.410020385  12  6  5  M
 0.439686301  12  7  5  M
 0.439686301  12  7  5  m
 0.000000000  26  7  8  [
 0.047808894  26  7  7  [
 0.091939899  26  8  7  [
 0.103336240  26  8  6  [
 0.122030292  26  7  6  [
 0.140846678  26  7  7  [
 0.172567159  26  8  7  [
 0.210617627  26  9  7  [
 0.250165971  26  9  6  [
 0.283710598  26  8  6  [
 0.310366713  26  8  5  [
 0.328418657  26  9  5  [
 0.358278716  26  9  4  [
 0.369019323  26  8  4  [
 0.415806464  26  8  5  [
 0.431698854  26  8  6  [
 0.442271246  26  8  5  [
 0.442271246  26  8  5  [
 0.000000000  13  1  2  N
 0.043399008  13  2  2  N
 0.063242093  13  2  1  N
 0.083264117  13  3  1  N
 0.110537620  13  3  2  N
 0.136326897  13  4  2  N
 0.155056712  13  4  1  N
 0.175043332  13  3  1  N
 0.219561458  13  3  2  N
 0.229745701  13  3  3  N
 0.269872537  13  3  4  N
 0.285143364  13  3  5  N
 0.305990510  13  2  5  N
 0.348849806  13  3  5  N
 0.397961846  13  4  5  N
 0.413018823  13  5  5  N
 0.451017064  13  6  5  N
 0.451017064  13  6  5  n
 0.000000000  6  12  6  G
 0.050571886  6  13  6  G
 0.088996908  6  13  7  G
 0.131541352  6  13  6  G
 0.154472118  6  12  6  G
 0.174545613  6  12  7  G
 0.212386992  6  11  7  G
 0.260480517  6  11  6  G
 0.279960208  6  10  6  G
 0.317017837  6  10  7  G
 0.335339720  6  11  7  G
 0.360371976  6  11  6  G
 0.404754510  6  12  6  G
 0.428693320  6  11  6  G
 0.462491342  6  11  7  G
 0.508311103  6  10  7  G
 0.518478959  6  9  7  G
 0.538636715  6  8  7  G
 0.561681600  6  8  6  G
 0.609934355  6  8  7  G
 0.645634344  6  8  6  G
 0.656027215  6  7  6  G
 0.690363143  6  7  7  G
 0.710045938  6  7  8  G
 0.740825940  6  7  7  G
 0.777602752  6  7  8  G
 0.000000000  24  8  9  Y
 0.049892006  24  8  8  Y
 0.098961248  24  8  9  Y
 0.128173600  24  7  9  Y
 0.166099477  24  8  9  Y
 0.184081842  24  7  9  Y
 0.219646484  24  7  8  Y
 0.248780387  24  8  8  Y
 0.294999963  24  8  9  Y
 0.317772400  24  7  9  Y
 0.359551250  24  6  9  Y
 0.405858958  24  6  8  Y
 0.444246274  24  6  9  Y
 0.465559323  24  6  8  Y
 0.513385710  24  5  8  Y
 0.529805640  24  5  9  Y
 0.554899054  24  5  8  Y
 0.594672942  24  4  8  Y
 0.643091232  24  3  8  Y
 0.693015556  24  4  8  Y
 0.726186360  24  4  7  Y
 0.760028531  24  5  7  Y
 0.774259726  24  5  6  Y
 0.807037294  24  5  7  Y
 0.854140791  24  5  6  Y
 0.890169322  24  5  5  Y
 0.913679423  24  5  6  Y
 0.926230159  24  5  5  Y
 0.953212093  24  5  6  Y
 0.975219729  24  4  6  Y
 1.008083317  24  4  5  Y
 1.043557241  24  4  6  Y
 1.082026340  24  5  6  Y
 1.116620299  24  5  7  Y
 1.141228999  24  5  8  Y
 1.173522823  24  5  7  Y
 1.192611311  24  5  8  Y
 1.224999829  24  6  8  Y
 1.235388010  24  6  7  Y
 1.245720697  24  6  6  Y
 1.287940163  24  5  6  Y
 1.301191064  24  5  7  Y
 1.343502552  24  5  8  Y
 1.384791468  24  4  8  Y
 1.416802039  24  3  8  Y
 1.445867068  24  3  9  Y
 1.476448430  24  4  9  Y
 1.489854514  24  4  10  Y
 1.511748278  24  5  10  Y
 1.556191814  24  4  10  Y
 1.605015368  24  3  10  Y
 1.628398527  24  3  11  Y
 1.664120642  24  3  12  Y
 1.692461679  24  3  13  Y
 1.739521203  24  4  13  Y
 1.751119081  24  3  13  Y
 1.797141076  24  3  12  Y
 1.835954204  24  3  13  Y
 1.847104072  24  4  13  Y
 1.870017601  24  3  13  Y
 0.000000000  9  1  8  J
 0.032835766  9  2  8  J
 0.060034289  9  2  9  J
 0.082967634  9  3  9  J
 0.114520619  9  3  8  J
 0.126922726  9  3  9  J
 0.170080996  9  4  9  J
 0.181597147  9  5  9  J
 0.231717256  9  4  9  J
 0.267797147  9  4  8  J
 0.292708924  9  4  9  J
 0.341490412  9  4  10  J
 0.373012745  9  4  11  J
 0.399806532  9  5  11  J
 0.439980682  9  5  10  J
 0.485068951  9  4  10  J
 0.515213759  9  3  10  J
 0.539714862  9  3  9  J
 0.578312021  9  2  9  J
 0.606481333  9  1  9  J
 0.642537338  9  1  10  J
 0.654025075  9  1  9  J
 0.680956012  9  2  9  J
 0.697963537  9  1  9  J
 0.739749781  9  0  9  J
 0.781787614  9  14  9  J
 0.810460966  9  13  9  J
 0.821852604  9  13  8  J
 0.847472986  9  12  8  J
 0.890397182  9  12  9  J
 0.912587444  9  13  9  J
 0.961175929  9  14  9  J
 1.002899102  9  13  9  J
 1.016481906  9  13  8  J
 1.050776192  9  14  8  J
 1.073654314  9  13  8  J
 1.088148471  9  12  8  J
 1.138222906  9  12  7  J
 1.149098797  9  12  6  J
 1.183366743  9  12  7  J
 1.232478072  9  12  6  J
 1.280715945  9  12  7  J
 1.312185708  9  12  6  J
 1.360699352  9  12  7  J
 1.389113307  9  12  6  J
 1.410718430  9  12  5  J
 1.448293491  9  13  5  J
 1.469271295  9  12  5  J
 1.503700890  9  13  5  J
 1.519600718  9  14  5  J
 1.538183553  9  14  4  J
 1.570479659  9  13  4  J
 1.593467692  9  14  4  J
 1.631876629  9  0  4  J
 1.669278185  9  0  3  J
 1.693052520  9  1  3  J
 1.719337322  9  1  2  J
 1.730769997  9  1  1  J
 1.757952423  9  2  1  J
 1.797033226  9  3  1  J
 1.843775716  9  3  2  J
 1.843775716  9  3  2  j
