3.1739e-05 1 1 0 B
0.013257743 1 1 1 B
0.013257888 1 1 2 B
0.027547083 1 1 3 B
0.027547176 1 1 0 B
0.064110771 1 1 1 B
0.064111338 1 1 2 B
0.076409026 1 1 3 B
0.076409336 1 1 0 B
0.121240222 1 1 1 B
0.130567112 1 1 2 B
0.140742778 1 1 3 B
0.140743099 1 1 0 B
0.152649683 1 1 1 B
0.171018244 1 1 2 B
0.196289776 1 1 3 B
0.196290093 1 1 0 B
0.210606222 1 1 1 B
0.210606654 1 1 2 B
0.251273921 1 1 3 B
0.251274158 1 1 0 B
0.284995482 1 1 1 B
0.284995963 1 1 2 B
0.296236856 1 1 3 B
0.296237166 1 1 0 B
0.346007148 1 1 1 B
0.34600758 1 1 2 B
0.38674966 1 1 3 B
0.38675004 1 1 0 B
0.401962337 1 1 1 B
0.407341508 1 1 2 B
0.431694805 1 1 3 B
0.431695229 1 1 0 B
0.451450777 1 1 1 B
0.464707193 1 1 2 B
0.478373629 1 1 3 B
0.478374028 1 1 0 B
0.507603912 1 1 1 B
0.528035653 1 1 2 B
0.539311158 1 1 3 B
0.539311468 1 1 0 B
0.575327837 1 1 1 B
0.575328312 1 1 2 B
0.609502689 1 1 3 B
0.609502956 1 1 0 B
0.640893464 1 1 1 B
0.640893937 1 1 2 B
0.66466603 1 1 3 B
0.664666449 1 1 0 B
0.680031983 1 1 1 B
0.70242306 1 1 2 B
0.752207419 1 1 3 B
0.75220798 1 1 0 B
0.767581326 1 1 1 B
0.798957354 1 1 2 B
0.845448901 1 1 3 B
0.845449348 1 1 0 B
0.875839691 1 1 1 B
0.891221834 1 1 2 B
0.910467122 1 1 3 B
0.910467427 1 1 0 B
0.947442313 1 1 1 B
0.947442567 1 1 2 B
0.968754454 1 1 3 B
0.968754632 1 1 0 B
0.983280441 1 1 1 B
1.007624153 1 1 2 B
1.03415992 1 1 3 B
1.034160018 1 1 0 B
1.059726308 1 1 1 B
1.059726546 1 1 2 B
1.093383101 1 1 3 B
1.093383468 1 1 0 B
1.127233226 1 1 1 B
1.127233662 1 1 2 B
1.160554543 1 1 3 B
1.160554849 1 1 0 B
1.201359866 1 1 1 B
1.201360309 1 1 2 B
1.241586915 1 1 3 B
1.241587086 1 1 0 B
1.274861711 1 1 1 B
1.28724423 1 1 2 B
1.335969558 1 1 3 B
1.335969848 1 1 0 B
1.374671176 1 1 1 B
1.374671616 1 1 2 B
1.400397406 1 1 3 B
1.4003978049999999 1 1 0 B
1.431231494 1 1 1 B
1.431231937 1 1 2 B
1.455929117 1 1 3 B
1.455929211 1 1 0 B
1.481101739 1 1 1 B
1.4953061939999999 1 1 2 B
1.541898249 1 1 3 B
1.541898371 1 1 0 B
1.559228896 1 1 1 B
1.5905153090000002 1 1 2 B
1.6237658069999998 1 1 3 B
1.623765885 1 1 0 B
1.668946584 1 1 1 B
1.6802974389999998 1 1 2 B
1.699471483 1 1 3 B
1.699471801 1 1 0 B
1.7224632290000002 1 1 1 B
1.738858981 1 1 2 B
1.788420628 1 1 3 B
1.788420791 1 1 0 B
1.80720547 1 1 1 B
1.8072056010000002 1 1 2 B
1.831484077 1 1 3 B
1.831484208 1 1 0 B
1.855168396 1 1 1 B
1.885418735 1 1 2 B
1.9191717050000001 1 1 3 B
1.919172139 1 1 0 B
1.939842342 1 1 1 B
1.939842963 1 1 2 B
1.978676209 1 1 3 B
1.978676289 1 1 0 B
2.021297457 1 1 1 B
2.02129784 1 1 2 B
2.057965657 1 1 3 B
2.057966058 1 1 0 B
2.082637596 1 1 1 B
2.082638291 1 1 2 B
2.119211485 1 1 3 B
2.119211553 1 1 0 B
2.166747801 1 1 1 B
2.166747983 1 1 2 B
2.215610814 1 1 3 B
2.215611201 1 1 0 B
2.2389884589999998 1 1 1 B
2.258231658 1 1 2 B
2.283550205 1 1 3 B
2.283550508 1 1 0 B
2.331547268 1 1 1 B
2.331547645 1 1 2 B
2.35932273 1 1 3 B
2.3593230800000002 1 1 0 B
2.404024328 1 1 1 B
2.424250591 1 1 2 B
2.446472309 1 1 3 B
2.446472735 1 1 0 B
2.493530928 1 1 1 B
2.493531379 1 1 2 B
2.525336892 1 1 3 B
2.525337265 1 1 0 B
2.558931385 1 1 1 B
2.55893193 1 1 2 B
2.599536668 1 1 3 B
2.599537004 1 1 0 B
2.620857971 1 1 1 B
2.632226723 1 1 2 B
2.662346009 1 1 3 B
2.662346406 1 1 0 B
2.686027056 1 1 1 B
2.697250899 1 1 2 B
2.7125655159999997 1 1 3 B
2.712565834 1 1 0 B
2.723941989 1 1 1 B
2.723942523 1 1 2 B
2.773534692 1 1 3 B
2.773534997 1 1 0 B
2.788914947 1 1 1 B
2.814147358 1 1 2 B
2.8646446450000003 1 1 3 B
2.86464482 1 1 0 B
2.910340224 1 1 1 B
2.910340652 1 1 2 B
2.935070894 1 1 3 B
2.935074834 1 1 0 B
2.972860802 1 1 1 B
2.972863126 1 1 2 B
2.985037227 1 1 3 B
2.985037588 1 1 0 B
3.001778053 1 1 1 B
3.031984389 1 1 2 B
3.077515095 1 1 3 B
3.077515201 1 1 0 B
3.090840531 1 1 1 B
3.095085483 1 1 2 B
3.109804988 1 1 3 B
3.10980512 1 1 0 B
3.127113965 1 1 1 B
3.127134269 1 1 2 B
3.159856392 1 1 3 B
3.159856463 1 1 0 B
3.198698497 1 1 1 B
3.198698622 1 1 2 B
3.237319488 1 1 3 B
3.237319627 1 1 0 B
3.263630314 1 1 1 B
3.2636858220000002 1 1 2 B
3.296233579 1 1 3 B
3.296233668 1 1 0 B
3.309595792 1 1 1 B
3.328873194 1 1 2 B
3.344199001 1 1 3 B
3.344199105 1 1 0 B
3.384136409 1 1 1 B
3.384136878 1 1 2 B
3.414402607 1 1 3 B
3.414402917 1 1 0 B
3.463242481 1 1 1 B
3.463243035 1 1 2 B
3.5049044609999997 1 1 3 B
3.504904538 1 1 0 B
3.521268676 1 1 1 B
3.535528169 1 1 2 B
3.570142754 1 1 3 B
3.570142863 1 1 0 B
3.584364882 1 1 1 B
3.619653643 1 1 2 B
3.656145862 1 1 3 B
3.656146 1 1 0 B
3.705891768 1 1 1 B
3.740196141 1 1 2 B
3.782809209 1 1 3 B
3.782809399 1 1 0 B
3.823331082 1 1 1 B
3.823331462 1 1 2 B
3.864175317 1 1 3 B
3.8641757009999997 1 1 0 B
3.87754548 1 1 1 B
3.895871816 1 1 2 B
3.9080123049999997 1 1 3 B
3.908012461 1 1 0 B
3.9196144779999997 1 1 1 B
3.9289365480000003 1 1 2 B
3.9463389810000002 1 1 3 B
3.946339184 1 1 0 B
3.9843187479999997 1 1 1 B
3.993607225 1 1 2 B
4.006949094 1 1 3 B
4.006949187 1 1 0 B
4.039714814 1 1 1 B
4.049595647 1 1 2 B
4.063360639 1 1 3 B
4.063360953 1 1 0 B
4.083640629 1 1 1 B
4.083641061 1 1 2 B
4.102320299 1 1 3 B
4.102320606 1 1 0 B
4.148223488 1 1 1 B
4.176546748 1 1 2 B
4.205274876 1 1 3 B
4.2052751839999996 1 1 0 B
4.227648727 1 1 1 B
4.250994376 1 1 2 B
4.2765384730000005 1 1 3 B
4.276538876 1 1 0 B
4.302298842 1 1 1 B
4.302299279 1 1 2 B
4.323568817 1 1 3 B
4.323569123 1 1 0 B
4.343352952 1 1 1 B
4.348545008 1 1 2 B
4.362687249 1 1 3 B
4.362687354 1 1 0 B
4.406323549 1 1 1 B
4.406420889 1 1 2 B
4.4195941229999995 1 1 3 B
4.419594521 1 1 0 B
4.447340007 1 1 1 B
4.465760896 1 1 2 B
4.477072822 1 1 3 B
4.477073129 1 1 0 B
4.508041571 1 1 1 B
4.512369571 1 1 2 B
4.551865789 1 1 3 B
4.551865864 1 1 0 B
5.941e-05 0 0 0 A
0.028768225 0 0 1 A
0.028768382 0 0 2 A
0.051916497 0 0 3 A
0.051916705 0 0 0 A
0.099686311 0 0 1 A
0.099686791 0 0 2 A
0.130566594 0 0 3 A
0.13056695 0 0 0 A
0.149224553 0 0 1 A
0.149225011 0 0 2 A
0.171017102 0 0 3 A
0.171017467 0 0 0 A
0.221957482 0 0 1 A
0.251274603 0 0 2 A
0.271548024 0 0 3 A
0.271548229 0 0 0 A
0.307417616 0 0 1 A
0.30741812 0 0 2 A
0.333739487 0 0 3 A
0.333739797 0 0 0 A
0.380367462 0 0 1 A
0.386750274 0 0 2 A
0.407341236 0 0 3 A
0.407341601 0 0 0 A
0.44210253 0 0 1 A
0.442103301 0 0 2 A
0.464706524 0 0 3 A
0.464706895 0 0 0 A
0.476069847 0 0 1 A
0.478374651 0 0 2 A
0.528018157 0 0 3 A
0.528018587 0 0 0 A
0.551806895 0 0 1 A
0.551807306 0 0 2 A
0.567066154 0 0 3 A
0.567066463 0 0 0 A
0.57980002 0 0 1 A
0.609503119 0 0 2 A
0.636417409 0 0 3 A
0.636417685 0 0 0 A
0.659270624 0 0 1 A
0.664667242 0 0 2 A
0.702422441 0 0 3 A
0.702422814 0 0 0 A
0.743789556 0 0 1 A
0.752208585 0 0 2 A
0.798957022 0 0 3 A
0.798957198 0 0 0 A
0.843227764 0 0 1 A
0.8454496 0 0 2 A
0.891220945 0 0 3 A
0.891221313 0 0 0 A
0.915960183 0 0 1 A
0.915960565 0 0 2 A
0.938258696 0 0 3 A
0.938259005 0 0 0 A
0.977015342 0 0 1 A
0.977015551 0 0 2 A
1.007623354 0 0 3 A
1.007623724 0 0 0 A
1.022845387 0 0 1 A
1.034160133 0 0 2 A
1.045333266 0 0 3 A
1.045333358 0 0 0 A
1.077081427 0 0 1 A
1.093384 0 0 2 A
1.122779266 0 0 3 A
1.122779629 0 0 0 A
1.165825273 0 0 1 A
1.165825869 0 0 2 A
1.178093506 0 0 3 A
1.178093817 0 0 0 A
1.201364226 0 0 1 A
1.241587109 0 0 2 A
1.287243297 0 0 3 A
1.287243667 0 0 0 A
1.306607449 0 0 1 A
1.335970103 0 0 2 A
1.363214563 0 0 3 A
1.363214764 0 0 0 A
1.38802357 0 0 1 A
1.400398308 0 0 2 A
1.411712662 0 0 3 A
1.411712983 0 0 0 A
1.4386229529999999 0 0 1 A
1.455929308 0 0 2 A
1.495305941 0 0 3 A
1.4953060759999999 0 0 0 A
1.5136315150000001 0 0 1 A
1.541898478 0 0 2 A
1.59051517 0 0 3 A
1.5905152550000001 0 0 0 A
1.625059225 0 0 1 A
1.625059333 0 0 2 A
1.6392893 0 0 3 A
1.639289402 0 0 0 A
1.659516414 0 0 1 A
1.659516671 0 0 2 A
1.6802965570000001 0 0 3 A
1.680296958 0 0 0 A
1.711985138 0 0 1 A
1.711985595 0 0 2 A
1.7388583130000002 0 0 3 A
1.7388587 0 0 0 A
1.751081991 0 0 1 A
1.788420972 0 0 2 A
1.8037621050000001 0 0 3 A
1.803762208 0 0 0 A
1.836753079 0 0 1 A
1.836753289 0 0 2 A
1.8854182640000001 0 0 3 A
1.885418512 0 0 0 A
1.915763456 0 0 1 A
1.919172643 0 0 2 A
1.9313754109999999 0 0 3 A
1.931375719 0 0 0 A
1.9733200929999999 0 0 1 A
1.978676367 0 0 2 A
1.997950833 0 0 3 A
1.997950935 0 0 0 A
2.047640128 0 0 1 A
2.057966375 0 0 2 A
2.073228175 0 0 3 A
2.07322857 0 0 0 A
2.095049294 0 0 1 A
2.119211494 0 0 2 A
2.164368514 0 0 3 A
2.164368654 0 0 0 A
2.2132325489999998 0 0 1 A
2.215611339 0 0 2 A
2.258231665 0 0 3 A
2.25823206 0 0 0 A
2.286040081 0 0 1 A
2.286040464 0 0 2 A
2.317309397 0 0 3 A
2.317309708 0 0 0 A
2.3500402400000002 0 0 1 A
2.359323377 0 0 2 A
2.373547399 0 0 3 A
2.373547844 0 0 0 A
2.400861277 0 0 1 A
2.400861798 0 0 2 A
2.424250452 0 0 3 A
2.424250784 0 0 0 A
2.468923659 0 0 1 A
2.468924041 0 0 2 A
2.481244089 0 0 3 A
2.481244404 0 0 0 A
2.51302016 0 0 1 A
2.525337767 0 0 2 A
2.538511234 0 0 3 A
2.538511656 0 0 0 A
2.573294055 0 0 1 A
2.599536746 0 0 2 A
2.632226029 0 0 3 A
2.63222639 0 0 0 A
2.671754742 0 0 1 A
2.671755323 0 0 2 A
2.697250822 0 0 3 A
2.69725113 0 0 0 A
2.747276339 0 0 1 A
2.7735355569999998 0 0 2 A
2.814146948 0 0 3 A
2.814147187 0 0 0 A
2.845456934 0 0 1 A
2.864644667 0 0 2 A
2.8869278510000003 0 0 3 A
2.886928101 0 0 0 A
2.92585218 0 0 1 A
2.935071409 0 0 2 A
2.957493987 0 0 3 A
2.957494296 0 0 0 A
2.995327075 0 0 1 A
2.995327472 0 0 2 A
3.031984232 0 0 3 A
3.031984315 0 0 0 A
3.068236206 0 0 1 A
3.077515386 0 0 2 A
3.095085402 0 0 3 A
3.095085594 0 0 0 A
3.132588085 0 0 1 A
3.159856588 0 0 2 A
3.184266374 0 0 3 A
3.184266442 0 0 0 A
3.20607212 0 0 1 A
3.237319786 0 0 2 A
3.263685731 0 0 3 A
3.2636858699999998 0 0 0 A
3.289000255 0 0 1 A
3.296233689 0 0 2 A
3.328872945 0 0 3 A
3.328873063 0 0 0 A
3.349502304 0 0 1 A
3.349502435 0 0 2 A
3.379816995 0 0 3 A
3.379817311 0 0 0 A
3.427728208 0 0 1 A
3.427728689 0 0 2 A
3.44106762 0 0 3 A
3.4410679809999998 0 0 0 A
3.464593628 0 0 1 A
3.50490464 0 0 2 A
3.535528041 0 0 3 A
3.535528122 0 0 0 A
3.56898838 0 0 1 A
3.570142963 0 0 2 A
3.619653313 0 0 3 A
3.6196534700000003 0 0 0 A
3.6429767440000003 0 0 1 A
3.656146183 0 0 2 A
3.674333446 0 0 3 A
3.674333556 0 0 0 A
3.689585838 0 0 1 A
3.689586021 0 0 2 A
3.7401957340000003 0 0 3 A
3.740195899 0 0 0 A
3.762476918 0 0 1 A
3.7828095619999997 0 0 2 A
3.799957742 0 0 3 A
3.799957896 0 0 0 A
3.834824998 0 0 1 A
3.864176381 0 0 2 A
3.895871434 0 0 3 A
3.895871618 0 0 0 A
3.909202217 0 0 1 A
3.9092024199999997 0 0 2 A
3.928936262 0 0 3 A
3.928936442 0 0 0 A
3.9451971869999998 0 0 1 A
3.946339178 0 0 2 A
3.962580873 0 0 3 A
3.962581117 0 0 0 A
3.980892662 0 0 1 A
3.980893071 0 0 2 A
3.9936071159999997 0 0 3 A
3.993607194 0 0 0 A
4.011304934 0 0 1 A
4.011305068 0 0 2 A
4.049595143 0 0 3 A
4.049595512 0 0 0 A
4.091953254 0 0 1 A
4.102321195 0 0 2 A
4.113635065 0 0 3 A
4.113635371 0 0 0 A
4.140943693 0 0 1 A
4.140944084 0 0 2 A
4.176546209 0 0 3 A
4.17654658 0 0 0 A
4.199914671 0 0 1 A
4.205276001 0 0 2 A
4.250993381 0 0 3 A
4.250993766 0 0 0 A
4.275310598 0 0 1 A
4.276538952 0 0 2 A
4.292849006 0 0 3 A
4.292849318 0 0 0 A
4.336876847 0 0 1 A
4.336877245 0 0 2 A
4.348544997 0 0 3 A
4.348545071 0 0 0 A
4.37907433 0 0 1 A
4.379074477 0 0 2 A
4.406420662 0 0 3 A
4.406421034 0 0 0 A
4.44104215 0 0 1 A
4.441043013 0 0 2 A
4.465760139 0 0 3 A
4.465760518 0 0 0 A
4.50154594 0 0 1 A
4.50154632 0 0 2 A
4.512368842 0 0 3 A
4.512369219 0 0 0 A
4.540657221 0 0 1 A
4.5518659679999995 0 0 2 A
4.590221423 0 0 3 A
4.590221528 0 0 0 A
4.639568347 0 0 1 A
4.63956884 0 0 2 A
4.658831972 0 0 3 A
4.65883228 0 0 0 A
4.707168099 0 0 1 A
4.707168495 0 0 2 A
4.741466029 0 0 3 A
4.741466338 0 0 0 A
4.788794279 0 0 1 A
4.788794789 0 0 2 A
4.821107919 0 0 3 A
4.821108235 0 0 0 A
4.844389421 0 0 1 A
4.844389821 0 0 2 A
4.879695433 0 0 3 A
4.879695734 0 0 0 A
4.907057576 0 0 1 A
4.907057692 0 0 2 A
4.933285286 0 0 3 A
4.933285477 0 0 0 A
4.966463821 0 0 1 A
4.966464248 0 0 2 A
4.984777063 0 0 3 A
4.984777371 0 0 0 A
5.029100133 0 0 1 A
5.029100521 0 0 2 A
5.056371494 0 0 3 A
5.056371807 0 0 0 A
5.075686426 0 0 1 A
5.075686896 0 0 2 A
5.099004378 0 0 3 A
5.099004682 0 0 0 A
5.124274177 0 0 1 A
5.124274572 0 0 2 A
5.172540173 0 0 3 A
5.172540476 0 0 0 A
5.210862518 0 0 1 A
5.210862934 0 0 2 A
5.234193305 0 0 3 A
5.234193613 0 0 0 A
5.271380561 0 0 1 A
5.271380949 0 0 2 A
5.29069181 0 0 3 A
5.290692122 0 0 0 A
5.3288691 0 0 1 A
5.328869497 0 0 2 A
5.357185159 0 0 3 A
5.357185471 0 0 0 A
5.402493913 0 0 1 A
5.402494337 0 0 2 A
5.445825526 0 0 3 A
5.445825836 0 0 0 A
5.47300466 0 0 1 A
5.473005164 0 0 2 A
5.513186434 0 0 3 A
5.5131867329999995 0 0 0 A
-1 2 2 4 LocalSection;EntryProtocol;CriticalSection;ExitProtocol;EXTRA_LABEL;
