3.0852e-05 1 1 0 B
0.035269838 1 1 1 B
0.035270077 1 1 2 B
0.071021645 1 1 3 B
0.071022013 1 1 0 B
0.09825073 1 1 1 B
0.099403708 1 1 2 B
0.14214384 1 1 3 B
0.142144206 1 1 0 B
0.18694043 1 1 1 B
0.186940864 1 1 2 B
0.215141079 1 1 3 B
0.215141394 1 1 0 B
0.262949717 1 1 1 B
0.262950155 1 1 2 B
0.275220378 1 1 3 B
0.275220685 1 1 0 B
0.320979606 1 1 1 B
0.328325597 1 1 2 B
0.354645923 1 1 3 B
0.354646236 1 1 0 B
0.38054251 1 1 1 B
0.418891213 1 1 2 B
0.434153692 1 1 3 B
0.43415388 1 1 0 B
0.445802781 1 1 1 B
0.466038429 1 1 2 B
0.503573434 1 1 3 B
0.503573528 1 1 0 B
0.536162404 1 1 1 B
0.536162561 1 1 2 B
0.58392989 1 1 3 B
0.583930291 1 1 0 B
0.603264985 1 1 1 B
0.622529574 1 1 2 B
0.665178517 1 1 3 B
0.665178897 1 1 0 B
0.700977973 1 1 1 B
0.700978405 1 1 2 B
0.711541162 1 1 3 B
0.711541592 1 1 0 B
0.740204015 1 1 1 B
0.740204461 1 1 2 B
0.763465823 1 1 3 B
0.763466142 1 1 0 B
0.77777177 1 1 1 B
0.777772215 1 1 2 B
0.797635244 1 1 3 B
0.797635621 1 1 0 B
0.842298201 1 1 1 B
0.842298754 1 1 2 B
0.856612398 1 1 3 B
0.856612714 1 1 0 B
0.895337081 1 1 1 B
0.920597162 1 1 2 B
0.938218159 1 1 3 B
0.938218612 1 1 0 B
0.974048727 1 1 1 B
0.974049163 1 1 2 B
1.01182792 1 1 3 B
1.011828324 1 1 0 B
1.02921208 1 1 1 B
1.050450516 1 1 2 B
1.067804717 1 1 3 B
1.067804805 1 1 0 B
1.115705476 1 1 1 B
1.138143217 1 1 2 B
1.168584144 1 1 3 B
1.168584569 1 1 0 B
1.190522984 1 1 1 B
1.190523415 1 1 2 B
1.230201857 1 1 3 B
1.230202245 1 1 0 B
1.256000197 1 1 1 B
1.25600066 1 1 2 B
1.295861387 1 1 3 B
1.295861757 1 1 0 B
1.342584808 1 1 1 B
1.342584933 1 1 2 B
1.39015702 1 1 3 B
1.390157154 1 1 0 B
1.413589894 1 1 1 B
1.41359005 1 1 2 B
1.442999952 1 1 3 B
1.44300035 1 1 0 B
1.469568266 1 1 1 B
1.469568731 1 1 2 B
1.493252175 1 1 3 B
1.493252552 1 1 0 B
1.5076145730000001 1 1 1 B
1.51792448 1 1 2 B
1.553346728 1 1 3 B
1.5533469260000001 1 1 0 B
1.602144244 1 1 1 B
1.60214485 1 1 2 B
1.643267513 1 1 3 B
1.643267703 1 1 0 B
1.6725708400000001 1 1 1 B
1.683903834 1 1 2 B
1.699183528 1 1 3 B
1.699183721 1 1 0 B
1.7195237049999998 1 1 1 B
1.719524159 1 1 2 B
1.73620024 1 1 3 B
1.7362006129999998 1 1 0 B
1.7820199730000001 1 1 1 B
1.782020406 1 1 2 B
1.7978641309999999 1 1 3 B
1.797864586 1 1 0 B
1.823228115 1 1 1 B
1.82436498 1 1 2 B
1.8636986979999999 1 1 3 B
1.863699006 1 1 0 B
1.900719142 1 1 1 B
1.900719584 1 1 2 B
1.945534946 1 1 3 B
1.945535026 1 1 0 B
1.959951907 1 1 1 B
1.9831566189999998 1 1 2 B
2.005706503 1 1 3 B
2.005706582 1 1 0 B
2.02107725 1 1 1 B
2.028218196 1 1 2 B
2.05938756 1 1 3 B
2.059387804 1 1 0 B
2.08511405 1 1 1 B
2.091386269 1 1 2 B
2.102670731 1 1 3 B
2.102671041 1 1 0 B
2.132636475 1 1 1 B
2.155882657 1 1 2 B
2.169211496 1 1 3 B
2.169211804 1 1 0 B
2.189521801 1 1 1 B
2.18952225 1 1 2 B
2.231210681 1 1 3 B
2.231211067 1 1 0 B
2.264019672 1 1 1 B
2.264020185 1 1 2 B
2.293883495 1 1 3 B
2.29388387 1 1 0 B
2.315180074 1 1 1 B
2.318372067 1 1 2 B
2.3649070549999998 1 1 3 B
2.364907472 1 1 0 B
2.403698144 1 1 1 B
2.40369859 1 1 2 B
2.418507118 1 1 3 B
2.418507534 1 1 0 B
2.43587264 1 1 1 B
2.438203783 1 1 2 B
2.4808520290000002 1 1 3 B
2.480852353 1 1 0 B
2.516070055 1 1 1 B
2.525324777 1 1 2 B
2.561084749 1 1 3 B
2.561085138 1 1 0 B
2.585383572 1 1 1 B
2.600590221 1 1 2 B
2.611941206 1 1 3 B
2.611941275 1 1 0 B
2.647580855 1 1 1 B
2.669927556 1 1 2 B
2.698639317 1 1 3 B
2.698639701 1 1 0 B
2.73100794 1 1 1 B
2.73332337 1 1 2 B
2.746634607 1 1 3 B
2.746634922 1 1 0 B
2.764808691 1 1 1 B
2.76480914 1 1 2 B
2.797326393 1 1 3 B
2.7973267699999997 1 1 0 B
2.816901089 1 1 1 B
2.816901697 1 1 2 B
2.842238504 1 1 3 B
2.842238979 1 1 0 B
2.875984494 1 1 1 B
2.875985074 1 1 2 B
2.892165666 1 1 3 B
2.89216611 1 1 0 B
2.917748719 1 1 1 B
2.922972048 1 1 2 B
2.967586695 1 1 3 B
2.9675871000000003 1 1 0 B
3.004316806 1 1 1 B
3.019466495 1 1 2 B
3.06000009 1 1 3 B
3.06000026 1 1 0 B
3.079423763 1 1 1 B
3.079424052 1 1 2 B
3.107966406 1 1 3 B
3.107966715 1 1 0 B
3.136204531 1 1 1 B
3.138569741 1 1 2 B
3.1528876439999998 1 1 3 B
3.152888041 1 1 0 B
3.202552435 1 1 1 B
3.224788818 1 1 2 B
3.270299772 1 1 3 B
3.2702999569999998 1 1 0 B
3.312792099 1 1 1 B
3.312792541 1 1 2 B
3.32711981 1 1 3 B
3.327120205 1 1 0 B
3.372673519 1 1 1 B
3.376896648 1 1 2 B
3.423674831 1 1 3 B
3.423674935 1 1 0 B
3.453958108 1 1 1 B
3.4712630349999998 1 1 2 B
3.504760564 1 1 3 B
3.504760868 1 1 0 B
3.540350147 1 1 1 B
3.5403505219999998 1 1 2 B
3.583199302 1 1 3 B
3.583199765 1 1 0 B
3.6218614479999998 1 1 1 B
3.621862037 1 1 2 B
3.634193177 1 1 3 B
3.634193563 1 1 0 B
3.647437633 1 1 1 B
3.647438243 1 1 2 B
3.68600167 1 1 3 B
3.686001976 1 1 0 B
3.7317676669999997 1 1 1 B
3.731768091 1 1 2 B
3.7745800640000002 1 1 3 B
3.774580473 1 1 0 B
5.8431e-05 0 0 0 A
0.044647441 0 0 1 A
0.071022572 0 0 2 A
0.099403188 0 0 3 A
0.099403548 0 0 0 A
0.11572297 0 0 1 A
0.142145001 0 0 2 A
0.171444786 0 0 3 A
0.171445107 0 0 0 A
0.220380523 0 0 1 A
0.220380906 0 0 2 A
0.256692571 0 0 3 A
0.256692877 0 0 0 A
0.297477145 0 0 1 A
0.297477679 0 0 2 A
0.328324719 0 0 3 A
0.328325094 0 0 0 A
0.372173527 0 0 1 A
0.372173949 0 0 2 A
0.418890835 0 0 3 A
0.418891023 0 0 0 A
0.439485533 0 0 1 A
0.439486764 0 0 2 A
0.466038269 0 0 3 A
0.466038349 0 0 0 A
0.487311157 0 0 1 A
0.503573605 0 0 2 A
0.519754965 0 0 3 A
0.519755047 0 0 0 A
0.558525142 0 0 1 A
0.583930511 0 0 2 A
0.622529027 0 0 3 A
0.622529441 0 0 0 A
0.656919623 0 0 1 A
0.665179223 0 0 2 A
0.687480636 0 0 3 A
0.687480947 0 0 0 A
0.711440626 0 0 1 A
0.711541394 0 0 2 A
0.734720428 0 0 3 A
0.734720777 0 0 0 A
0.783213808 0 0 1 A
0.797636321 0 0 2 A
0.831961742 0 0 3 A
0.831962079 0 0 0 A
0.881947985 0 0 1 A
0.881948451 0 0 2 A
0.920596133 0 0 3 A
0.920596619 0 0 0 A
0.933966866 0 0 1 A
0.93821911 0 0 2 A
0.950523468 0 0 3 A
0.950523776 0 0 0 A
0.993416523 0 0 1 A
1.011828724 0 0 2 A
1.050450505 0 0 3 A
1.050450663 0 0 0 A
1.099208921 0 0 1 A
1.099209338 0 0 2 A
1.138142556 0 0 3 A
1.138142932 0 0 0 A
1.158502949 0 0 1 A
1.168584771 0 0 2 A
1.181032035 0 0 3 A
1.181032346 0 0 0 A
1.219872076 0 0 1 A
1.23020267 0 0 2 A
1.243488919 0 0 3 A
1.243489229 0 0 0 A
1.289476209 0 0 1 A
1.2958621350000001 0 0 2 A
1.324187626 0 0 3 A
1.324187933 0 0 0 A
1.354940455 0 0 1 A
1.390157226 0 0 2 A
1.405238994 0 0 3 A
1.405239117 0 0 0 A
1.442898365 0 0 1 A
1.443000177 0 0 2 A
1.468211789 0 0 3 A
1.4682121320000001 0 0 0 A
1.492065173 0 0 1 A
1.4932525349999999 0 0 2 A
1.5179243310000001 0 0 3 A
1.517924411 0 0 0 A
1.552200607 0 0 1 A
1.5533470440000001 0 0 2 A
1.585679092 0 0 3 A
1.5856794060000001 0 0 0 A
1.6022426749999998 0 0 1 A
1.643268036 0 0 2 A
1.683903537 0 0 3 A
1.6839037650000002 0 0 0 A
1.733875845 0 0 1 A
1.73620066 0 0 2 A
1.7725012279999999 0 0 3 A
1.772501547 0 0 0 A
1.79246421 0 0 1 A
1.797865066 0 0 2 A
1.824364898 0 0 3 A
1.824365195 0 0 0 A
1.867207628 0 0 1 A
1.8672080229999999 0 0 2 A
1.883388059 0 0 3 A
1.883388374 0 0 0 A
1.9092045180000001 0 0 1 A
1.945535103 0 0 2 A
1.9831563779999999 0 0 3 A
1.983156559 0 0 0 A
2.004557018 0 0 1 A
2.005706622 0 0 2 A
2.028217998 0 0 3 A
2.028218111 0 0 0 A
2.0606283420000002 0 0 1 A
2.060628618 0 0 2 A
2.091385626 0 0 3 A
2.091385984 0 0 0 A
2.128209449 0 0 1 A
2.128209981 0 0 2 A
2.155881736 0 0 3 A
2.155882236 0 0 0 A
2.20583516 0 0 1 A
2.231211568 0 0 2 A
2.260510088 0 0 3 A
2.260510487 0 0 0 A
2.280466299 0 0 1 A
2.293884365 0 0 2 A
2.318371845 0 0 3 A
2.31837222 0 0 0 A
2.357672073 0 0 1 A
2.364908175 0 0 2 A
2.3762049530000002 0 0 3 A
2.3762052750000002 0 0 0 A
2.414211475 0 0 1 A
2.418507695 0 0 2 A
2.43820323 0 0 3 A
2.438203672 0 0 0 A
2.465430921 0 0 1 A
2.48085302 0 0 2 A
2.525324103 0 0 3 A
2.525324475 0 0 0 A
2.54269041 0 0 1 A
2.56108612 0 0 2 A
2.600590081 0 0 3 A
2.6005901700000003 0 0 0 A
2.625216637 0 0 1 A
2.625216757 0 0 2 A
2.669926951 0 0 3 A
2.669927273 0 0 0 A
2.696256785 0 0 1 A
2.698639947 0 0 2 A
2.733323007 0 0 3 A
2.73332337 0 0 0 A
2.766968292 0 0 1 A
2.79732719 0 0 2 A
2.807505634 0 0 3 A
2.80750604 0 0 0 A
2.846492483 0 0 1 A
2.846493074 0 0 2 A
2.863667358 0 0 3 A
2.863667763 0 0 0 A
2.907378368 0 0 1 A
2.9073790109999997 0 0 2 A
2.922971966 0 0 3 A
2.922972287 0 0 0 A
2.962220595 0 0 1 A
2.967587439 0 0 2 A
2.982907123 0 0 3 A
2.982907532 0 0 0 A
3.003202283 0 0 1 A
3.003202849 0 0 2 A
3.019466423 0 0 3 A
3.019466742 0 0 0 A
3.03283454 0 0 1 A
3.060000402 0 0 2 A
3.076184029 0 0 3 A
3.076184232 0 0 0 A
3.097743985 0 0 1 A
3.107966445 0 0 2 A
3.138569266 0 0 3 A
3.13856968 0 0 0 A
3.184219866 0 0 1 A
3.184220424 0 0 2 A
3.224788762 0 0 3 A
3.224789065 0 0 0 A
3.2400199 0 0 1 A
3.270300095 0 0 2 A
3.29060169 0 0 3 A
3.290601848 0 0 0 A
3.333338693 0 0 1 A
3.333339271 0 0 2 A
3.376896547 0 0 3 A
3.376896856 0 0 0 A
3.409210898 0 0 1 A
3.423674853 0 0 2 A
3.471262646 0 0 3 A
3.471263039 0 0 0 A
3.483545068 0 0 1 A
3.504760605 0 0 2 A
3.535940845 0 0 3 A
3.5359411549999997 0 0 0 A
3.559846958 0 0 1 A
3.5832004140000002 0 0 2 A
3.607510812 0 0 3 A
3.607511218 0 0 0 A
3.656758653 0 0 1 A
3.686001767 0 0 2 A
3.725272391 0 0 3 A
3.725272711 0 0 0 A
3.766213533 0 0 1 A
3.774580868 0 0 2 A
3.785761501 0 0 3 A
3.7857618889999998 0 0 0 A
3.798090491 0 0 1 A
3.798091168 0 0 2 A
3.819388645 0 0 3 A
3.819392306 0 0 0 A
3.863647142 0 0 1 A
3.863647531 0 0 2 A
3.907983188 0 0 3 A
3.9079836180000003 0 0 0 A
3.925251108 0 0 1 A
3.925251634 0 0 2 A
3.967538635 0 0 3 A
3.967538949 0 0 0 A
3.994848847 0 0 1 A
3.994849298 0 0 2 A
4.036027796 0 0 3 A
4.03602811 0 0 0 A
4.078315195 0 0 1 A
4.078315582 0 0 2 A
4.127500617 0 0 3 A
4.127500929 0 0 0 A
4.168822265 0 0 1 A
4.168822723 0 0 2 A
4.209150242 0 0 3 A
4.209150555 0 0 0 A
4.254458033 0 0 1 A
4.25445843 0 0 2 A
4.280765416 0 0 3 A
4.280765728 0 0 0 A
4.327085179 0 0 1 A
4.327085561 0 0 2 A
4.366262794 0 0 3 A
4.366263114 0 0 0 A
4.3925793859999995 0 0 1 A
4.392579767 0 0 2 A
4.427891033 0 0 3 A
4.427891344 0 0 0 A
4.452203226 0 0 1 A
4.452203608 0 0 2 A
4.469517996 0 0 3 A
4.469518308 0 0 0 A
4.503827666 0 0 1 A
4.503828052 0 0 2 A
4.552177583 0 0 3 A
4.552178077 0 0 0 A
4.568386477 0 0 1 A
4.568386859 0 0 2 A
4.594648931 0 0 3 A
4.594649249 0 0 0 A
4.627954208 0 0 1 A
4.627954642 0 0 2 A
4.646315722 0 0 3 A
4.646316137 0 0 0 A
4.6615931889999995 0 0 1 A
4.661593573 0 0 2 A
4.711915012 0 0 3 A
4.711915323 0 0 0 A
4.726092198 0 0 1 A
4.726092582 0 0 2 A
4.774382747 0 0 3 A
4.774383055 0 0 0 A
4.816717201 0 0 1 A
4.816717582 0 0 2 A
4.837891155 0 0 3 A
4.837891479 0 0 0 A
4.873208683 0 0 1 A
4.873209059 0 0 2 A
4.891494514 0 0 3 A
4.891494825 0 0 0 A
4.911805865 0 0 1 A
4.911806358 0 0 2 A
4.953138422 0 0 3 A
4.953138732 0 0 0 A
4.980438921 0 0 1 A
4.9804393000000005 0 0 2 A
5.027754543 0 0 3 A
5.02775485 0 0 0 A
5.061005022 0 0 1 A
5.061005875 0 0 2 A
5.092191255 0 0 3 A
5.092191574 0 0 0 A
5.109479354 0 0 1 A
5.10947976 0 0 2 A
5.151804903 0 0 3 A
5.151805252 0 0 0 A
5.164137424 0 0 1 A
5.164137806 0 0 2 A
5.212322975 0 0 3 A
5.212323288 0 0 0 A
5.228639122 0 0 1 A
5.228639498 0 0 2 A
5.253952098 0 0 3 A
5.253952528 0 0 0 A
5.268152185 0 0 1 A
5.268152672 0 0 2 A
5.318441111 0 0 3 A
5.318441433 0 0 0 A
5.331750389 0 0 1 A
5.3317507729999996 0 0 2 A
5.364065091 0 0 3 A
5.364065402 0 0 0 A
5.410312944 0 0 1 A
5.41031339 0 0 2 A
5.444599752 0 0 3 A
5.444600097 0 0 0 A
5.490904051 0 0 1 A
5.49090445 0 0 2 A
5.507087224 0 0 3 A
5.507087558 0 0 0 A
5.551368496 0 0 1 A
5.551368927 0 0 2 A
5.581550547 0 0 3 A
5.581551011 0 0 0 A
5.6277341199999995 0 0 1 A
5.6277345279999995 0 0 2 A
5.674048606 0 0 3 A
5.674048917 0 0 0 A
5.690224543 0 0 1 A
5.690225059 0 0 2 A
5.726455293 0 0 3 A
5.726455608 0 0 0 A
5.753726198 0 0 1 A
5.753726612 0 0 2 A
5.775888335 0 0 3 A
5.77588867 0 0 0 A
5.790208799 0 0 1 A
5.790209181 0 0 2 A
5.814524533 0 0 3 A
5.814524849 0 0 0 A
5.856829966 0 0 1 A
5.8568303440000005 0 0 2 A
5.870150462 0 0 3 A
5.870150773 0 0 0 A
5.894431836 0 0 1 A
5.894432356 0 0 2 A
5.931625327 0 0 3 A
5.931625672 0 0 0 A
5.946937103 0 0 1 A
5.946937482 0 0 2 A
5.962223272 0 0 3 A
5.962223664 0 0 0 A
6.001521536 0 0 1 A
6.001521948 0 0 2 A
6.023833931 0 0 3 A
6.023834247 0 0 0 A
6.049169083 0 0 1 A
6.049169469 0 0 2 A
6.094464117 0 0 3 A
6.094464428 0 0 0 A
6.107602955 0 0 1 A
6.107603608 0 0 2 A
6.145925441 0 0 3 A
6.145925822 0 0 0 A
6.172223182 0 0 1 A
6.172223557 0 0 2 A
6.217516944 0 0 3 A
6.217517255 0 0 0 A
6.250769316 0 0 1 A
6.250769704 0 0 2 A
6.290052985 0 0 3 A
6.290053308 0 0 0 A
6.333317727 0 0 1 A
6.333318154 0 0 2 A
6.370457155 0 0 3 A
6.37045748 0 0 0 A
-1 2 2 4 LocalSection;EntryProtocol;CriticalSection;ExitProtocol;EXTRA_LABEL;
