3.68e-05 1 1 0 B
0.017223057 1 1 1 B
0.017223182 1 1 2 B
0.036037156 1 1 3 B
0.036037476 1 1 0 B
0.053317461 1 1 1 B
0.066733458 1 1 2 B
0.078993843 1 1 3 B
0.07899426 1 1 0 B
0.114566779 1 1 1 B
0.129776847 1 1 2 B
0.171048515 1 1 3 B
0.171048835 1 1 0 B
0.209065207 1 1 1 B
0.227467847 1 1 2 B
0.270775562 1 1 3 B
0.270775872 1 1 0 B
0.308520207 1 1 1 B
0.319871517 1 1 2 B
0.337134582 1 1 3 B
0.337134892 1 1 0 B
0.358055387 1 1 1 B
0.380440443 1 1 2 B
0.417762026 1 1 3 B
0.417762348 1 1 0 B
0.463847773 1 1 1 B
0.463848158 1 1 2 B
0.504533886 1 1 3 B
0.504534259 1 1 0 B
0.517755723 1 1 1 B
0.550059979 1 1 2 B
0.600300158 1 1 3 B
0.600300431 1 1 0 B
0.616545696 1 1 1 B
0.623962022 1 1 2 B
0.645183288 1 1 3 B
0.645183599 1 1 0 B
0.669006321 1 1 1 B
0.676321275 1 1 2 B
0.705025729 1 1 3 B
0.705026153 1 1 0 B
0.720328915 1 1 1 B
0.743634956 1 1 2 B
0.774128121 1 1 3 B
0.774128227 1 1 0 B
0.803397978 1 1 1 B
0.822621868 1 1 2 B
0.852795036 1 1 3 B
0.85279546 1 1 0 B
0.891459673 1 1 1 B
0.910800208 1 1 2 B
0.941346849 1 1 3 B
0.941347268 1 1 0 B
0.965718078 1 1 1 B
0.984079139 1 1 2 B
0.996313039 1 1 3 B
0.996313345 1 1 0 B
1.03526565 1 1 1 B
1.035265793 1 1 2 B
1.083779633 1 1 3 B
1.083779747 1 1 0 B
1.117332684 1 1 1 B
1.117332813 1 1 2 B
1.144003413 1 1 3 B
1.144003568 1 1 0 B
1.159306561 1 1 1 B
1.159306797 1 1 2 B
1.202871006 1 1 3 B
1.202871293 1 1 0 B
1.252636457 1 1 1 B
1.25263684 1 1 2 B
1.269971231 1 1 3 B
1.269971536 1 1 0 B
1.289639382 1 1 1 B
1.289639773 1 1 2 B
1.336475696 1 1 3 B
1.33647607 1 1 0 B
1.384900182 1 1 1 B
1.384900883 1 1 2 B
1.409089375 1 1 3 B
1.409089683 1 1 0 B
1.450651586 1 1 1 B
1.45602703 1 1 2 B
1.482274646 1 1 3 B
1.482274994 1 1 0 B
1.506053114 1 1 1 B
1.5281809069999999 1 1 2 B
1.565365323 1 1 3 B
1.5653656759999999 1 1 0 B
1.596346509 1 1 1 B
1.617734658 1 1 2 B
1.64305668 1 1 3 B
1.643056992 1 1 0 B
1.684046991 1 1 1 B
1.6933596990000002 1 1 2 B
1.734062286 1 1 3 B
1.734062662 1 1 0 B
1.7757133779999998 1 1 1 B
1.775713773 1 1 2 B
1.793022484 1 1 3 B
1.793022803 1 1 0 B
1.805869905 1 1 1 B
1.822156259 1 1 2 B
1.845374909 1 1 3 B
1.8453750009999998 1 1 0 B
1.861682319 1 1 1 B
1.8988441 1 1 2 B
1.948338275 1 1 3 B
1.9483384030000002 1 1 0 B
1.965892006 1 1 1 B
1.965892188 1 1 2 B
1.9781097650000001 1 1 3 B
1.978109972 1 1 0 B
2.00834677 1 1 1 B
2.027728367 1 1 2 B
2.048049615 1 1 3 B
2.048049924 1 1 0 B
2.09301396 1 1 1 B
2.093014471 1 1 2 B
2.109613756 1 1 3 B
2.109614124 1 1 0 B
2.152428327 1 1 1 B
2.152428725 1 1 2 B
2.196115082 1 1 3 B
2.196115494 1 1 0 B
2.227892634 1 1 1 B
2.227893027 1 1 2 B
2.245573873 1 1 3 B
2.245574249 1 1 0 B
2.266962102 1 1 1 B
2.285214719 1 1 2 B
2.305548309 1 1 3 B
2.305548615 1 1 0 B
2.335477609 1 1 1 B
2.350688797 1 1 2 B
2.369063825 1 1 3 B
2.369063903 1 1 0 B
2.392672435 1 1 1 B
2.417891459 1 1 2 B
2.4675794460000002 1 1 3 B
2.4675798110000002 1 1 0 B
2.481910513 1 1 1 B
2.482010527 1 1 2 B
2.521742682 1 1 3 B
2.52174306 1 1 0 B
2.557286602 1 1 1 B
2.557287028 1 1 2 B
2.583128417 1 1 3 B
2.58312884 1 1 0 B
2.615919438 1 1 1 B
2.615920006 1 1 2 B
2.6584914570000002 1 1 3 B
2.658491538 1 1 0 B
2.693887149 1 1 1 B
2.705058611 1 1 2 B
2.716362437 1 1 3 B
2.716362524 1 1 0 B
2.745075256 1 1 1 B
2.7673033179999997 1 1 2 B
2.794621633 1 1 3 B
2.79462195 1 1 0 B
2.817153722 1 1 1 B
2.845311008 1 1 2 B
2.893832889 1 1 3 B
2.893833091 1 1 0 B
2.909077952 1 1 1 B
2.909156775 1 1 2 B
2.924527518 1 1 3 B
2.924527913 1 1 0 B
2.945280661 1 1 1 B
2.977521632 1 1 2 B
3.019833438 1 1 3 B
3.019833751 1 1 0 B
3.065111129 1 1 1 B
3.07148484 1 1 2 B
3.09881043 1 1 3 B
3.09881074 1 1 0 B
3.109689295 1 1 1 B
3.12398136 1 1 2 B
3.141277838 1 1 3 B
3.141278155 1 1 0 B
3.177265041 1 1 1 B
3.178507709 1 1 2 B
3.205825669 1 1 3 B
3.205825981 1 1 0 B
3.245703251 1 1 1 B
3.25006404 1 1 2 B
3.263373148 1 1 3 B
3.2633734580000002 1 1 0 B
3.286378949 1 1 1 B
3.301783544 1 1 2 B
3.3224954589999998 1 1 3 B
3.322495886 1 1 0 B
3.355230291 1 1 1 B
3.355230685 1 1 2 B
3.385058314 1 1 3 B
3.385058681 1 1 0 B
3.419815889 1 1 1 B
3.419816279 1 1 2 B
3.444454117 1 1 3 B
3.444454201 1 1 0 B
3.46186663 1 1 1 B
3.488052023 1 1 2 B
3.514435671 1 1 3 B
3.514435754 1 1 0 B
3.5518472389999998 1 1 1 B
3.5560878049999998 1 1 2 B
3.585647363 1 1 3 B
3.58564765 1 1 0 B
3.62723395 1 1 1 B
3.6272343400000002 1 1 2 B
3.670952352 1 1 3 B
3.670952501 1 1 0 B
3.703354226 1 1 1 B
3.7033544000000003 1 1 2 B
3.748894187 1 1 3 B
3.748894279 1 1 0 B
3.766163974 1 1 1 B
3.797439859 1 1 2 B
3.811704555 1 1 3 B
3.811704627 1 1 0 B
3.8314996089999998 1 1 1 B
3.8377744849999997 1 1 2 B
3.857048613 1 1 3 B
3.857048706 1 1 0 B
3.905049485 1 1 1 B
3.905049884 1 1 2 B
3.918281231 1 1 3 B
3.918281542 1 1 0 B
3.936054897 1 1 1 B
3.953200374 1 1 2 B
3.967551145 1 1 3 B
3.967551533 1 1 0 B
3.996543722 1 1 1 B
3.9966406880000003 1 1 2 B
4.021323547 1 1 3 B
4.021323622 1 1 0 B
4.055046305 1 1 1 B
4.08331136 1 1 2 B
4.112957046 1 1 3 B
4.112957338 1 1 0 B
4.132161754 1 1 1 B
4.133386411 1 1 2 B
4.161055323 1 1 3 B
4.161055745 1 1 0 B
4.193869622 1 1 1 B
4.193870013 1 1 2 B
4.24080037 1 1 3 B
4.240800734 1 1 0 B
4.257058963 1 1 1 B
4.285384933 1 1 2 B
4.297784443 1 1 3 B
4.297784513 1 1 0 B
4.337467722 1 1 1 B
4.343775293 1 1 2 B
4.364067109 1 1 3 B
4.36406742 1 1 0 B
4.395921426 1 1 1 B
4.419332911 1 1 2 B
4.431510514 1 1 3 B
4.431510825 1 1 0 B
4.460841324 1 1 1 B
4.460841709 1 1 2 B
4.499464241 1 1 3 B
4.49946461 1 1 0 B
4.53621511 1 1 1 B
4.536215661 1 1 2 B
4.568464552 1 1 3 B
4.5684646220000005 1 1 0 B
7.4731e-05 0 0 0 A
0.023627813 0 0 1 A
0.036037869 0 0 2 A
0.066732326 0 0 3 A
0.066732634 0 0 0 A
0.114477466 0 0 1 A
0.114477977 0 0 2 A
0.129776106 0 0 3 A
0.129776493 0 0 0 A
0.176500749 0 0 1 A
0.176501197 0 0 2 A
0.198816944 0 0 3 A
0.198817262 0 0 0 A
0.209061024 0 0 1 A
0.209061446 0 0 2 A
0.227466994 0 0 3 A
0.227467302 0 0 0 A
0.275152614 0 0 1 A
0.275153034 0 0 2 A
0.319870768 0 0 3 A
0.319871217 0 0 0 A
0.343613757 0 0 1 A
0.343614168 0 0 2 A
0.380439437 0 0 3 A
0.38043975 0 0 0 A
0.424180388 0 0 1 A
0.424180837 0 0 2 A
0.446493935 0 0 3 A
0.446494259 0 0 0 A
0.483312377 0 0 1 A
0.504535074 0 0 2 A
0.550059714 0 0 3 A
0.550059856 0 0 0 A
0.600353108 0 0 1 A
0.600353595 0 0 2 A
0.623961323 0 0 3 A
0.62396173 0 0 0 A
0.653534571 0 0 1 A
0.653535058 0 0 2 A
0.676320214 0 0 3 A
0.676320526 0 0 0 A
0.701680592 0 0 1 A
0.705026136 0 0 2 A
0.743634801 0 0 3 A
0.743634878 0 0 0 A
0.773016797 0 0 1 A
0.774128249 0 0 2 A
0.822620508 0 0 3 A
0.822620817 0 0 0 A
0.86410244 0 0 1 A
0.864102888 0 0 2 A
0.910799243 0 0 3 A
0.910799665 0 0 0 A
0.933123559 0 0 1 A
0.941347817 0 0 2 A
0.984078435 0 0 3 A
0.98407881 0 0 0 A
1.014808859 0 0 1 A
1.014809313 0 0 2 A
1.030094492 0 0 3 A
1.030094887 0 0 0 A
1.057638678 0 0 1 A
1.08377967 0 0 2 A
1.108056548 0 0 3 A
1.108056647 0 0 0 A
1.124724302 0 0 1 A
1.144003687 0 0 2 A
1.158131832 0 0 3 A
1.158131999 0 0 0 A
1.200656004 0 0 1 A
1.202871084 0 0 2 A
1.232148207 0 0 3 A
1.232148529 0 0 0 A
1.273170823 0 0 1 A
1.27317127 0 0 2 A
1.288482079 0 0 3 A
1.288482392 0 0 0 A
1.315072743 0 0 1 A
1.336476626 0 0 2 A
1.384853755 0 0 3 A
1.384854117 0 0 0 A
1.413286007 0 0 1 A
1.41328609 0 0 2 A
1.456026265 0 0 3 A
1.456026596 0 0 0 A
1.492656438 0 0 1 A
1.492657003 0 0 2 A
1.5281808350000001 0 0 3 A
1.528181105 0 0 0 A
1.572848702 0 0 1 A
1.572849129 0 0 2 A
1.617733673 0 0 3 A
1.617734033 0 0 0 A
1.656548437 0 0 1 A
1.656548866 0 0 2 A
1.693357813 0 0 3 A
1.693358188 0 0 0 A
1.718729143 0 0 1 A
1.734063018 0 0 2 A
1.750325552 0 0 3 A
1.7503258750000001 0 0 0 A
1.799388057 0 0 1 A
1.799388508 0 0 2 A
1.822156122 0 0 3 A
1.822156202 0 0 0 A
1.8616108420000002 0 0 1 A
1.8616110369999999 0 0 2 A
1.898843965 0 0 3 A
1.898844043 0 0 0 A
1.938098227 0 0 1 A
1.948338579 0 0 2 A
1.959492665 0 0 3 A
1.9594927819999999 0 0 0 A
2.00834189 0 0 1 A
2.008342278 0 0 2 A
2.027727173 0 0 3 A
2.027727548 0 0 0 A
2.051495946 0 0 1 A
2.051496393 0 0 2 A
2.081681722 0 0 3 A
2.081682028 0 0 0 A
2.094225259 0 0 1 A
2.109614613 0 0 2 A
2.136959197 0 0 3 A
2.136959516 0 0 0 A
2.167761767 0 0 1 A
2.196116112 0 0 2 A
2.213408308 0 0 3 A
2.213408618 0 0 0 A
2.231325457 0 0 1 A
2.245574785 0 0 2 A
2.2852137040000002 0 0 3 A
2.28521408 0 0 0 A
2.31998486 0 0 1 A
2.319985289 0 0 2 A
2.350688651 0 0 3 A
2.350688735 0 0 0 A
2.370335362 0 0 1 A
2.370335476 0 0 2 A
2.417890833 0 0 3 A
2.417891124 0 0 0 A
2.464195022 0 0 1 A
2.467579653 0 0 2 A
2.482010081 0 0 3 A
2.482010519 0 0 0 A
2.504340073 0 0 1 A
2.521743139 0 0 2 A
2.548918656 0 0 3 A
2.548918964 0 0 0 A
2.573776825 0 0 1 A
2.583129104 0 0 2 A
2.604442733 0 0 3 A
2.604443044 0 0 0 A
2.61717158 0 0 1 A
2.658491545 0 0 2 A
2.705058415 0 0 3 A
2.705058518 0 0 0 A
2.735734489 0 0 1 A
2.735734761 0 0 2 A
2.767302575 0 0 3 A
2.767302891 0 0 0 A
2.8170602049999998 0 0 1 A
2.817060672 0 0 2 A
2.845310841 0 0 3 A
2.84531094 0 0 0 A
2.888561226 0 0 1 A
2.8938331120000003 0 0 2 A
2.9091566269999998 0 0 3 A
2.909156942 0 0 0 A
2.936929717 0 0 1 A
2.936930385 0 0 2 A
2.977521553 0 0 3 A
2.977521825 0 0 0 A
3.019927816 0 0 1 A
3.019928269 0 0 2 A
3.034352774 0 0 3 A
3.03435308 0 0 0 A
3.054665889 0 0 1 A
3.054666323 0 0 2 A
3.07148405 0 0 3 A
3.07148441 0 0 0 A
3.103201952 0 0 1 A
3.103202387 0 0 2 A
3.12398086 0 0 3 A
3.123981307 0 0 0 A
3.161767837 0 0 1 A
3.161768275 0 0 2 A
3.178507158 0 0 3 A
3.178507522 0 0 0 A
3.21519459 0 0 1 A
3.2151953349999998 0 0 2 A
3.250063659 0 0 3 A
3.250064103 0 0 0 A
3.276859312 0 0 1 A
3.276859748 0 0 2 A
3.301782593 0 0 3 A
3.3017829770000002 0 0 0 A
3.315102843 0 0 1 A
3.322495848 0 0 2 A
3.338812291 0 0 3 A
3.338812597 0 0 0 A
3.382719612 0 0 1 A
3.385058584 0 0 2 A
3.401350116 0 0 3 A
3.401350426 0 0 0 A
3.421124906 0 0 1 A
3.444454253 0 0 2 A
3.488051833 0 0 3 A
3.488051922 0 0 0 A
3.503165304 0 0 1 A
3.51443585 0 0 2 A
3.556087471 0 0 3 A
3.5560875960000002 0 0 0 A
3.569300223 0 0 1 A
3.58564787 0 0 2 A
3.6138651360000003 0 0 3 A
3.613865548 0 0 0 A
3.635723501 0 0 1 A
3.670952642 0 0 2 A
3.6931214150000002 0 0 3 A
3.693121519 0 0 0 A
3.704601763 0 0 1 A
3.748894369 0 0 2 A
3.797439689 0 0 3 A
3.7974397680000003 0 0 0 A
3.814099164 0 0 1 A
3.814099264 0 0 2 A
3.837774291 0 0 3 A
3.837774381 0 0 0 A
3.860463379 0 0 1 A
3.860463525 0 0 2 A
3.8857544859999997 0 0 3 A
3.885754764 0 0 0 A
3.933585534 0 0 1 A
3.933585967 0 0 2 A
3.953199455 0 0 3 A
3.953199877 0 0 0 A
3.976063061 0 0 1 A
3.976063506 0 0 2 A
3.996640406 0 0 3 A
3.996640845 0 0 0 A
4.012993347 0 0 1 A
4.021323662 0 0 2 A
4.03966173 0 0 3 A
4.039661822 0 0 0 A
4.051925612 0 0 1 A
4.051925804 0 0 2 A
4.083310918 0 0 3 A
4.08331115 0 0 0 A
4.108613021 0 0 1 A
4.112957108 0 0 2 A
4.133385825 0 0 3 A
4.133386189 0 0 0 A
4.158736261 0 0 1 A
4.161055875 0 0 2 A
4.185381706 0 0 3 A
4.185382015 0 0 0 A
4.218410578 0 0 1 A
4.240800754 0 0 2 A
4.285384821 0 0 3 A
4.285384897 0 0 0 A
4.307101526 0 0 1 A
4.307101642 0 0 2 A
4.343774873 0 0 3 A
4.343775096 0 0 0 A
4.3704158060000005 0 0 1 A
4.370416259 0 0 2 A
4.419331952 0 0 3 A
4.419332379 0 0 0 A
4.469102897 0 0 1 A
4.499464877 0 0 2 A
4.528749269 0 0 3 A
4.528749542 0 0 0 A
4.548694076 0 0 1 A
4.568464554 0 0 2 A
4.609156806 0 0 3 A
4.609156926 0 0 0 A
4.620370295 0 0 1 A
4.620370634 0 0 2 A
4.664688073 0 0 3 A
4.664688385 0 0 0 A
4.678023545 0 0 1 A
4.67802406 0 0 2 A
4.710315743 0 0 3 A
4.710316049 0 0 0 A
4.724624678 0 0 1 A
4.7246251919999995 0 0 2 A
4.7649331969999995 0 0 3 A
4.764933511 0 0 0 A
4.815149393 0 0 1 A
4.815149845 0 0 2 A
4.854473485 0 0 3 A
4.854473796 0 0 0 A
4.867787463 0 0 1 A
4.867787912 0 0 2 A
4.881994268 0 0 3 A
4.881994593 0 0 0 A
4.894251645 0 0 1 A
4.894252087 0 0 2 A
4.940557323 0 0 3 A
4.94055763 0 0 0 A
4.9568627339999995 0 0 1 A
4.956863205 0 0 2 A
4.987160647 0 0 3 A
4.9871609580000005 0 0 0 A
5.009441034 0 0 1 A
5.009441521 0 0 2 A
5.020746281 0 0 3 A
5.020746604 0 0 0 A
5.034916278 0 0 1 A
5.034916861 0 0 2 A
5.07111939 0 0 3 A
5.071119711 0 0 0 A
5.107368729 0 0 1 A
5.107369301 0 0 2 A
5.150691103 0 0 3 A
5.15069145 0 0 0 A
5.188024629 0 0 1 A
5.188025216 0 0 2 A
5.208328547 0 0 3 A
5.208328859 0 0 0 A
5.247654959 0 0 1 A
5.247655405 0 0 2 A
5.294994756 0 0 3 A
5.294995062 0 0 0 A
5.315201148 0 0 1 A
5.315201543 0 0 2 A
5.344380613 0 0 3 A
5.344380935 0 0 0 A
5.375703154 0 0 1 A
5.3757036 0 0 2 A
5.389030991 0 0 3 A
5.389031384 0 0 0 A
5.404207793 0 0 1 A
5.404208373 0 0 2 A
5.449535444 0 0 3 A
5.449535754 0 0 0 A
5.469712654 0 0 1 A
5.469713252 0 0 2 A
5.501043031 0 0 3 A
5.501043343 0 0 0 A
5.54434209 0 0 1 A
5.544342531 0 0 2 A
5.563664109 0 0 3 A
5.563664425 0 0 0 A
5.575988834 0 0 1 A
5.575989273 0 0 2 A
5.604123382 0 0 3 A
5.604123691 0 0 0 A
5.644398986 0 0 1 A
5.644399433 0 0 2 A
5.656515805 0 0 3 A
5.65651611 0 0 0 A
-1 2 2 4 LocalSection;EntryProtocol;CriticalSection;ExitProtocol;EXTRA_LABEL;
