0.000235856 0 0 0 A
0.02883659 0 0 1 A
0.05915922 0 0 2 A
0.10283614 0 0 3 A
0.102836539 0 0 0 A
0.126164129 0 0 1 A
0.127433829 0 0 2 A
0.175032561 0 0 3 A
0.175032632 0 0 0 A
0.221641011 0 0 1 A
0.221641272 0 0 2 A
0.249284803 0 0 3 A
0.249285115 0 0 0 A
0.2790691 0 0 1 A
0.279069524 0 0 2 A
0.303911042 0 0 3 A
0.303911354 0 0 0 A
0.340265115 0 0 1 A
0.341530322 0 0 2 A
0.386816706 0 0 3 A
0.386817018 0 0 0 A
0.411802294 0 0 1 A
0.426209322 0 0 2 A
0.440514577 0 0 3 A
0.440514893 0 0 0 A
0.484280837 0 0 1 A
0.484388286 0 0 2 A
0.517760448 0 0 3 A
0.517760544 0 0 0 A
0.552382835 0 0 1 A
0.558588177 0 0 2 A
0.582807059 0 0 3 A
0.582807177 0 0 0 A
0.624841318 0 0 1 A
0.624842027 0 0 2 A
0.644486973 0 0 3 A
0.644487264 0 0 0 A
0.68474374 0 0 1 A
0.68481461 0 0 2 A
0.704988289 0 0 3 A
0.704988609 0 0 0 A
0.752887099 0 0 1 A
0.762847161 0 0 2 A
0.783451781 0 0 3 A
0.783452131 0 0 0 A
0.805309994 0 0 1 A
0.80752366 0 0 2 A
0.845764662 0 0 3 A
0.845764971 0 0 0 A
0.860876031 0 0 1 A
0.871139649 0 0 2 A
0.915653616 0 0 3 A
0.91565378 0 0 0 A
0.962104735 0 0 1 A
0.962105072 0 0 2 A
0.995589581 0 0 3 A
0.995589726 0 0 0 A
1.012783334 0 0 1 A
1.025041912 0 0 2 A
1.069594459 0 0 3 A
1.069594745 0 0 0 A
1.102307869 0 0 1 A
1.102308276 0 0 2 A
1.117007581 0 0 3 A
1.117007898 0 0 0 A
1.157506059 0 0 1 A
1.157506493 0 0 2 A
1.207996796 0 0 3 A
1.207997094 0 0 0 A
1.242373001 0 0 1 A
1.243553752 0 0 2 A
1.287149379 0 0 3 A
1.287149592 0 0 0 A
1.305463444 0 0 1 A
1.313750824 0 0 2 A
1.36317439 0 0 3 A
1.363174598 0 0 0 A
1.408528912 0 0 1 A
1.412897289 0 0 2 A
1.439179478 0 0 3 A
1.439179792 0 0 0 A
1.4579802179999999 0 0 1 A
1.46837354 0 0 2 A
1.4816387739999999 0 0 3 A
1.481639202 0 0 0 A
1.497905017 0 0 1 A
1.49790561 0 0 2 A
1.534503075 0 0 3 A
1.5345033940000001 0 0 0 A
1.580284738 0 0 1 A
1.5802851599999999 0 0 2 A
1.600021372 0 0 3 A
1.600021686 0 0 0 A
1.6286568350000001 0 0 1 A
1.62865737 0 0 2 A
1.651953878 0 0 3 A
1.651954088 0 0 0 A
1.689460345 0 0 1 A
1.689460683 0 0 2 A
1.738934354 0 0 3 A
1.738934565 0 0 0 A
1.771339094 0 0 1 A
1.7725004530000001 0 0 2 A
1.8061379130000002 0 0 3 A
1.806138179 0 0 0 A
1.8393225210000002 0 0 1 A
1.8526140199999999 0 0 2 A
1.864762698 0 0 3 A
1.864763035 0 0 0 A
1.900432897 0 0 1 A
1.9077475860000002 0 0 2 A
1.9268421949999999 0 0 3 A
1.926842307 0 0 0 A
1.968424165 0 0 1 A
1.968476813 0 0 2 A
2.003844507 0 0 3 A
2.003844606 0 0 0 A
2.048516045 0 0 1 A
2.048516286 0 0 2 A
2.091284963 0 0 3 A
2.0912852 0 0 0 A
2.117499742 0 0 1 A
2.132746616 0 0 2 A
2.156115022 0 0 3 A
2.15611531 0 0 0 A
2.180480078 0 0 1 A
2.185685029 0 0 2 A
2.212243229 0 0 3 A
2.212243468 0 0 0 A
2.239571492 0 0 1 A
2.251883304 0 0 2 A
2.2864813330000002 0 0 3 A
2.2864816279999998 0 0 0 A
2.331293872 0 0 1 A
2.331294299 0 0 2 A
2.36391625 0 0 3 A
2.363916578 0 0 0 A
2.400435035 0 0 1 A
2.400435744 0 0 2 A
2.415763767 0 0 3 A
2.415764152 0 0 0 A
2.457294864 0 0 1 A
2.473575842 0 0 2 A
2.506180714 0 0 3 A
2.506181127 0 0 0 A
2.548024479 0 0 1 A
2.548025106 0 0 2 A
2.5643382729999997 0 0 3 A
2.5643386550000002 0 0 0 A
2.589061435 0 0 1 A
2.6242649609999997 0 0 2 A
2.660682842 0 0 3 A
2.660683248 0 0 0 A
2.677843196 0 0 1 A
2.7021414459999997 0 0 2 A
2.730409121 0 0 3 A
2.730409298 0 0 0 A
2.772236123 0 0 1 A
2.772236644 0 0 2 A
2.8018879549999998 0 0 3 A
2.80188831 0 0 0 A
2.827237555 0 0 1 A
2.8426433810000002 0 0 2 A
2.856922875 0 0 3 A
2.8569231889999998 0 0 0 A
2.867797139 0 0 1 A
2.8910088959999998 0 0 2 A
2.9385126379999997 0 0 3 A
2.938512846 0 0 0 A
2.964966385 0 0 1 A
2.964966688 0 0 2 A
2.99512885 0 0 3 A
2.995129155 0 0 0 A
3.007427218 0 0 1 A
3.007427714 0 0 2 A
3.019266387 0 0 3 A
3.019266775 0 0 0 A
3.042627269 0 0 1 A
3.044830502 0 0 2 A
3.081079624 0 0 3 A
3.081079935 0 0 0 A
3.130055024 0 0 1 A
3.130055468 0 0 2 A
3.178937559 0 0 3 A
3.178937995 0 0 0 A
3.21766885 0 0 1 A
3.217669281 0 0 2 A
3.261416753 0 0 3 A
3.261416919 0 0 0 A
3.304969098 0 0 1 A
3.304969318 0 0 2 A
3.323824846 0 0 3 A
3.323825282 0 0 0 A
3.33518961 0 0 1 A
3.370537585 0 0 2 A
3.411789852 0 0 3 A
3.4117900199999998 0 0 0 A
3.426583901 0 0 1 A
3.436801446 0 0 2 A
3.459091772 0 0 3 A
3.459091981 0 0 0 A
3.507952816 0 0 1 A
3.529277944 0 0 2 A
3.5554507920000002 0 0 3 A
3.555451038 0 0 0 A
3.5822670629999998 0 0 1 A
3.592679874 0 0 2 A
3.6422186180000002 0 0 3 A
3.642219042 0 0 0 A
3.6738442300000003 0 0 1 A
3.673844675 0 0 2 A
3.701009553 0 0 3 A
3.701009864 0 0 0 A
3.722871295 0 0 1 A
3.722871726 0 0 2 A
3.73609934 0 0 3 A
3.736099656 0 0 0 A
3.759774779 0 0 1 A
3.806839418 0 0 2 A
3.824361556 0 0 3 A
3.824361667 0 0 0 A
3.856792811 0 0 1 A
3.868897091 0 0 2 A
3.887139127 0 0 3 A
3.887139438 0 0 0 A
3.926112287 0 0 1 A
3.93652542 0 0 2 A
3.985049785 0 0 3 A
3.985049964 0 0 0 A
4.01572246 0 0 1 A
4.015722721 0 0 2 A
4.057881306 0 0 3 A
4.057881401 0 0 0 A
4.08539504 0 0 1 A
4.08539515 0 0 2 A
4.131078994 0 0 3 A
4.131079086 0 0 0 A
4.173681981 0 0 1 A
4.173682171 0 0 2 A
4.204046521 0 0 3 A
4.204046702 0 0 0 A
4.226328951 0 0 1 A
4.245595469 0 0 2 A
4.282784903 0 0 3 A
4.28278508 0 0 0 A
4.320417109 0 0 1 A
4.323637736 0 0 2 A
4.34382575 0 0 3 A
4.343826063 0 0 0 A
4.37380423 0 0 1 A
4.38812794 0 0 2 A
4.433802737 0 0 3 A
4.433803271 0 0 0 A
4.476097275 0 0 1 A
4.484476436 0 0 2 A
4.512794314 0 0 3 A
4.512794622 0 0 0 A
4.524077356 0 0 1 A
4.524077776 0 0 2 A
4.562832566 0 0 3 A
4.562833014 0 0 0 A
4.577078383 0 0 1 A
4.591394493 0 0 2 A
4.616560547 0 0 3 A
4.6165606409999995 0 0 0 A
4.648149289 0 0 1 A
4.659549676 0 0 2 A
4.685138427 0 0 3 A
4.685138804 0 0 0 A
4.733911382 0 0 1 A
4.733911823 0 0 2 A
4.760065315 0 0 3 A
4.760065693 0 0 0 A
4.792089024 0 0 1 A
4.804459196 0 0 2 A
4.828640987 0 0 3 A
4.82864131 0 0 0 A
4.849997941 0 0 1 A
4.867107317 0 0 2 A
4.888461351 0 0 3 A
4.888461435 0 0 0 A
0.000179767 1 1 0 B
0.014557196 1 1 1 B
0.014557801 1 1 2 B
0.059158775 1 1 3 B
0.059159016 1 1 0 B
0.09142749 1 1 1 B
0.102836645 1 1 2 B
0.127433727 1 1 3 B
0.127434096 1 1 0 B
0.155755615 1 1 1 B
0.175032699 1 1 2 B
0.20226475 1 1 3 B
0.202264846 1 1 0 B
0.236975231 1 1 1 B
0.249285246 1 1 2 B
0.267591172 1 1 3 B
0.267591479 1 1 0 B
0.299574331 1 1 1 B
0.303911726 1 1 2 B
0.341530091 1 1 3 B
0.341530444 1 1 0 B
0.38929186 1 1 1 B
0.389292345 1 1 2 B
0.426208972 1 1 3 B
0.426209347 1 1 0 B
0.448977955 1 1 1 B
0.44897851 1 1 2 B
0.484388217 1 1 3 B
0.484388579 1 1 0 B
0.5199876 1 1 1 B
0.519987735 1 1 2 B
0.558587974 1 1 3 B
0.558588049 1 1 0 B
0.594138349 1 1 1 B
0.594138596 1 1 2 B
0.606545128 1 1 3 B
0.606545513 1 1 0 B
0.633258441 1 1 1 B
0.644487056 1 1 2 B
0.684808669 1 1 3 B
0.684809038 1 1 0 B
0.731490797 1 1 1 B
0.731491266 1 1 2 B
0.762846387 1 1 3 B
0.7628468 1 1 0 B
0.786958854 1 1 1 B
0.786959481 1 1 2 B
0.807523532 1 1 3 B
0.807523918 1 1 0 B
0.845827754 1 1 1 B
0.845828254 1 1 2 B
0.871110242 1 1 3 B
0.871110729 1 1 0 B
0.887438855 1 1 1 B
0.915653861 1 1 2 B
0.92884105 1 1 3 B
0.928841234 1 1 0 B
0.97643404 1 1 1 B
0.995589632 1 1 2 B
1.025041495 1 1 3 B
1.02504172 1 1 0 B
1.056359786 1 1 1 B
1.06959454 1 1 2 B
1.079765085 1 1 3 B
1.079765398 1 1 0 B
1.10777255 1 1 1 B
1.117008316 1 1 2 B
1.157415101 1 1 3 B
1.157415715 1 1 0 B
1.195768643 1 1 1 B
1.207996915 1 1 2 B
1.243553474 1 1 3 B
1.243553906 1 1 0 B
1.277872725 1 1 1 B
1.28714996 1 1 2 B
1.31375035 1 1 3 B
1.313750649 1 1 0 B
1.361969857 1 1 1 B
1.363174528 1 1 2 B
1.412896918 1 1 3 B
1.412897306 1 1 0 B
1.445531331 1 1 1 B
1.445531785 1 1 2 B
1.468372542 1 1 3 B
1.46837289 1 1 0 B
1.518143588 1 1 1 B
1.5345034530000001 1 1 2 B
1.5608026289999999 1 1 3 B
1.560803588 1 1 0 B
1.592771548 1 1 1 B
1.6000221890000002 1 1 2 B
1.627303312 1 1 3 B
1.6273037110000002 1 1 0 B
1.6561839900000002 1 1 1 B
1.656184372 1 1 2 B
1.689422669 1 1 3 B
1.689422975 1 1 0 B
1.736701428 1 1 1 B
1.738934806 1 1 2 B
1.772499987 1 1 3 B
1.77250028 1 1 0 B
1.785877046 1 1 1 B
1.806137995 1 1 2 B
1.8526136549999999 1 1 3 B
1.852613933 1 1 0 B
1.870995888 1 1 1 B
1.870996414 1 1 2 B
1.907747318 1 1 3 B
1.907747526 1 1 0 B
1.931045955 1 1 1 B
1.931046186 1 1 2 B
1.968476798 1 1 3 B
1.968476938 1 1 0 B
1.994715726 1 1 1 B
2.003844743 1 1 2 B
2.03415181 1 1 3 B
2.034152016 1 1 0 B
2.060911306 1 1 1 B
2.091285335 1 1 2 B
2.132746589 1 1 3 B
2.13274681 1 1 0 B
2.148902289 1 1 1 B
2.156115269 1 1 2 B
2.185684928 1 1 3 B
2.185685133 1 1 0 B
2.1979652339999998 1 1 1 B
2.212243603 1 1 2 B
2.251882918 1 1 3 B
2.251883137 1 1 0 B
2.282253582 1 1 1 B
2.286481396 1 1 2 B
2.299800727 1 1 3 B
2.29980104 1 1 0 B
2.332642821 1 1 1 B
2.363916866 1 1 2 B
2.388185863 1 1 3 B
2.388186131 1 1 0 B
2.426033699 1 1 1 B
2.426034691 1 1 2 B
2.473575562 1 1 3 B
2.473575873 1 1 0 B
2.504949763 1 1 1 B
2.506181086 1 1 2 B
2.53252694 1 1 3 B
2.53252736 1 1 0 B
2.582658969 1 1 1 B
2.58265953 1 1 2 B
2.624264901 1 1 3 B
2.624265124 1 1 0 B
2.642404403 1 1 1 B
2.660682937 1 1 2 B
2.702140902 1 1 3 B
2.702141191 1 1 0 B
2.731683483 1 1 1 B
2.731683816 1 1 2 B
2.751957886 1 1 3 B
2.751958286 1 1 0 B
2.7787639669999997 1 1 1 B
2.801888449 1 1 2 B
2.842642548 1 1 3 B
2.842642953 1 1 0 B
2.85827516 1 1 1 B
2.858275644 1 1 2 B
2.8910078869999998 1 1 3 B
2.891008281 1 1 0 B
2.919190128 1 1 1 B
2.938513131 1 1 2 B
2.961660374 1 1 3 B
2.961660631 1 1 0 B
3.011865756 1 1 1 B
3.019266983 1 1 2 B
3.04482978 1 1 3 B
3.044830164 1 1 0 B
3.0935914860000002 1 1 1 B
3.093591979 1 1 2 B
3.115841004 1 1 3 B
3.115841317 1 1 0 B
3.149564502 1 1 1 B
3.178938157 1 1 2 B
3.1971973399999998 1 1 3 B
3.197197649 1 1 0 B
3.222064473 1 1 1 B
3.26141701 1 1 2 B
3.291713246 1 1 3 B
3.291713369 1 1 0 B
3.312412376 1 1 1 B
3.323825449 1 1 2 B
3.370537408 1 1 3 B
3.370537574 1 1 0 B
3.420071506 1 1 1 B
3.420071824 1 1 2 B
3.436800746 1 1 3 B
3.436800997 1 1 0 B
3.478504186 1 1 1 B
3.478504732 1 1 2 B
3.52927714 1 1 3 B
3.529277559 1 1 0 B
3.557816837 1 1 1 B
3.557817401 1 1 2 B
3.592679415 1 1 3 B
3.59267978 1 1 0 B
3.6298390659999997 1 1 1 B
3.642219998 1 1 2 B
3.672523355 1 1 3 B
3.672523667 1 1 0 B
3.704309637 1 1 1 B
3.704310193 1 1 2 B
3.716615741 1 1 3 B
3.716616051 1 1 0 B
3.756404967 1 1 1 B
3.756405449 1 1 2 B
3.806839202 1 1 3 B
3.8068393179999997 1 1 0 B
3.85566066 1 1 1 B
3.8556609699999997 1 1 2 B
3.868897003 1 1 3 B
3.868897239 1 1 0 B
3.918657847 1 1 1 B
3.91865833 1 1 2 B
3.936524953 1 1 3 B
3.9365253239999998 1 1 0 B
3.954859622 1 1 1 B
3.985049805 1 1 2 B
4.003306218 1 1 3 B
4.003306385 1 1 0 B
4.015814251 1 1 1 B
4.057881421 1 1 2 B
4.072982423 1 1 3 B
4.072982504 1 1 0 B
4.08984048 1 1 1 B
4.131079064 1 1 2 B
4.152487402 1 1 3 B
4.15248749 1 1 0 B
4.185900268 1 1 1 B
4.204047302 1 1 2 B
4.245595274 1 1 3 B
4.245595371 1 1 0 B
4.29402655 1 1 1 B
4.29402705 1 1 2 B
4.323637562 1 1 3 B
4.323637852 1 1 0 B
4.362293666 1 1 1 B
4.362294168 1 1 2 B
4.388127204 1 1 3 B
4.388127548 1 1 0 B
4.400516153 1 1 1 B
4.433803181 1 1 2 B
4.484476084 1 1 3 B
4.484476399 1 1 0 B
4.532405703 1 1 1 B
4.562832736 1 1 2 B
4.591394373 1 1 3 B
4.591394452 1 1 0 B
4.624819316 1 1 1 B
4.62481947 1 1 2 B
4.659548987 1 1 3 B
4.659549391 1 1 0 B
4.677853637 1 1 1 B
4.685139296 1 1 2 B
4.718452284 1 1 3 B
4.718452593 1 1 0 B
4.750406223 1 1 1 B
4.760065782 1 1 2 B
4.804458691 1 1 3 B
4.804459098 1 1 0 B
4.849896809 1 1 1 B
4.849897463 1 1 2 B
4.867107169 1 1 3 B
4.867107239 1 1 0 B
4.913762472 1 1 1 B
4.913763002 1 1 2 B
4.930964976 1 1 3 B
4.930965296 1 1 0 B
4.96124524 1 1 1 B
4.961245707 1 1 2 B
5.010553386 1 1 3 B
5.01055372 1 1 0 B
5.028735401 1 1 1 B
5.028735962 1 1 2 B
5.066933681 1 1 3 B
5.066934021 1 1 0 B
5.107155238 1 1 1 B
5.107155722 1 1 2 B
5.127478949 1 1 3 B
5.127479358 1 1 0 B
5.164798708 1 1 1 B
5.164799403 1 1 2 B
5.179084313 1 1 3 B
5.179084717 1 1 0 B
5.19339302 1 1 1 B
5.193393628 1 1 2 B
5.226735688 1 1 3 B
5.226736044 1 1 0 B
5.261915319 1 1 1 B
5.2619159589999995 1 1 2 B
5.308079344 1 1 3 B
5.308079799 1 1 0 B
5.348382889 1 1 1 B
5.348383488 1 1 2 B
5.37969548 1 1 3 B
5.379695837 1 1 0 B
5.398923285 1 1 1 B
5.398924002 1 1 2 B
5.439097094 1 1 3 B
5.439097511 1 1 0 B
5.457401371 1 1 1 B
5.457402045 1 1 2 B
5.478729969 1 1 3 B
5.478730397 1 1 0 B
5.499987861 1 1 1 B
5.499988509 1 1 2 B
5.521269738 1 1 3 B
5.521270121 1 1 0 B
5.557552214 1 1 1 B
5.557553092 1 1 2 B
5.569835019 1 1 3 B
5.569835429 1 1 0 B
5.601117834 1 1 1 B
5.601118462 1 1 2 B
5.637425445 1 1 3 B
5.637425845 1 1 0 B
5.685761792 1 1 1 B
5.685762476 1 1 2 B
5.699024551 1 1 3 B
5.699024971 1 1 0 B
5.749337786 1 1 1 B
5.749338321 1 1 2 B
5.793642832 1 1 3 B
5.793643145 1 1 0 B
5.814908292 1 1 1 B
5.814908859 1 1 2 B
5.86321507 1 1 3 B
5.863215382 1 1 0 B
-1 2 2 4 LocalSection;EntryProtocol;CriticalSection;ExitProtocol;EXTRA_LABEL;
