0.000148676 0 0 0 A
0.050798636 0 0 1 A
0.058062597 0 0 2 A
0.081320998 0 0 3 A
0.081321141 0 0 0 A
0.09978748 0 0 1 A
0.113064469 0 0 2 A
0.126240097 0 0 3 A
0.12624019 0 0 0 A
0.138883254 0 0 1 A
0.162146197 0 0 2 A
0.197846418 0 0 3 A
0.197846803 0 0 0 A
0.215185839 0 0 1 A
0.219382483 0 0 2 A
0.248101509 0 0 3 A
0.248101823 0 0 0 A
0.278466579 0 0 1 A
0.297755722 0 0 2 A
0.343299623 0 0 3 A
0.343299812 0 0 0 A
0.370563148 0 0 1 A
0.392889357 0 0 2 A
0.440559664 0 0 3 A
0.440560033 0 0 0 A
0.481248262 0 0 1 A
0.481248858 0 0 2 A
0.501123695 0 0 3 A
0.501123967 0 0 0 A
0.530314657 0 0 1 A
0.543728049 0 0 2 A
0.587057442 0 0 3 A
0.587057836 0 0 0 A
0.615778355 0 0 1 A
0.624004325 0 0 2 A
0.663675655 0 0 3 A
0.66367605 0 0 0 A
0.706337346 0 0 1 A
0.747649822 0 0 2 A
0.760965502 0 0 3 A
0.760965603 0 0 0 A
0.795529481 0 0 1 A
0.802872615 0 0 2 A
0.836643512 0 0 3 A
0.836643899 0 0 0 A
0.858953282 0 0 1 A
0.859061718 0 0 2 A
0.872442563 0 0 3 A
0.872442878 0 0 0 A
0.914364723 0 0 1 A
0.931659939 0 0 2 A
0.954995888 0 0 3 A
0.954995982 0 0 0 A
0.997930694 0 0 1 A
0.997931163 0 0 2 A
1.042712624 0 0 3 A
1.042712794 0 0 0 A
1.063011308 0 0 1 A
1.08427087 0 0 2 A
1.095500532 0 0 3 A
1.095500636 0 0 0 A
1.128208818 0 0 1 A
1.142481999 0 0 2 A
1.183082544 0 0 3 A
1.183082698 0 0 0 A
1.221381059 0 0 1 A
1.230650168 0 0 2 A
1.276415135 0 0 3 A
1.276415506 0 0 0 A
1.320235085 0 0 1 A
1.320235515 0 0 2 A
1.36166038 0 0 3 A
1.361660578 0 0 0 A
1.386935893 0 0 1 A
1.39305696 0 0 2 A
1.421394437 0 0 3 A
1.421394565 0 0 0 A
1.452723462 0 0 1 A
1.452835866 0 0 2 A
1.491455851 0 0 3 A
1.491456169 0 0 0 A
1.524216207 0 0 1 A
1.5242166959999999 0 0 2 A
1.554138171 0 0 3 A
1.554138546 0 0 0 A
1.597750285 0 0 1 A
1.5977507690000001 0 0 2 A
1.642385166 0 0 3 A
1.64238555 0 0 0 A
1.658708119 0 0 1 A
1.682142429 0 0 2 A
1.726406315 0 0 3 A
1.726406638 0 0 0 A
1.748233617 0 0 1 A
1.749459484 0 0 2 A
1.796240419 0 0 3 A
1.7962407900000001 0 0 0 A
1.82252551 0 0 1 A
1.824781065 0 0 2 A
1.8490959569999998 0 0 3 A
1.849096264 0 0 0 A
1.875962245 0 0 1 A
1.8982212299999999 0 0 2 A
1.9408034459999999 0 0 3 A
1.940803748 0 0 0 A
1.980566997 0 0 1 A
1.980567508 0 0 2 A
1.992729768 0 0 3 A
1.9927300780000001 0 0 0 A
2.039582821 0 0 1 A
2.04083516 0 0 2 A
2.084453164 0 0 3 A
2.084453453 0 0 0 A
2.124818852 0 0 1 A
2.131222204 0 0 2 A
2.159687066 0 0 3 A
2.159687366 0 0 0 A
2.177054404 0 0 1 A
2.17927544 0 0 2 A
2.225895872 0 0 3 A
2.225896161 0 0 0 A
2.26213738 0 0 1 A
2.268465158 0 0 2 A
2.311017795 0 0 3 A
2.311018118 0 0 0 A
2.339538143 0 0 1 A
2.339538682 0 0 2 A
2.352848181 0 0 3 A
2.35284849 0 0 0 A
2.364167125 0 0 1 A
2.3641676130000002 0 0 2 A
2.394027163 0 0 3 A
2.394027531 0 0 0 A
2.422378386 0 0 1 A
2.436612072 0 0 2 A
2.466323584 0 0 3 A
2.4663239519999998 0 0 0 A
2.5100459109999997 0 0 1 A
2.510046595 0 0 2 A
2.549697633 0 0 3 A
2.549697965 0 0 0 A
2.594494103 0 0 1 A
2.594494682 0 0 2 A
2.633325113 0 0 3 A
2.633325806 0 0 0 A
2.6780668 0 0 1 A
2.678067356 0 0 2 A
2.714671717 0 0 3 A
2.714671793 0 0 0 A
2.729087922 0 0 1 A
2.762310834 0 0 2 A
2.779704083 0 0 3 A
2.779704153 0 0 0 A
2.828455844 0 0 1 A
2.83480733 0 0 2 A
2.882440803 0 0 3 A
2.88244118 0 0 0 A
2.901062466 0 0 1 A
2.901062889 0 0 2 A
2.934336466 0 0 3 A
2.934336777 0 0 0 A
2.957876684 0 0 1 A
2.986234495 0 0 2 A
3.001525715 0 0 3 A
3.001526031 0 0 0 A
3.012367442 0 0 1 A
3.017722918 0 0 2 A
3.039020405 0 0 3 A
3.0390205200000002 0 0 0 A
3.052586425 0 0 1 A
3.093907184 0 0 2 A
3.108056337 0 0 3 A
3.108056461 0 0 0 A
3.140871786 0 0 1 A
3.154217899 0 0 2 A
3.166526304 0 0 3 A
3.166526681 0 0 0 A
3.192539891 0 0 1 A
3.224891021 0 0 2 A
3.256157741 0 0 3 A
3.256157933 0 0 0 A
3.298173993 0 0 1 A
3.298174591 0 0 2 A
3.337936337 0 0 3 A
3.3379367220000002 0 0 0 A
3.388629023 0 0 1 A
3.391782846 0 0 2 A
3.409056987 0 0 3 A
3.4090571929999998 0 0 0 A
3.449846131 0 0 1 A
3.460197522 0 0 2 A
3.5078875590000003 0 0 3 A
3.5078877349999997 0 0 0 A
3.558605323 0 0 1 A
3.558605809 0 0 2 A
3.5952669139999998 0 0 3 A
3.595267316 0 0 0 A
3.618641909 0 0 1 A
3.639866089 0 0 2 A
3.667300427 0 0 3 A
3.667300671 0 0 0 A
3.710139536 0 0 1 A
3.710140103 0 0 2 A
3.7549522250000003 0 0 3 A
3.754952365 0 0 0 A
3.799301798 0 0 1 A
3.799302164 0 0 2 A
3.838098153 0 0 3 A
3.838098523 0 0 0 A
3.851379802 0 0 1 A
3.8557461440000003 0 0 2 A
3.8780519 0 0 3 A
3.878052209 0 0 0 A
3.916028807 0 0 1 A
3.940226245 0 0 2 A
3.987588544 0 0 3 A
3.987588623 0 0 0 A
4.022120446 0 0 1 A
4.022120552 0 0 2 A
4.035297107 0 0 3 A
4.03529721 0 0 0 A
4.056559899 0 0 1 A
4.056560233 0 0 2 A
4.076150767 0 0 3 A
4.076151136 0 0 0 A
4.123874132 0 0 1 A
4.123874612 0 0 2 A
4.14641306 0 0 3 A
4.146413447 0 0 0 A
4.172167618 0 0 1 A
4.172168109 0 0 2 A
4.213885811 0 0 3 A
4.213886183 0 0 0 A
4.229231854 0 0 1 A
4.250526608 0 0 2 A
4.2748330150000005 0 0 3 A
4.27483333 0 0 0 A
4.303774024 0 0 1 A
4.305021723 0 0 2 A
4.345283353 0 0 3 A
4.345283664 0 0 0 A
4.38721528 0 0 1 A
4.395464226 0 0 2 A
4.406719215 0 0 3 A
4.406719525 0 0 0 A
4.422693398 0 0 1 A
4.447105957 0 0 2 A
4.468380557 0 0 3 A
4.468380872 0 0 0 A
4.502301125 0 0 1 A
4.528705983 0 0 2 A
4.57036294 0 0 3 A
4.570363303 0 0 0 A
4.582726649 0 0 1 A
4.587098962 0 0 2 A
4.626685846 0 0 3 A
4.62668592 0 0 0 A
4.671450134 0 0 1 A
4.696716344 0 0 2 A
4.709974792 0 0 3 A
4.709974963 0 0 0 A
4.722199656 0 0 1 A
4.722199967 0 0 2 A
4.7485649070000004 0 0 3 A
4.748565227 0 0 0 A
4.764872798 0 0 1 A
4.780220702 0 0 2 A
4.811657006 0 0 3 A
4.811657237 0 0 0 A
4.847075039 0 0 1 A
4.857233179 0 0 2 A
4.892559737 0 0 3 A
4.892559933 0 0 0 A
0.000148028 1 1 0 B
0.01841806 1 1 1 B
0.018418292 1 1 2 B
0.058062538 1 1 3 B
0.058062618 1 1 0 B
0.096569462 1 1 1 B
0.096569615 1 1 2 B
0.113064403 1 1 3 B
0.113064478 1 1 0 B
0.131487131 1 1 1 B
0.131487509 1 1 2 B
0.162146052 1 1 3 B
0.162146122 1 1 0 B
0.193440278 1 1 1 B
0.197846873 1 1 2 B
0.219382316 1 1 3 B
0.219382632 1 1 0 B
0.230691019 1 1 1 B
0.24810218 1 1 2 B
0.297755221 1 1 3 B
0.297755537 1 1 0 B
0.308173539 1 1 1 B
0.343299654 1 1 2 B
0.39288907 1 1 3 B
0.392889263 1 1 0 B
0.425219376 1 1 1 B
0.440560606 1 1 2 B
0.455875892 1 1 3 B
0.455876205 1 1 0 B
0.486749445 1 1 1 B
0.501123835 1 1 2 B
0.543727518 1 1 3 B
0.543727833 1 1 0 B
0.593366551 1 1 1 B
0.593367169 1 1 2 B
0.624004179 1 1 3 B
0.624004498 1 1 0 B
0.652330336 1 1 1 B
0.663677542 1 1 2 B
0.687999986 1 1 3 B
0.688000093 1 1 0 B
0.69919587 1 1 1 B
0.699196057 1 1 2 B
0.747649678 1 1 3 B
0.747649796 1 1 0 B
0.774291347 1 1 1 B
0.774291495 1 1 2 B
0.802872168 1 1 3 B
0.80287242 1 1 0 B
0.828228668 1 1 1 B
0.836643705 1 1 2 B
0.859061599 1 1 3 B
0.859061909 1 1 0 B
0.905950238 1 1 1 B
0.905950658 1 1 2 B
0.931659834 1 1 3 B
0.931659905 1 1 0 B
0.968291885 1 1 1 B
0.968292045 1 1 2 B
0.989569723 1 1 3 B
0.989570031 1 1 0 B
1.00335559 1 1 1 B
1.042712885 1 1 2 B
1.084270782 1 1 3 B
1.084270906 1 1 0 B
1.10983389 1 1 1 B
1.109834326 1 1 2 B
1.1424818509999999 1 1 3 B
1.142481922 1 1 0 B
1.178787157 1 1 1 B
1.183082907 1 1 2 B
1.23064935 1 1 3 B
1.230649709 1 1 0 B
1.264013421 1 1 1 B
1.276415391 1 1 2 B
1.289739719 1 1 3 B
1.28974003 1 1 0 B
1.320442783 1 1 1 B
1.361660719 1 1 2 B
1.3930569 1 1 3 B
1.393056974 1 1 0 B
1.419221201 1 1 1 B
1.421394556 1 1 2 B
1.452835888 1 1 3 B
1.452836196 1 1 0 B
1.464097617 1 1 1 B
1.491456892 1 1 2 B
1.511769561 1 1 3 B
1.511769874 1 1 0 B
1.538718681 1 1 1 B
1.55413931 1 1 2 B
1.596402883 1 1 3 B
1.596403199 1 1 0 B
1.640102426 1 1 1 B
1.642385518 1 1 2 B
1.6821415069999999 1 1 3 B
1.682141821 1 1 0 B
1.72775962 1 1 1 B
1.7277600560000002 1 1 2 B
1.74945948 1 1 3 B
1.749459793 1 1 0 B
1.76887362 1 1 1 B
1.796241365 1 1 2 B
1.824780608 1 1 3 B
1.8247810709999999 1 1 0 B
1.864482035 1 1 1 B
1.864482471 1 1 2 B
1.898220622 1 1 3 B
1.898220987 1 1 0 B
1.9115691849999998 1 1 1 B
1.940803573 1 1 2 B
1.978130434 1 1 3 B
1.978130744 1 1 0 B
2.019083612 1 1 1 B
2.019084045 1 1 2 B
2.040834442 1 1 3 B
2.040834812 1 1 0 B
2.071224221 1 1 1 B
2.08445329 1 1 2 B
2.131221609 1 1 3 B
2.131221983 1 1 0 B
2.151456624 1 1 1 B
2.1596872 1 1 2 B
2.179274936 1 1 3 B
2.1792753129999998 1 1 0 B
2.21966959 1 1 1 B
2.225895947 1 1 2 B
2.268464552 1 1 3 B
2.268464937 1 1 0 B
2.302792532 1 1 1 B
2.311017914 1 1 2 B
2.327185654 1 1 3 B
2.327185973 1 1 0 B
2.369616076 1 1 1 B
2.394027912 1 1 2 B
2.436611992 1 1 3 B
2.436612281 1 1 0 B
2.463987909 1 1 1 B
2.466324243 1 1 2 B
2.49563894 1 1 3 B
2.495639338 1 1 0 B
2.540470815 1 1 1 B
2.549697694 1 1 2 B
2.573001607 1 1 3 B
2.573001934 1 1 0 B
2.611997321 1 1 1 B
2.633325378 1 1 2 B
2.645555765 1 1 3 B
2.645556076 1 1 0 B
2.69036157 1 1 1 B
2.71467183 1 1 2 B
2.762310733 1 1 3 B
2.762310809 1 1 0 B
2.797182148 1 1 1 B
2.797182252 1 1 2 B
2.834806631 1 1 3 B
2.834806949 1 1 0 B
2.873173526 1 1 1 B
2.882441288 1 1 2 B
2.899762239 1 1 3 B
2.899762614 1 1 0 B
2.942508536 1 1 1 B
2.942508968 1 1 2 B
2.986234335 1 1 3 B
2.986234722 1 1 0 B
3.004012387 1 1 1 B
3.004012833 1 1 2 B
3.017722831 1 1 3 B
3.017722913 1 1 0 B
3.051292418 1 1 1 B
3.05129268 1 1 2 B
3.093906962 1 1 3 B
3.093907138 1 1 0 B
3.122459499 1 1 1 B
3.122459672 1 1 2 B
3.15421755 1 1 3 B
3.154217944 1 1 0 B
3.175018387 1 1 1 B
3.175018907 1 1 2 B
3.224890816 1 1 3 B
3.224890993 1 1 0 B
3.259551488 1 1 1 B
3.259551831 1 1 2 B
3.271857873 1 1 3 B
3.271858182 1 1 0 B
3.310540594 1 1 1 B
3.3379370489999998 1 1 2 B
3.355103165 1 1 3 B
3.355103482 1 1 0 B
3.3743033159999998 1 1 1 B
3.374303416 1 1 2 B
3.391782669 1 1 3 B
3.391782787 1 1 0 B
3.417421976 1 1 1 B
3.417422358 1 1 2 B
3.460196679 1 1 3 B
3.460197056 1 1 0 B
3.472534015 1 1 1 B
3.507887814 1 1 2 B
3.533195211 1 1 3 B
3.533195338 1 1 0 B
3.569965973 1 1 1 B
3.595267902 1 1 2 B
3.639865687 1 1 3 B
3.639865925 1 1 0 B
3.666148858 1 1 1 B
3.667300777 1 1 2 B
3.679619085 1 1 3 B
3.679619396 1 1 0 B
3.713608044 1 1 1 B
3.754952456 1 1 2 B
3.7761237899999998 1 1 3 B
3.776123893 1 1 0 B
3.825691903 1 1 1 B
3.838099008 1 1 2 B
3.85574587 1 1 3 B
3.855746174 1 1 0 B
3.903541426 1 1 1 B
3.90354185 1 1 2 B
3.940226135 1 1 3 B
3.94022621 1 1 0 B
3.954330412 1 1 1 B
3.9875886830000002 1 1 2 B
4.012800456 1 1 3 B
4.012800528 1 1 0 B
4.057840325 1 1 1 B
4.07615168 1 1 2 B
4.119369095 1 1 3 B
4.119369421 1 1 0 B
4.145236995 1 1 1 B
4.146413367 1 1 2 B
4.16468744 1 1 3 B
4.164687793 1 1 0 B
4.19763352 1 1 1 B
4.213886522 1 1 2 B
4.250526228 1 1 3 B
4.250526635 1 1 0 B
4.283282056 1 1 1 B
4.283282489 1 1 2 B
4.305021655 1 1 3 B
4.305022031 1 1 0 B
4.347739087 1 1 1 B
4.347739512 1 1 2 B
4.395463864 1 1 3 B
4.395464305 1 1 0 B
4.412220571 1 1 1 B
4.412220995 1 1 2 B
4.447105415 1 1 3 B
4.447105795 1 1 0 B
4.490892403 1 1 1 B
4.490892819 1 1 2 B
4.528705793 1 1 3 B
4.528706174 1 1 0 B
4.56106959 1 1 1 B
4.570363364 1 1 2 B
4.587098587 1 1 3 B
4.587098977 1 1 0 B
4.608393517 1 1 1 B
4.626685977 1 1 2 B
4.644083891 1 1 3 B
4.644083959 1 1 0 B
4.665312889 1 1 1 B
4.665313051 1 1 2 B
4.696716074 1 1 3 B
4.696716265 1 1 0 B
4.723288095 1 1 1 B
4.748565407 1 1 2 B
4.780220623 1 1 3 B
4.780220843 1 1 0 B
4.803442122 1 1 1 B
4.81165809 1 1 2 B
4.857233079 1 1 3 B
4.857233177 1 1 0 B
4.891376943 1 1 1 B
4.892559923 1 1 2 B
4.905862633 1 1 3 B
4.905862954 1 1 0 B
4.92117579 1 1 1 B
4.921176212 1 1 2 B
4.964452745 1 1 3 B
4.964453059 1 1 0 B
4.983766222 1 1 1 B
4.983766658 1 1 2 B
4.9990712219999995 1 1 3 B
4.999071532 1 1 0 B
5.03431365 1 1 1 B
5.03431408 1 1 2 B
5.054600318 1 1 3 B
5.05460063 1 1 0 B
5.100909424 1 1 1 B
5.100909586 1 1 2 B
5.119167186 1 1 3 B
5.11916747 1 1 0 B
5.136372423 1 1 1 B
5.136372853 1 1 2 B
5.150659122 1 1 3 B
5.150659429 1 1 0 B
5.190984371 1 1 1 B
5.190984807 1 1 2 B
5.2172279 1 1 3 B
5.217228206 1 1 0 B
5.235396509 1 1 1 B
5.235396899 1 1 2 B
5.269707047 1 1 3 B
5.269707361 1 1 0 B
5.315010249 1 1 1 B
5.315010733 1 1 2 B
5.328271126 1 1 3 B
5.328271447 1 1 0 B
5.356433011 1 1 1 B
5.35643343 1 1 2 B
5.372733322 1 1 3 B
5.372733637 1 1 0 B
5.415038526 1 1 1 B
5.415038958 1 1 2 B
5.452253874 1 1 3 B
5.452254201 1 1 0 B
5.501552 1 1 1 B
5.501552424 1 1 2 B
5.522853418 1 1 3 B
5.522853732 1 1 0 B
5.558228283 1 1 1 B
5.558228711 1 1 2 B
5.594457285 1 1 3 B
5.594457605 1 1 0 B
5.619764291 1 1 1 B
5.619764712 1 1 2 B
5.654076246 1 1 3 B
5.654076558 1 1 0 B
5.685334561 1 1 1 B
5.685335069 1 1 2 B
5.696502113 1 1 3 B
5.696502356 1 1 0 B
5.7128039170000005 1 1 1 B
5.712804334 1 1 2 B
5.753104787 1 1 3 B
5.7531051 1 1 0 B
5.7753826230000005 1 1 1 B
5.775383037 1 1 2 B
5.789697061 1 1 3 B
5.789697369 1 1 0 B
5.833004076 1 1 1 B
5.833004492 1 1 2 B
5.858267498 1 1 3 B
5.858267813 1 1 0 B
5.903506578 1 1 1 B
5.903506992 1 1 2 B
5.925810988 1 1 3 B
5.925811297 1 1 0 B
5.9641557160000005 1 1 1 B
5.964156146 1 1 2 B
6.003364351 1 1 3 B
6.003364661 1 1 0 B
6.016684796 1 1 1 B
6.016685295 1 1 2 B
6.049989567 1 1 3 B
6.049989889 1 1 0 B
6.067229985 1 1 1 B
6.067230403 1 1 2 B
6.084533436 1 1 3 B
6.084533752 1 1 0 B
6.119846011 1 1 1 B
6.119846435 1 1 2 B
6.136156821 1 1 3 B
6.136157129 1 1 0 B
6.169430795 1 1 1 B
6.169431224 1 1 2 B
6.21069009 1 1 3 B
6.210690437 1 1 0 B
6.257001428 1 1 1 B
6.257001894 1 1 2 B
6.276233466 1 1 3 B
6.276233786 1 1 0 B
6.302443741 1 1 1 B
6.302444134 1 1 2 B
6.317604807 1 1 3 B
6.317605112 1 1 0 B
-1 2 2 4 LocalSection;EntryProtocol;CriticalSection;ExitProtocol;EXTRA_LABEL;
