0.000162489 1 1 0 B
0.031900049 1 1 1 B
0.039290491 1 1 2 B
0.050600328 1 1 3 B
0.05060071 1 1 0 B
0.062880962 1 1 1 B
0.07597818 1 1 2 B
0.094298984 1 1 3 B
0.094299298 1 1 0 B
0.134330931 1 1 1 B
0.16074066 1 1 2 B
0.207399883 1 1 3 B
0.207400194 1 1 0 B
0.233085671 1 1 1 B
0.233086143 1 1 2 B
0.268874793 1 1 3 B
0.268874968 1 1 0 B
0.288031383 1 1 1 B
0.310304061 1 1 2 B
0.351591475 1 1 3 B
0.351591605 1 1 0 B
0.39614272 1 1 1 B
0.396143245 1 1 2 B
0.416443632 1 1 3 B
0.41644394 1 1 0 B
0.451309699 1 1 1 B
0.466722524 1 1 2 B
0.483903132 1 1 3 B
0.483903445 1 1 0 B
0.512111603 1 1 1 B
0.512112039 1 1 2 B
0.540632222 1 1 3 B
0.540632462 1 1 0 B
0.554874513 1 1 1 B
0.562206616 1 1 2 B
0.603916091 1 1 3 B
0.603916535 1 1 0 B
0.644484095 1 1 1 B
0.644484649 1 1 2 B
0.661830149 1 1 3 B
0.661830463 1 1 0 B
0.681671332 1 1 1 B
0.682890793 1 1 2 B
0.718505545 1 1 3 B
0.718505922 1 1 0 B
0.750316758 1 1 1 B
0.75031724 1 1 2 B
0.793008624 1 1 3 B
0.793008775 1 1 0 B
0.811374678 1 1 1 B
0.827590714 1 1 2 B
0.874868238 1 1 3 B
0.874868378 1 1 0 B
0.911636185 1 1 1 B
0.911636665 1 1 2 B
0.951311426 1 1 3 B
0.951311877 1 1 0 B
0.967668984 1 1 1 B
0.982014222 1 1 2 B
1.022798802 1 1 3 B
1.022799179 1 1 0 B
1.038418195 1 1 1 B
1.038418674 1 1 2 B
1.056673598 1 1 3 B
1.056673916 1 1 0 B
1.083441248 1 1 1 B
1.123799947 1 1 2 B
1.160280319 1 1 3 B
1.1602804039999999 1 1 0 B
1.193965109 1 1 1 B
1.193965241 1 1 2 B
1.215455003 1 1 3 B
1.215455251 1 1 0 B
1.239281426 1 1 1 B
1.239281989 1 1 2 B
1.257450038 1 1 3 B
1.257450359 1 1 0 B
1.307336575 1 1 1 B
1.30733706 1 1 2 B
1.3570309329999999 1 1 3 B
1.357031171 1 1 0 B
1.373169538 1 1 1 B
1.383376978 1 1 2 B
1.407605727 1 1 3 B
1.407605846 1 1 0 B
1.441359481 1 1 1 B
1.458774215 1 1 2 B
1.5003101939999999 1 1 3 B
1.500310392 1 1 0 B
1.524585955 1 1 1 B
1.5256764999999999 1 1 2 B
1.555934113 1 1 3 B
1.5559344290000001 1 1 0 B
1.582802198 1 1 1 B
1.5828026739999999 1 1 2 B
1.610393972 1 1 3 B
1.610394049 1 1 0 B
1.639994346 1 1 1 B
1.639994584 1 1 2 B
1.6522501250000001 1 1 3 B
1.652250241 1 1 0 B
1.667553334 1 1 1 B
1.6738804250000001 1 1 2 B
1.714158715 1 1 3 B
1.714159022 1 1 0 B
1.725683665 1 1 1 B
1.7420309459999999 1 1 2 B
1.761361257 1 1 3 B
1.761361756 1 1 0 B
1.7907188600000001 1 1 1 B
1.7939147850000001 1 1 2 B
1.808152663 1 1 3 B
1.8081530890000002 1 1 0 B
1.8512415290000002 1 1 1 B
1.851242086 1 1 2 B
1.8801309229999998 1 1 3 B
1.8801313039999998 1 1 0 B
1.908842549 1 1 1 B
1.9088431799999999 1 1 2 B
1.921137124 1 1 3 B
1.921137559 1 1 0 B
1.956992544 1 1 1 B
1.9569931710000001 1 1 2 B
1.9865717360000001 1 1 3 B
1.986572022 1 1 0 B
2.027358519 1 1 1 B
2.027359 1 1 2 B
2.070146602 1 1 3 B
2.07014698 1 1 0 B
2.120028532 1 1 1 B
2.13425497 1 1 2 B
2.18095752 1 1 3 B
2.180957766 1 1 0 B
2.217414808 1 1 1 B
2.217415495 1 1 2 B
2.245121596 1 1 3 B
2.245121839 1 1 0 B
2.258491422 1 1 1 B
2.258491749 1 1 2 B
2.306932657 1 1 3 B
2.306932758 1 1 0 B
2.336742868 1 1 1 B
2.336742991 1 1 2 B
2.387372081 1 1 3 B
2.387372461 1 1 0 B
2.41076105 1 1 1 B
2.412970558 1 1 2 B
2.424311385 1 1 3 B
2.424311699 1 1 0 B
2.464310797 1 1 1 B
2.464311268 1 1 2 B
2.511021177 1 1 3 B
2.511021544 1 1 0 B
2.537425886 1 1 1 B
2.537426133 1 1 2 B
2.5587322869999998 1 1 3 B
2.5587324320000002 1 1 0 B
2.589119911 1 1 1 B
2.589160782 1 1 2 B
2.614824428 1 1 3 B
2.614824844 1 1 0 B
2.627175598 1 1 1 B
2.631399873 1 1 2 B
2.649700748 1 1 3 B
2.649701059 1 1 0 B
2.663960945 1 1 1 B
2.663961429 1 1 2 B
2.678483621 1 1 3 B
2.678483988 1 1 0 B
2.704879428 1 1 1 B
2.725023514 1 1 2 B
2.750747823 1 1 3 B
2.7507481990000002 1 1 0 B
2.77641528 1 1 1 B
2.776416064 1 1 2 B
2.810078877 1 1 3 B
2.810079203 1 1 0 B
2.845889555 1 1 1 B
2.845890041 1 1 2 B
2.872811783 1 1 3 B
2.872812224 1 1 0 B
2.885078385 1 1 1 B
2.8942246689999997 1 1 2 B
2.921880511 1 1 3 B
2.921880873 1 1 0 B
2.967398227 1 1 1 B
2.96739888 1 1 2 B
2.98304195 1 1 3 B
2.983042279 1 1 0 B
3.017431088 1 1 1 B
3.028823739 1 1 2 B
3.052472269 1 1 3 B
3.052472658 1 1 0 B
3.096298768 1 1 1 B
3.096299262 1 1 2 B
3.12445944 1 1 3 B
3.124459765 1 1 0 B
3.174832474 1 1 1 B
3.193215232 1 1 2 B
3.225907898 1 1 3 B
3.225908285 1 1 0 B
3.272636055 1 1 1 B
3.272636533 1 1 2 B
3.291526633 1 1 3 B
3.291526995 1 1 0 B
3.318959847 1 1 1 B
3.330193856 1 1 2 B
3.367548866 1 1 3 B
3.367549185 1 1 0 B
3.402451986 1 1 1 B
3.409756494 1 1 2 B
3.431960893 1 1 3 B
3.431960998 1 1 0 B
3.479901396 1 1 1 B
3.479901982 1 1 2 B
3.5148200750000003 1 1 3 B
3.514820314 1 1 0 B
3.555393981 1 1 1 B
3.555394447 1 1 2 B
3.576169376 1 1 3 B
3.5761696880000002 1 1 0 B
3.6014865670000002 1 1 1 B
3.610783608 1 1 2 B
3.6459891779999998 1 1 3 B
3.645989352 1 1 0 B
3.685747397 1 1 1 B
3.698039559 1 1 2 B
3.732744473 1 1 3 B
3.732744786 1 1 0 B
3.767471144 1 1 1 B
3.76747172 1 1 2 B
3.796802733 1 1 3 B
3.796803049 1 1 0 B
3.844420816 1 1 1 B
3.849799731 1 1 2 B
3.893196496 1 1 3 B
3.893196635 1 1 0 B
0.000175903 0 0 0 A
0.013484817 0 0 1 A
0.013485358 0 0 2 A
0.039289669 0 0 3 A
0.039289981 0 0 0 A
0.062834623 0 0 1 A
0.062835245 0 0 2 A
0.075976408 0 0 3 A
0.075977083 0 0 0 A
0.122815118 0 0 1 A
0.122815553 0 0 2 A
0.160740533 0 0 3 A
0.16074084 0 0 0 A
0.178999233 0 0 1 A
0.207400779 0 0 2 A
0.222673761 0 0 3 A
0.222674073 0 0 0 A
0.236574703 0 0 1 A
0.268875205 0 0 2 A
0.310303864 0 0 3 A
0.310303957 0 0 0 A
0.360877351 0 0 1 A
0.360877627 0 0 2 A
0.396090036 0 0 3 A
0.396090349 0 0 0 A
0.417816809 0 0 1 A
0.417817219 0 0 2 A
0.466722061 0 0 3 A
0.46672237 0 0 0 A
0.513254136 0 0 1 A
0.540632602 0 0 2 A
0.562206427 0 0 3 A
0.562206634 0 0 0 A
0.589521626 0 0 1 A
0.603916634 0 0 2 A
0.62411569 0 0 3 A
0.624116002 0 0 0 A
0.666144592 0 0 1 A
0.666145017 0 0 2 A
0.682890658 0 0 3 A
0.682890973 0 0 0 A
0.716116816 0 0 1 A
0.71850586 0 0 2 A
0.741825636 0 0 3 A
0.741825948 0 0 0 A
0.760805278 0 0 1 A
0.793008747 0 0 2 A
0.827590662 0 0 3 A
0.827590737 0 0 0 A
0.87493731 0 0 1 A
0.874937537 0 0 2 A
0.898328513 0 0 3 A
0.898328825 0 0 0 A
0.943043396 0 0 1 A
0.951311707 0 0 2 A
0.982014086 0 0 3 A
0.982014402 0 0 0 A
1.009371532 0 0 1 A
1.022798877 0 0 2 A
1.037067659 0 0 3 A
1.037067984 0 0 0 A
1.077943623 0 0 1 A
1.077944055 0 0 2 A
1.123799754 0 0 3 A
1.12379991 0 0 0 A
1.138008026 0 0 1 A
1.160280458 0 0 2 A
1.190630138 0 0 3 A
1.1906302229999999 0 0 0 A
1.213204995 0 0 1 A
1.215455337 0 0 2 A
1.235776555 0 0 3 A
1.235776874 0 0 0 A
1.270758043 0 0 1 A
1.270758469 0 0 2 A
1.284020805 0 0 3 A
1.28402112 0 0 0 A
1.3197065270000001 0 0 1 A
1.357031146 0 0 2 A
1.3833769249999999 0 0 3 A
1.383376994 0 0 0 A
1.411924233 0 0 1 A
1.411924421 0 0 2 A
1.458773987 0 0 3 A
1.458774382 0 0 0 A
1.471959697 0 0 1 A
1.500310495 0 0 2 A
1.525676479 0 0 3 A
1.5256766430000002 0 0 0 A
1.5673275800000002 0 0 1 A
1.5673281220000002 0 0 2 A
1.58162681 0 0 3 A
1.581627121 0 0 0 A
1.595199627 0 0 1 A
1.610394113 0 0 2 A
1.627797867 0 0 3 A
1.627797965 0 0 0 A
1.643170477 0 0 1 A
1.652250177 0 0 2 A
1.673879994 0 0 3 A
1.673880204 0 0 0 A
1.715319408 0 0 1 A
1.715319902 0 0 2 A
1.742030223 0 0 3 A
1.7420306129999998 0 0 0 A
1.761474469 0 0 1 A
1.7614748439999999 0 0 2 A
1.793914689 0 0 3 A
1.793914994 0 0 0 A
1.814682929 0 0 1 A
1.814683387 0 0 2 A
1.828939645 0 0 3 A
1.8289399560000001 0 0 0 A
1.856736148 0 0 1 A
1.880131609 0 0 2 A
1.899435759 0 0 3 A
1.899436116 0 0 0 A
1.934442633 0 0 1 A
1.934443197 0 0 2 A
1.951747125 0 0 3 A
1.9517475370000001 0 0 0 A
1.98235933 0 0 1 A
1.986571877 0 0 2 A
2.008880878 0 0 3 A
2.008881192 0 0 0 A
2.057825316 0 0 1 A
2.070147364 0 0 2 A
2.085459864 0 0 3 A
2.085460256 0 0 0 A
2.104768125 0 0 1 A
2.10476869 0 0 2 A
2.134254869 0 0 3 A
2.134255173 0 0 0 A
2.155610239 0 0 1 A
2.1809578370000002 0 0 2 A
2.200224419 0 0 3 A
2.20022469 0 0 0 A
2.218747351 0 0 1 A
2.245122071 0 0 2 A
2.258421957 0 0 3 A
2.258422164 0 0 0 A
2.269684401 0 0 1 A
2.3069328110000002 0 0 2 A
2.323264581 0 0 3 A
2.323264662 0 0 0 A
2.368997238 0 0 1 A
2.387372722 0 0 2 A
2.412970201 0 0 3 A
2.412970594 0 0 0 A
2.434827575 0 0 1 A
2.434828004 0 0 2 A
2.455032249 0 0 3 A
2.455032564 0 0 0 A
2.504843494 0 0 1 A
2.511021392 0 0 2 A
2.521194751 0 0 3 A
2.521195168 0 0 0 A
2.5638760290000002 0 0 1 A
2.563876299 0 0 2 A
2.589160789 0 0 3 A
2.589161089 0 0 0 A
2.6024636230000002 0 0 1 A
2.614825191 0 0 2 A
2.631399792 0 0 3 A
2.631400078 0 0 0 A
2.669077699 0 0 1 A
2.678484124 0 0 2 A
2.725023442 0 0 3 A
2.725023741 0 0 0 A
2.739328703 0 0 1 A
2.750748383 0 0 2 A
2.766014556 0 0 3 A
2.766014972 0 0 0 A
2.794849955 0 0 1 A
2.8100789600000002 0 0 2 A
2.832380649 0 0 3 A
2.832380965 0 0 0 A
2.859379959 0 0 1 A
2.872812081 0 0 2 A
2.894224442 0 0 3 A
2.894224728 0 0 0 A
2.913584862 0 0 1 A
2.921880952 0 0 2 A
2.945999104 0 0 3 A
2.945999508 0 0 0 A
2.980822598 0 0 1 A
2.9830421 0 0 2 A
3.028823128 0 0 3 A
3.028823448 0 0 0 A
3.040056997 0 0 1 A
3.052472725 0 0 2 A
3.084800349 0 0 3 A
3.084800672 0 0 0 A
3.13076213 0 0 1 A
3.130762557 0 0 2 A
3.144018724 0 0 3 A
3.144019038 0 0 0 A
3.161302041 0 0 1 A
3.161302474 0 0 2 A
3.193215107 0 0 3 A
3.193215473 0 0 0 A
3.218568366 0 0 1 A
3.225908473 0 0 2 A
3.245191096 0 0 3 A
3.245191407 0 0 0 A
3.28711691 0 0 1 A
3.291526837 0 0 2 A
3.330193693 0 0 3 A
3.330194004 0 0 0 A
3.371991848 0 0 1 A
3.371992265 0 0 2 A
3.409756387 0 0 3 A
3.409756464 0 0 0 A
3.43935512 0 0 1 A
3.4393552769999998 0 0 2 A
3.4706512099999998 0 0 3 A
3.470651525 0 0 0 A
3.484389247 0 0 1 A
3.514820295 0 0 2 A
3.530948273 0 0 3 A
3.530948479 0 0 0 A
3.557894504 0 0 1 A
3.57616945 0 0 2 A
3.610783504 0 0 3 A
3.610783576 0 0 0 A
3.653372618 0 0 1 A
3.653372917 0 0 2 A
3.698039197 0 0 3 A
3.698039511 0 0 0 A
3.723395482 0 0 1 A
3.732744924 0 0 2 A
3.7630064130000003 0 0 3 A
3.763006733 0 0 0 A
3.804062376 0 0 1 A
3.804062798 0 0 2 A
3.849799653 0 0 3 A
3.849799722 0 0 0 A
3.8710216109999998 0 0 1 A
3.8931966989999998 0 0 2 A
3.94049921 0 0 3 A
3.940499525 0 0 0 A
3.9596651449999998 0 0 1 A
3.959665563 0 0 2 A
3.972989745 0 0 3 A
3.972990208 0 0 0 A
3.984278817 0 0 1 A
3.984279442 0 0 2 A
4.01858612 0 0 3 A
4.018586487 0 0 0 A
4.060891639 0 0 1 A
4.060892234 0 0 2 A
4.073140595 0 0 3 A
4.073140963 0 0 0 A
4.115465149 0 0 1 A
4.1154656020000004 0 0 2 A
4.162774084 0 0 3 A
4.162774396 0 0 0 A
4.174003615 0 0 1 A
4.174004039 0 0 2 A
4.210300075 0 0 3 A
4.210300391 0 0 0 A
4.22759396 0 0 1 A
4.227594597 0 0 2 A
4.27589196 0 0 3 A
4.275892275 0 0 0 A
4.3211993060000005 0 0 1 A
4.321199732 0 0 2 A
4.364505606 0 0 3 A
4.364505914 0 0 0 A
4.398830521 0 0 1 A
4.398830947 0 0 2 A
4.423123721 0 0 3 A
4.423124032 0 0 0 A
-1 2 2 4 LocalSection;EntryProtocol;CriticalSection;ExitProtocol;EXTRA_LABEL;
